1000 30
52 1 60 15 54 22 18 8 19 58 41 28 56 29 24 39 31 4 6 35 22 9 41 18 9 51 18 28 46 27
2 44 23 41 57 39 44 18 10 45 41 47 14 28 3 20 52 38 25 33 2 14 53 43 36 1 47 19 12 1
33 48 8 50 38 22 35 50 3 54 3 56 38 53 23 60 45 37 42 30 56 8 46 18 16 40 9 49 7 44
39 37 55 60 59 40 27 1 40 26 31 16 52 17 50 25 8 41 2 13 23 5 43 59 51 52 35 50 48 46
2 49 48 14 2 57 40 30 56 19 2 19 14 31 14 60 49 14 38 23 8 14 2 60 36 27 4 49 33 22
41 28 20 49 24 18 13 40 8 28 3 51 4 5 5 3 36 19 13 26 36 57 25 6 3 57 7 53 36 23
23 54 19 5 35 39 10 32 7 41 25 23 38 17 39 18 33 41 32 14 27 10 23 25 37 4 50 38 3 53
44 20 23 6 34 2 15 23 1 52 39 43 13 49 47 35 8 52 48 7 41 27 23 13 44 44 32 54 35 6
20 12 54 8 12 21 32 48 24 30 39 30 23 24 40 3 52 26 16 42 23 59 39 8 9 31 17 49 6 48
2 6 7 19 44 9 21 43 60 34 38 6 8 46 39 34 51 15 55 37 37 56 54 5 11 19 42 21 22 24
60 4 46 31 46 32 28 50 43 59 9 1 54 39 9 29 28 7 37 47 3 5 15 57 7 27 12 6 11 47
58 40 18 14 7 11 9 50 37 54 7 10 56 49 29 49 22 27 53 47 9 13 1 42 42 42 18 1 1 3
22 40 7 47 11 9 26 44 23 57 54 6 4 49 29 57 54 3 60 21 31 50 27 35 14 60 51 9 23 57
9 4 16 22 59 15 39 58 9 27 55 54 34 14 17 21 21 15 38 17 55 24 49 57 55 32 31 57 30 1
37 48 43 41 57 59 38 27 31 13 7 48 38 3 43 33 20 12 59 44 1 15 25 10 55 25 47 51 51 41
55 37 31 44 26 55 59 46 56 26 41 22 39 32 11 4 19 35 33 25 47 1 59 47 38 1 6 46 32 19
53 56 2 55 4 1 53 37 41 25 41 22 32 32 19 58 12 8 15 3 58 60 10 60 22 57 50 24 13 24
4 34 2 51 42 5 55 44 23 21 19 23 34 34 56 17 40 8 10 7 50 42 1 8 33 21 30 12 39 14
34 21 57 23 7 41 39 55 23 47 15 44 13 54 34 24 58 57 21 7 47 51 3 7 54 21 44 43 54 27
35 6 41 5 53 4 12 33 60 4 31 43 27 58 19 18 33 6 24 3 8 24 16 50 22 23 29 3 22 45
7 52 8 22 24 52 50 22 31 6 23 27 14 13 4 56 30 25 25 18 35 44 25 11 51 52 21 23 58 7
53 37 27 21 38 15 28 48 6 13 35 33 56 57 27 39 45 39 6 30 49 39 12 39 47 14 27 3 36 40
15 43 4 26 2 17 46 26 31 45 45 16 15 56 4 55 17 48 11 3 21 34 37 5 45 24 14 7 26 20
23 17 50 55 26 4 18 3 10 48 46 26 44 20 12 19 30 47 33 29 40 16 44 13 19 51 21 45 56 19
38 59 7 10 34 58 43 58 32 45 24 35 7 30 24 30 48 6 19 34 34 47 55 20 7 36 48 3 19 21
21 20 18 38 45 5 41 49 17 26 48 43 60 17 10 4 28 60 3 45 43 53 31 34 47 33 8 49 33 56
48 30 22 6 52 47 17 52 2 41 37 5 20 1 52 9 53 44 24 54 12 31 9 9 53 12 6 59 36 53
49 49 15 32 17 16 13 38 12 18 47 32 34 57 17 25 54 31 3 20 16 7 17 36 36 9 27 15 60 21
32 56 53 46 34 27 60 8 50 8 13 11 1 21 37 36 38 46 42 38 59 60 30 35 30 19 10 23 25 56
55 60 34 32 41 15 20 55 13 28 56 7 48 29 35 50 19 41 29 54 25 15 31 44 9 32 22 13 56 12
24 23 36 24 32 34 55 8 10 41 53 42 41 36 57 12 40 55 22 42 58 45 44 24 1 47 55 33 54 32
55 42 39 26 33 24 16 19 41 32 8 46 18 4 50 52 21 14 42 17 21 21 40 31 4 46 24 50 6 23
48 59 17 51 26 50 58 57 44 27 5 28 2 50 34 28 2 25 4 27 45 57 4 30 20 26 40 17 2 20
28 18 55 3 49 24 11 3 60 45 7 50 58 55 23 27 3 21 35 28 46 57 3 53 3 44 9 7 10 40
40 5 21 43 36 18 49 15 31 49 50 45 24 4 17 22 36 28 23 34 50 34 16 58 22 57 5 20 27 27
57 54 40 37 40 47 22 13 57 6 22 7 17 30 21 28 42 23 46 1 44 15 35 59 4 8 41 23 4 32
24 21 24 31 46 2 3 17 7 9 48 28 53 11 38 2 12 40 38 39 40 44 17 35 25 15 47 29 13 12
29 9 48 48 59 24 20 50 41 35 30 38 5 17 41 55 17 14 31 17 12 55 22 50 1 56 3 48 54 33
51 56 31 7 16 48 51 33 16 59 15 43 45 56 17 54 31 2 29 32 30 1 32 15 11 10 22 20 36 42
1 57 42 33 18 19 14 7 40 29 29 22 17 30 60 24 25 8 53 43 27 20 55 12 15 48 3 58 52 18
59 33 14 34 57 25 2 37 6 52 15 14 29 10 27 37 58 2 16 1 13 24 43 33 21 32 38 28 4 20
41 44 36 25 25 52 38 13 21 52 17 57 7 29 50 30 56 34 60 32 48 39 57 26 16 33 26 15 6 3
47 2 17 7 41 33 13 16 18 31 55 22 3 53 7 40 30 60 42 52 40 7 24 39 42 2 50 3 48 59
5 17 24 6 22 46 1 28 56 54 57 26 1 50 46 45 55 28 4 30 31 40 29 56 38 5 58 26 45 27
32 10 52 2 11 38 31 43 24 43 25 14 26 29 13 43 46 51 50 59 40 13 30 1 20 13 35 9 39 31
27 15 34 39 8 47 20 23 47 21 38 38 34 51 42 33 39 55 24 54 16 17 39 18 13 26 50 29 53 9
9 52 17 55 11 45 36 56 25 33 2 23 38 26 38 44 60 45 51 41 49 5 57 6 59 9 43 31 18 36
2 4 1 3 28 13 10 42 16 42 59 3 13 40 49 10 53 45 31 40 9 7 7 2 3 3 24 37 56 8
19 42 5 17 17 33 3 53 35 42 56 5 11 59 15 48 26 39 47 53 13 49 51 21 10 20 44 59 35 43
50 18 8 17 22 26 49 24 60 15 60 8 26 36 56 43 10 8 22 39 46 44 40 42 50 6 48 15 3 14
16 16 36 31 40 24 2 17 57 16 8 11 30 57 48 2 25 53 28 23 9 51 12 42 27 51 41 19 24 55
19 48 28 25 3 26 27 22 27 48 49 56 21 9 15 48 7 27 57 35 27 16 22 15 26 29 33 13 10 38
9 45 16 12 27 16 46 33 41 33 42 15 22 43 55 2 49 40 41 51 38 34 40 53 54 5 14 37 8 3
21 48 29 42 25 33 13 60 54 55 45 11 54 50 31 7 26 12 50 37 48 12 33 55 58 12 28 6 19 15
3 57 3 16 55 56 40 13 23 6 42 28 1 21 7 41 15 37 38 46 40 56 2 27 57 56 42 7 10 17
28 12 10 58 46 44 47 37 54 17 6 13 48 40 44 35 19 43 10 27 14 16 48 9 18 30 55 54 58 23
50 32 43 24 7 13 39 39 18 55 21 59 59 30 29 26 3 9 44 44 53 3 37 19 53 37 52 32 4 11
4 54 15 8 26 52 51 23 48 34 30 50 15 53 56 6 55 11 11 28 20 59 22 24 34 45 54 10 16 17
20 60 26 41 33 26 12 32 45 49 44 29 59 11 40 41 38 4 46 49 8 43 57 15 44 59 4 31 45 54
34 56 16 54 43 31 6 33 27 51 25 9 55 38 2 23 13 40 54 3 32 11 46 26 19 40 43 6 32 45
12 2 12 40 36 54 27 22 43 32 55 2 43 41 1 21 5 59 60 1 51 40 41 39 3 40 13 41 31 23
20 2 34 11 30 39 18 53 60 55 9 51 58 1 50 7 33 42 45 55 40 48 14 60 52 42 39 56 46 54
4 6 10 32 7 38 59 15 4 33 12 15 21 15 45 15 33 42 4 1 15 43 12 14 2 19 32 44 8 37
40 15 54 37 36 11 23 38 46 10 20 60 10 35 28 37 7 2 32 32 35 28 17 10 57 29 33 14 13 17
30 24 32 9 44 52 53 23 10 44 27 51 48 42 28 50 12 21 44 3 56 53 19 14 13 7 49 27 48 54
1 5 46 8 17 30 38 32 1 57 6 44 17 18 58 19 5 8 11 24 44 48 38 8 35 12 22 19 36 52
20 48 10 55 56 2 26 37 44 45 16 24 51 38 17 60 47 31 35 22 48 58 45 9 19 3 51 17 60 11
2 44 52 39 46 3 21 58 36 48 47 53 47 52 19 20 60 53 48 6 5 27 45 59 49 3 51 60 29 6
22 39 9 18 31 8 49 33 45 34 19 10 11 51 18 2 55 54 40 46 2 40 25 16 17 46 27 20 16 41
42 33 27 30 39 46 37 9 39 53 12 12 25 7 24 35 15 35 31 42 2 13 32 25 41 9 27 56 21 48
36 49 27 30 12 27 53 47 26 13 58 53 7 30 49 44 32 14 3 34 25 19 3 18 13 56 19 7 39 49
42 43 19 37 51 4 21 44 60 6 10 6 47 21 32 60 21 52 35 2 37 25 8 17 44 7 20 28 56 56
21 33 17 37 5 2 59 41 26 20 6 55 33 36 12 52 57 54 32 28 37 52 26 50 7 47 10 3 19 14
20 26 42 54 51 16 1 51 42 2 40 41 46 16 37 22 17 34 36 12 40 45 44 12 42 55 7 40 10 25
42 51 22 54 60 29 8 6 58 56 21 31 7 13 7 41 53 39 20 29 27 7 32 26 32 31 46 16 19 30
42 9 10 24 4 22 7 33 18 32 43 13 18 52 18 14 26 55 38 27 7 57 47 26 35 48 7 54 47 6
50 11 30 18 47 23 57 22 15 47 26 15 59 17 46 36 22 32 6 33 59 42 12 55 3 43 42 32 17 57
4 12 12 25 22 49 48 13 42 54 15 40 8 53 31 42 10 30 18 39 50 12 43 57 23 39 23 36 13 29
51 8 17 16 49 8 39 12 27 14 3 14 45 31 59 41 24 35 27 30 33 16 2 54 50 36 45 59 17 9
52 37 43 14 22 37 16 5 32 40 19 14 47 55 38 41 43 38 43 38 12 26 15 37 37 43 13 58 47 23
28 23 51 59 32 4 10 10 49 59 11 18 45 40 27 9 5 14 32 21 17 44 31 1 50 57 37 55 29 57
57 32 43 5 35 60 13 15 23 17 42 57 45 40 52 59 15 36 14 25 10 25 35 24 49 27 42 5 23 42
18 20 30 25 3 35 27 9 33 5 51 46 35 35 51 14 28 14 57 55 19 1 30 4 4 14 53 52 38 6
16 9 1 51 24 51 6 46 38 30 9 47 10 7 60 25 49 14 28 35 19 52 56 59 3 43 3 32 34 22
59 34 46 11 8 56 12 26 60 1 23 52 31 26 3 40 50 43 53 57 48 18 55 50 16 43 38 52 51 58
9 48 9 60 6 46 29 23 59 5 50 60 16 34 56 17 19 10 23 17 54 5 1 26 58 46 45 45 14 6
9 31 29 26 34 55 2 15 18 5 14 16 35 36 56 48 1 8 55 49 26 24 48 29 9 36 38 52 9 44
43 47 47 14 36 38 49 33 13 47 36 58 40 27 34 22 53 21 24 14 12 35 29 12 16 13 24 55 22 48
48 11 43 52 1 32 31 24 23 50 55 47 26 4 55 22 7 3 48 23 34 45 55 43 13 49 9 10 53 4
15 52 27 9 29 56 14 38 39 60 7 56 38 26 49 31 11 18 30 25 53 39 40 60 42 19 39 23 37 35
15 7 23 1 18 33 48 15 28 54 11 21 11 45 42 27 42 53 10 48 36 59 17 45 27 6 1 57 28 25
38 38 44 51 7 42 15 6 29 29 21 50 53 51 42 38 33 25 17 6 54 10 48 17 14 33 54 38 32 59
51 17 23 29 39 31 1 56 52 49 48 10 48 21 35 57 30 27 49 17 37 31 57 18 46 10 34 53 16 13
8 7 9 30 7 25 30 59 29 4 52 37 34 40 10 10 50 10 18 58 39 30 52 44 38 15 44 51 60 50
39 4 2 7 50 33 33 41 49 23 53 35 9 28 34 11 4 40 55 43 29 48 55 21 30 23 10 48 6 12
35 12 16 57 13 23 10 14 50 9 39 7 19 49 15 15 22 24 43 43 50 29 21 18 45 48 8 19 59 21
47 42 10 58 31 18 20 46 54 25 43 42 4 49 8 57 14 11 41 48 46 60 12 28 30 5 33 15 8 42
23 37 56 50 48 51 38 18 51 11 10 5 8 23 1 36 54 10 55 36 6 60 32 48 13 14 42 27 59 12
7 4 57 13 22 10 25 34 16 22 46 52 4 58 1 58 56 24 38 25 25 50 50 9 57 52 28 31 60 17
33 29 60 28 49 13 19 12 57 53 25 55 43 26 41 26 43 48 22 43 43 47 53 51 15 38 38 21 31 52
59 28 56 54 13 11 16 16 16 24 26 10 21 56 40 49 53 36 32 46 29 11 57 18 28 4 18 14 6 28
6 46 45 28 3 58 49 6 56 44 13 4 20 58 6 32 23 13 42 7 48 19 2 2 43 5 20 8 53 4
9 8 24 45 53 7 10 8 22 33 44 28 28 32 2 43 20 6 50 51 33 53 51 30 38 59 30 1 30 10
33 28 21 17 53 21 59 26 24 31 43 8 15 15 22 48 50 33 40 19 16 12 9 9 33 11 39 46 16 41
55 30 39 24 51 53 4 31 34 59 32 3 56 35 38 4 21 35 23 58 19 10 23 9 38 42 58 1 42 38
37 36 37 30 45 4 45 47 6 33 46 8 9 52 49 13 33 8 34 29 43 20 20 26 58 4 42 56 30 36
33 1 38 48 26 33 33 6 13 52 4 33 46 3 53 54 38 60 7 35 13 47 37 32 32 5 3 27 59 45
30 16 53 13 31 30 60 18 46 9 15 35 38 43 37 29 59 44 16 17 43 32 25 3 3 40 25 56 21 14
58 6 9 2 14 35 43 54 56 30 42 38 27 40 11 42 8 28 58 16 29 33 12 60 37 13 17 24 15 13
49 38 24 40 12 60 20 5 60 7 20 35 37 30 52 57 17 56 31 27 46 23 26 4 55 57 5 25 36 34
35 26 44 31 10 6 43 15 1 34 4 7 13 37 15 1 41 60 53 44 34 49 22 32 10 1 4 40 32 4
27 28 34 59 22 28 17 23 5 12 2 13 26 5 35 49 31 28 36 3 51 37 44 29 30 47 43 2 11 57
38 8 6 50 6 38 45 34 17 18 7 5 37 13 37 5 36 55 5 43 8 8 7 52 30 60 40 48 54 10
24 41 43 28 9 50 37 12 49 14 34 17 60 32 9 20 3 12 14 7 56 35 42 50 6 6 47 24 45 14
24 50 13 35 5 18 19 41 22 46 33 52 41 25 28 59 3 13 50 13 2 12 28 48 54 51 4 24 43 9
59 53 10 25 42 43 57 22 3 51 50 11 9 10 1 38 7 26 1 24 6 37 3 33 9 47 8 13 37 20
3 10 14 26 24 18 2 56 49 9 34 18 20 19 57 56 31 26 20 20 30 46 15 47 38 34 15 7 57 17
36 21 1 25 43 38 27 52 6 47 52 59 37 14 37 29 28 13 23 2 23 25 21 27 6 54 33 38 37 28
24 11 22 54 59 23 8 49 53 25 55 29 40 60 15 41 55 54 37 3 3 26 40 41 12 5 33 7 40 38
24 33 11 40 15 55 24 58 34 29 55 29 36 21 19 49 8 60 24 16 41 47 34 53 36 11 58 17 49 3
44 58 40 18 52 9 16 7 51 51 35 41 1 13 26 59 30 52 55 58 6 11 53 54 23 46 1 35 57 54
29 18 18 29 7 39 50 48 52 52 44 50 12 42 44 41 38 14 13 52 20 38 60 31 30 55 1 49 42 55
10 17 37 44 10 28 42 34 33 50 35 17 6 18 55 29 8 46 21 7 20 23 60 6 60 1 54 38 51 38
53 58 29 27 36 55 52 15 13 55 26 54 8 11 31 15 45 56 58 18 27 37 45 51 1 46 13 41 24 28
26 15 44 5 2 44 6 54 43 26 11 26 54 16 31 50 39 26 50 1 43 24 43 6 47 49 45 54 56 12
45 41 35 54 36 57 18 21 38 59 15 58 35 49 10 24 2 25 17 60 8 55 43 23 3 5 2 14 60 39
29 57 39 2 18 38 5 4 54 46 33 32 23 56 44 33 39 19 7 7 37 57 2 31 55 55 22 1 46 14
24 28 9 22 33 21 53 38 55 21 41 13 29 8 56 9 39 60 41 10 49 41 35 33 33 31 14 26 51 12
4 11 36 54 28 42 6 52 2 17 37 11 40 22 12 19 32 4 20 18 12 12 16 5 7 17 32 44 7 28
18 28 8 2 43 55 45 48 52 17 30 23 2 19 2 55 20 56 42 58 32 42 57 49 21 43 15 42 37 38
43 36 13 37 55 38 6 38 36 45 55 51 31 33 13 35 21 37 19 23 28 42 12 22 50 39 55 42 16 9
10 39 50 25 35 52 30 33 56 54 15 10 51 50 11 1 3 36 33 25 44 49 12 54 15 53 41 14 2 26
59 45 24 3 21 7 52 5 36 6 16 10 10 38 59 59 25 19 54 39 3 2 20 53 3 45 43 59 12 52
20 48 21 14 45 7 40 37 5 37 39 51 40 46 39 48 51 32 1 38 39 18 26 31 32 17 38 7 58 39
53 35 12 43 10 2 2 18 53 4 50 58 5 58 25 12 48 36 44 23 22 56 55 51 42 58 43 46 45 27
1 54 10 49 46 40 5 8 47 7 58 21 24 14 15 59 7 26 43 58 57 8 45 42 9 51 23 7 4 14
43 52 43 19 27 4 19 60 40 46 51 55 44 41 29 56 8 37 48 36 43 38 59 45 20 35 31 10 35 9
57 43 25 51 26 25 55 19 42 28 14 24 49 32 30 38 23 34 41 26 25 42 41 48 38 53 5 46 18 34
36 24 57 31 5 9 54 22 20 11 37 23 32 24 25 46 3 18 42 30 1 51 45 58 53 53 57 4 41 13
21 59 31 17 49 10 55 57 56 29 4 44 56 44 2 22 50 26 54 5 32 57 23 55 60 7 42 35 10 59
4 47 8 58 14 2 47 59 26 46 9 4 1 28 1 7 5 22 41 48 18 21 33 30 30 59 8 11 9 42
38 24 51 20 48 60 51 9 57 51 48 35 7 14 34 14 32 13 8 38 31 42 35 39 59 29 23 45 30 1
37 26 5 54 38 41 49 54 18 26 33 40 26 6 23 10 2 48 31 21 41 16 5 18 44 29 58 22 44 33
23 33 44 3 21 43 24 40 53 26 24 31 25 14 52 43 30 12 20 31 43 38 35 30 7 23 18 17 6 34
39 26 20 27 4 59 35 10 28 5 16 56 2 12 35 13 25 10 38 42 23 51 49 2 42 34 9 45 10 47
58 38 13 22 12 7 42 44 37 52 18 59 55 10 46 57 41 49 45 29 48 11 12 13 58 27 41 11 42 38
9 43 4 30 29 29 48 21 55 7 43 46 52 36 54 46 20 55 56 2 1 36 5 23 50 32 59 44 44 6
53 38 17 21 14 12 47 24 36 34 27 1 21 11 30 3 35 43 18 53 29 28 43 56 48 53 5 11 43 4
55 24 46 7 46 14 46 30 5 56 11 27 45 30 20 52 56 24 23 37 1 57 16 32 56 16 1 60 46 44
2 12 12 35 5 29 57 47 3 11 4 16 43 27 39 22 29 7 40 32 27 22 23 3 23 33 24 1 37 35
29 46 2 11 1 8 49 10 50 49 45 25 47 15 23 60 35 59 22 6 6 44 39 44 53 17 21 8 45 40
56 29 11 15 34 1 10 23 37 44 25 16 49 60 45 59 16 10 51 55 51 54 18 34 17 52 57 58 30 25
32 9 35 48 43 34 24 24 6 29 13 60 45 5 2 16 3 30 32 57 48 20 52 18 41 32 24 29 27 34
10 55 50 24 3 5 38 50 42 7 43 56 50 27 31 15 18 39 12 60 33 19 34 58 55 33 26 34 45 52
31 6 49 31 18 25 18 51 53 37 29 36 45 53 25 34 1 56 34 47 49 9 3 41 38 24 1 17 5 7
27 13 52 51 51 37 4 2 32 35 54 58 18 14 41 6 58 3 48 13 32 28 58 33 27 15 55 32 31 44
55 33 18 45 39 47 1 44 24 8 55 28 4 5 17 31 58 14 33 45 58 1 51 5 19 9 24 31 9 44
39 11 21 48 38 17 5 6 9 25 53 17 5 30 11 30 34 45 8 19 20 36 42 13 35 11 10 6 43 2
26 44 52 52 33 11 31 59 3 27 53 56 26 18 36 27 15 39 56 49 59 5 5 20 13 37 58 25 45 4
53 57 12 8 44 48 34 22 11 26 24 9 56 23 9 31 1 26 52 27 51 6 20 22 34 31 24 5 34 57
11 15 1 32 42 6 13 30 39 44 35 15 29 9 18 49 5 10 27 30 27 51 50 41 47 22 55 27 29 47
59 28 3 50 18 44 44 46 1 18 15 33 56 16 60 35 58 18 15 2 21 47 56 4 31 57 28 16 22 25
39 55 4 43 40 20 46 29 7 31 59 32 39 14 45 60 15 44 56 35 57 21 14 35 31 3 14 6 40 35
11 25 19 42 44 50 27 31 15 41 43 58 4 8 60 15 57 47 20 34 30 42 14 54 50 33 54 4 56 6
33 47 38 48 5 10 30 3 1 40 3 47 18 17 29 29 43 6 13 34 11 40 12 6 12 8 25 60 7 39
26 8 45 16 52 8 17 46 6 21 28 48 54 30 54 48 59 24 39 16 15 53 12 57 13 16 20 4 19 53
19 57 45 31 19 60 27 6 11 25 12 32 43 7 28 60 4 47 8 48 7 22 19 58 50 43 13 57 48 33
47 59 59 11 17 22 52 52 6 26 33 27 48 52 12 36 2 48 5 36 17 46 55 2 17 22 40 16 35 57
58 24 2 31 19 10 57 25 16 14 20 14 55 19 6 58 51 29 47 7 53 55 16 51 32 18 39 21 41 49
16 24 54 14 1 8 33 25 33 57 2 31 46 34 38 6 51 48 38 45 48 12 7 12 7 2 9 22 7 6
10 51 25 25 11 37 47 35 12 28 44 16 44 31 38 52 34 20 58 39 47 26 55 10 23 33 9 24 41 32
52 34 26 9 31 44 48 45 14 20 47 19 26 41 22 9 34 38 11 45 14 40 17 24 59 48 35 40 58 23
8 49 1 25 23 32 44 24 9 52 30 5 44 48 36 8 48 56 17 28 42 19 56 24 5 46 40 31 46 28
41 23 36 26 39 38 45 9 52 37 29 40 9 42 28 30 53 53 42 28 53 52 23 47 45 13 34 60 37 34
50 15 28 34 55 9 40 16 52 17 50 25 58 21 12 60 52 6 13 25 37 14 47 13 32 52 15 58 24 30
10 8 1 8 47 4 25 45 4 44 52 59 17 42 18 1 26 14 57 51 39 47 40 21 15 58 58 55 50 5
11 30 52 53 43 10 9 51 11 7 46 48 9 28 26 52 9 44 33 48 53 54 19 30 5 52 24 30 21 16
25 28 27 38 18 10 58 29 10 51 4 44 16 34 40 55 32 2 16 60 14 9 52 48 37 53 26 11 55 1
5 23 24 45 54 11 41 46 27 43 10 1 21 19 35 60 32 2 13 37 30 58 55 37 38 7 43 4 12 52
45 42 51 56 20 12 16 41 33 45 17 44 22 15 60 44 37 24 36 56 7 24 27 20 28 6 58 34 1 24
21 45 38 50 50 4 28 42 14 2 26 14 60 36 38 19 11 36 42 13 50 33 56 31 43 45 36 22 31 29
47 38 40 27 39 25 13 32 5 48 11 13 2 2 47 11 18 59 21 18 37 2 4 8 49 8 19 44 60 36
44 9 56 60 54 32 43 17 32 6 36 37 42 29 21 2 35 27 54 46 48 24 44 33 37 49 39 35 52 19
39 40 5 7 4 27 60 2 26 5 43 29 49 41 58 41 16 26 50 16 33 9 10 50 16 50 19 59 52 60
24 47 21 9 25 15 15 25 27 31 21 52 60 24 46 35 25 32 12 33 24 18 44 1 21 43 22 20 18 31
50 13 28 35 19 2 53 15 24 19 42 10 7 53 32 18 33 22 60 11 7 24 60 49 27 9 57 36 23 38
4 42 29 36 35 3 39 24 54 3 1 35 3 6 37 42 39 48 45 46 14 8 38 26 10 41 12 5 38 23
57 27 11 31 24 16 14 25 40 21 58 11 36 34 16 33 6 7 12 27 46 19 14 12 53 45 22 28 36 38
9 26 43 18 24 33 43 45 56 5 54 38 46 6 9 22 8 36 11 53 27 44 41 1 12 51 24 34 37 41
20 33 45 6 58 3 39 59 10 4 53 46 42 14 28 39 18 17 22 10 37 45 56 52 56 23 19 26 18 29
23 24 29 56 14 28 40 3 23 58 33 45 20 17 32 60 10 1 20 17 38 32 15 32 19 24 51 6 34 11
28 44 40 21 50 28 30 17 27 18 3 47 56 53 9 35 13 25 49 46 44 39 3 17 27 54 60 50 37 6
15 20 17 38 16 50 53 41 30 24 3 60 8 52 22 54 17 54 47 24 54 56 15 47 30 7 17 12 31 25
59 51 9 2 20 26 35 17 25 20 21 30 22 47 22 34 40 49 50 41 38 21 37 7 32 11 14 54 6 54
23 36 9 29 20 37 45 42 38 53 21 12 43 51 20 59 33 53 12 18 35 6 7 50 56 10 29 54 48 31
6 60 60 30 33 2 20 20 53 34 42 26 12 6 30 56 16 43 48 16 3 19 16 51 3 12 36 44 31 37
1 46 45 44 54 11 33 8 56 17 9 32 49 4 1 47 26 43 33 23 60 38 3 45 54 55 25 6 19 42
31 6 18 20 49 33 16 60 15 53 54 20 37 54 53 50 53 11 54 17 21 57 46 46 2 45 9 60 43 20
23 56 59 3 50 10 11 45 49 49 12 32 41 16 48 47 13 28 60 13 44 34 49 25 34 17 13 42 47 56
36 5 25 31 43 30 31 22 26 3 58 16 13 41 21 49 35 24 40 53 12 44 25 27 13 17 44 23 20 49
56 14 7 14 14 11 56 19 33 3 7 54 1 51 30 6 50 36 48 33 52 32 50 32 37 48 5 3 20 52
35 31 50 55 47 57 4 1 3 19 4 27 32 10 34 42 38 16 9 59 23 46 45 2 24 32 9 54 10 53
44 6 48 8 45 4 22 21 41 2 3 50 3 38 7 25 22 13 40 23 23 20 6 27 35 52 20 56 6 12
2 30 11 58 55 35 3 41 55 15 53 31 29 55 42 49 8 12 1 11 28 21 8 35 49 57 36 20 20 1
12 15 48 46 31 28 38 49 33 16 15 17 51 44 46 23 15 45 6 34 6 31 45 7 4 45 53 20 4 50
17 11 58 45 57 54 41 13 5 6 10 4 9 36 5 5 38 15 36 46 9 41 33 38 56 26 34 2 47 11
41 44 35 24 20 6 32 50 17 24 23 33 9 58 15 57 3 46 54 26 40 48 3 16 59 21 23 56 35 38
53 17 31 15 38 24 22 29 41 12 52 14 22 46 18 32 18 14 4 54 31 56 4 36 22 55 21 28 46 55
25 29 13 29 41 57 10 20 59 18 26 10 41 38 21 11 36 29 9 13 32 35 4 8 10 54 12 44 60 20
27 6 2 51 21 3 53 20 28 59 45 37 11 41 18 33 7 44 34 12 36 50 43 23 43 37 30 48 21 54
16 52 11 46 30 21 29 7 15 52 56 9 54 52 37 46 36 6 7 50 41 23 13 56 41 2 60 25 54 38
40 28 4 22 10 44 7 38 55 37 7 52 45 41 15 6 48 19 56 45 36 1 33 32 36 41 37 45 53 20
43 28 13 50 31 32 52 16 26 32 25 18 8 27 26 41 7 23 18 37 45 5 16 49 55 21 13 45 37 37
45 21 3 27 46 34 34 16 32 50 44 1 31 38 16 46 20 9 17 50 41 53 20 6 14 51 34 47 12 29
2 30 42 14 49 42 37 41 24 23 5 8 37 14 27 58 10 7 7 47 28 4 30 10 16 42 32 58 48 3
47 51 40 60 46 48 13 5 23 42 28 25 50 52 7 46 32 14 60 51 1 36 49 36 15 50 12 44 6 6
34 5 6 37 42 41 3 44 24 10 14 12 53 35 20 10 44 8 36 25 15 20 39 28 50 45 60 8 40 53
7 29 7 34 38 31 11 50 53 35 11 57 57 5 44 23 59 27 54 19 28 2 38 36 23 27 27 30 57 7
39 13 31 52 37 51 3 2 2 47 35 54 11 56 22 7 27 41 59 52 22 59 5 22 30 46 36 40 54 1
33 51 1 32 48 8 15 26 55 8 52 58 6 45 38 36 48 16 11 36 29 10 1 35 18 50 26 32 58 16
14 51 18 27 20 53 54 54 8 37 12 41 40 43 25 59 5 54 53 41 33 37 14 21 16 42 57 54 58 10
20 54 19 50 35 37 23 37 55 3 60 21 5 54 44 39 26 56 2 50 6 35 57 40 3 5 36 1 18 34
14 11 45 54 4 58 10 13 25 18 59 13 30 14 44 26 11 34 48 53 33 31 19 2 58 58 50 23 36 32
59 20 54 50 28 17 11 57 52 3 10 49 9 29 29 9 20 45 24 13 17 1 14 6 60 21 15 7 7 4
2 30 38 53 19 60 43 60 32 41 40 27 4 46 59 49 39 6 27 3 48 17 1 32 44 46 58 40 16 55
59 48 24 49 13 55 50 8 5 12 10 9 30 39 58 23 25 12 46 20 43 4 35 13 21 24 10 30 58 7
50 3 9 11 56 46 53 1 10 3 31 46 4 24 43 53 10 31 10 60 6 47 4 25 56 37 30 43 4 23
6 3 40 9 51 2 19 35 51 33 42 27 19 45 19 39 13 13 39 43 1 38 54 34 27 9 59 14 60 19
26 44 4 23 41 22 27 33 43 55 48 1 46 40 27 28 33 36 58 41 50 20 32 4 18 55 27 2 24 56
34 42 26 57 42 50 50 54 10 23 16 2 53 1 15 51 47 45 5 44 59 49 23 52 4 43 35 15 50 13
49 20 24 7 29 52 4 9 27 4 36 39 42 41 5 53 35 22 51 37 2 32 23 18 18 20 1 3 58 46
54 9 60 17 44 15 50 17 57 11 41 33 19 46 51 22 46 7 1 28 2 35 2 15 56 40 7 55 38 7
56 52 3 23 27 19 1 50 8 25 21 7 43 51 11 11 60 9 21 12 31 23 31 36 8 17 57 57 55 5
5 18 48 44 9 22 49 46 13 19 31 21 35 59 36 44 41 12 22 47 34 51 58 21 52 33 23 35 17 52
45 50 37 50 7 53 15 41 22 56 48 12 30 1 44 50 12 1 13 51 51 46 11 13 38 6 24 59 2 43
50 46 32 46 24 37 44 15 40 18 59 29 16 25 6 41 39 38 41 30 35 38 40 7 6 23 17 26 16 3
16 10 27 31 41 31 45 16 16 12 33 55 8 5 46 10 15 50 33 24 32 52 5 42 29 39 9 44 8 19
53 15 33 12 37 50 44 45 24 49 52 3 10 33 39 58 32 44 16 38 2 14 51 36 55 16 49 39 12 33
13 5 42 51 52 17 19 29 2 59 55 4 9 55 21 29 38 23 14 6 58 26 41 30 11 50 37 58 25 3
16 22 45 8 41 36 47 27 39 25 26 44 53 24 4 42 56 39 39 21 35 37 13 8 39 35 54 8 28 15
29 16 54 18 11 24 53 42 34 15 20 40 23 51 56 38 2 37 55 37 40 30 44 58 7 28 48 22 53 36
10 57 30 57 17 39 4 32 14 57 3 40 41 37 29 44 23 15 36 4 2 40 31 29 44 39 50 51 4 32
47 13 60 7 56 46 53 41 27 21 30 59 25 6 60 30 13 9 54 23 33 23 13 5 32 43 44 24 26 37
59 39 29 47 18 25 29 1 60 47 47 1 26 8 18 41 54 13 54 34 37 5 12 56 38 39 21 51 59 35
43 5 36 51 35 27 42 18 13 22 20 56 36 7 51 9 53 51 34 3 31 11 16 19 57 34 34 22 47 19
55 17 7 13 17 38 55 23 8 2 27 14 23 12 13 37 14 42 37 25 58 55 12 38 25 18 19 4 36 51
29 21 55 43 22 26 37 51 2 60 42 55 9 52 12 16 52 29 4 48 24 55 12 42 48 50 31 24 14 12
35 48 59 40 41 1 19 13 1 59 9 47 38 59 20 20 1 3 42 18 18 31 44 13 30 15 31 42 50 46
31 57 3 59 24 44 32 52 6 24 5 6 15 25 6 54 55 1 56 38 17 49 33 38 38 20 14 35 38 52
15 59 41 23 6 37 53 4 7 42 5 45 14 42 47 22 59 53 59 41 1 32 29 33 49 2 19 9 40 55
41 14 46 29 26 44 58 43 6 26 41 40 46 54 42 52 7 54 40 27 40 47 34 40 2 39 25 46 25 54
26 33 15 28 53 14 36 52 20 25 59 20 50 23 32 29 42 20 18 6 19 27 47 29 15 14 10 41 7 16
13 40 57 60 34 5 23 58 47 31 28 13 13 7 33 56 44 21 8 4 8 26 3 59 43 1 45 10 23 7
44 54 47 14 32 48 57 37 19 25 23 60 27 40 9 26 9 41 19 10 4 27 43 36 18 30 20 31 47 8
54 11 29 9 21 13 35 19 51 47 20 55 40 18 21 7 6 20 27 52 27 11 9 55 51 23 39 20 12 14
20 28 10 11 51 21 46 27 46 33 37 20 4 53 29 48 48 25 40 33 58 19 48 38 60 14 26 12 35 54
3 39 28 18 10 51 49 47 34 38 47 52 7 23 60 28 1 29 23 43 19 23 2 27 2 52 31 11 56 31
26 60 40 3 22 17 35 13 18 41 13 47 5 39 21 17 27 20 16 17 36 60 8 7 36 19 12 4 49 9
30 21 23 18 58 46 48 14 24 43 22 53 43 26 1 45 15 47 14 48 32 44 56 51 28 7 7 13 12 55
20 2 13 4 28 7 10 55 44 20 2 37 2 57 50 2 44 31 1 18 41 18 51 23 52 13 12 37 4 31
47 24 53 51 45 23 7 28 24 41 26 8 23 44 7 10 12 25 59 3 31 24 6 11 46 21 19 23 42 26
17 16 1 1 37 8 38 30 46 20 49 51 42 35 7 13 10 37 42 36 42 38 24 11 26 47 46 44 30 44
45 58 49 23 57 34 29 17 16 8 16 13 47 17 39 41 26 21 43 49 51 39 29 50 39 54 36 25 57 21
33 8 48 7 60 52 32 30 58 30 58 33 30 51 11 40 15 10 27 48 51 26 52 52 34 31 16 21 27 47
31 52 13 45 58 26 31 59 28 49 10 35 50 44 25 51 51 23 22 14 15 57 23 40 54 43 52 26 17 9
40 33 21 9 56 12 25 11 30 2 29 50 38 47 38 33 45 54 49 37 49 56 27 7 48 39 6 14 14 30
56 16 55 31 40 15 50 20 14 10 52 35 15 24 24 2 27 54 18 48 40 32 24 2 45 60 33 32 22 14
6 9 59 60 47 8 33 40 45 3 59 23 10 56 20 15 25 24 59 8 35 16 55 23 3 40 52 3 15 31
31 54 26 39 58 42 44 18 38 57 13 5 34 20 14 15 15 26 47 27 38 30 13 38 13 46 21 49 11 32
40 36 44 34 24 14 2 19 8 45 27 53 56 18 1 44 13 37 13 43 47 16 7 31 19 44 23 5 16 15
52 29 19 33 31 7 42 23 44 7 20 41 40 33 3 45 14 19 34 31 44 17 22 38 53 38 12 26 37 32
3 31 53 59 6 5 35 35 4 43 24 9 48 31 57 60 14 29 55 19 8 47 47 25 52 16 37 37 29 55
45 50 20 52 49 24 10 10 52 4 58 14 16 42 11 32 33 48 46 34 3 38 42 20 31 1 34 37 36 18
48 9 20 52 49 13 22 53 58 32 24 14 10 54 34 13 29 41 56 14 8 8 48 18 15 4 9 32 38 46
7 11 27 24 1 34 12 37 60 29 42 34 3 33 3 38 52 43 29 18 25 11 53 45 13 10 8 58 28 4
44 28 9 57 56 59 32 44 20 4 12 36 7 43 46 6 1 35 59 14 40 52 18 30 34 57 36 4 26 28
16 11 46 14 2 34 7 6 25 30 40 48 35 12 14 2 31 24 60 23 56 60 4 28 5 6 26 55 43 37
54 32 12 42 30 37 20 58 45 28 53 34 44 3 22 28 17 53 16 22 44 25 42 58 60 14 53 39 28 47
60 53 1 19 4 16 58 49 46 59 44 37 24 26 50 30 16 38 4 51 43 4 57 15 56 27 16 57 8 14
59 40 9 6 20 58 10 41 8 56 52 51 17 46 55 47 21 59 30 25 6 51 25 32 42 16 22 50 18 49
26 24 2 27 56 29 30 6 16 42 27 47 9 54 29 17 7 32 6 5 46 58 8 6 7 17 15 12 32 32
34 29 20 47 38 40 5 56 20 33 10 8 7 13 26 60 43 42 24 29 29 31 56 27 38 23 53 25 30 24
37 28 23 12 1 5 25 3 12 9 36 39 54 55 45 52 36 30 56 3 34 17 41 11 5 59 30 34 30 17
33 22 41 29 19 19 16 12 29 42 36 34 27 46 11 5 18 12 27 27 5 22 57 5 43 44 31 8 42 3
4 21 53 35 15 38 42 26 58 19 16 25 23 39 52 26 22 52 6 47 24 25 51 1 51 1 53 52 15 56
59 20 54 55 21 33 20 20 4 21 1 5 45 41 31 60 23 8 17 52 59 1 18 43 46 54 55 31 59 36
15 22 17 28 13 42 35 35 25 42 13 60 32 24 35 26 27 47 37 43 48 52 5 2 45 19 17 24 33 58
12 24 58 11 19 56 21 34 45 11 58 31 39 7 25 60 39 2 25 44 4 30 38 40 30 53 48 42 32 18
26 12 36 3 26 40 6 1 50 23 24 36 52 54 9 17 54 55 19 45 33 54 39 5 30 12 20 7 30 55
28 32 22 8 18 53 48 26 22 32 12 32 32 50 19 15 45 19 19 35 28 52 12 8 1 39 26 12 46 6
39 40 46 41 5 51 21 10 37 59 11 44 25 24 31 38 26 3 24 17 7 17 30 28 20 40 4 47 8 24
49 22 11 7 32 46 7 27 47 17 6 48 31 38 17 8 6 14 50 55 7 20 30 25 25 60 2 60 22 59
38 23 21 26 58 21 52 28 16 44 39 30 29 18 3 42 54 50 55 51 9 24 53 44 58 8 1 31 46 21
19 25 38 40 47 30 7 57 27 14 2 59 3 34 52 4 15 34 42 49 59 45 41 45 5 39 14 3 6 29
20 18 42 22 27 4 59 57 44 39 27 60 45 28 16 39 24 59 42 60 47 38 25 60 15 40 14 18 22 2
13 53 40 52 13 48 53 31 26 16 3 19 58 29 17 36 38 13 7 49 16 31 60 27 48 45 30 51 10 45
57 11 60 23 47 3 26 33 47 8 43 15 1 55 51 38 60 2 8 33 7 54 26 59 33 2 29 13 58 20
16 58 53 10 18 33 24 27 11 47 22 12 14 47 2 53 49 10 22 34 7 36 13 60 14 35 19 53 41 45
10 11 52 38 19 60 60 19 16 57 53 14 11 26 27 27 54 6 15 53 32 5 24 29 29 9 10 38 39 43
13 36 27 27 35 18 3 15 57 17 23 23 39 7 14 9 27 47 18 11 48 21 41 34 56 10 13 55 43 25
49 29 36 13 17 10 39 3 34 52 20 20 11 16 5 32 14 2 16 8 26 43 37 55 51 11 53 10 39 57
52 28 7 5 37 14 11 41 6 25 45 55 27 14 17 3 17 22 47 30 46 49 41 57 8 7 60 21 31 11
16 21 13 50 18 57 13 30 3 5 35 48 49 5 24 57 28 39 5 24 37 4 19 44 45 54 50 27 35 18
56 14 1 15 13 34 7 36 1 34 34 6 31 38 47 33 29 31 45 21 47 18 28 3 29 12 11 45 13 42
60 55 28 6 6 53 27 19 14 52 30 9 26 53 17 60 34 58 44 46 41 32 55 49 28 43 26 23 34 36
46 42 13 19 24 39 4 30 36 60 49 40 44 39 53 12 25 29 2 20 58 48 31 39 24 59 8 38 3 13
28 28 2 32 1 41 41 39 34 3 8 50 34 25 33 11 36 43 40 30 10 28 47 20 42 5 54 45 25 35
60 28 42 58 51 32 28 17 52 45 26 38 44 19 26 47 5 3 58 13 29 25 21 36 42 24 17 3 33 60
25 34 41 4 55 21 51 48 49 28 42 20 33 14 1 9 1 56 26 40 5 50 23 57 30 19 22 22 56 46
45 3 58 48 48 51 39 52 46 36 10 30 1 25 59 17 14 42 52 6 14 14 36 37 42 22 56 48 39 11
35 49 45 28 47 53 43 30 10 56 18 50 1 7 1 39 39 60 8 55 38 60 51 17 32 59 25 47 1 15
1 21 26 51 39 20 1 50 35 15 2 46 3 51 46 16 37 43 21 3 5 16 56 3 23 48 14 52 56 49
33 11 8 8 10 1 56 53 7 28 29 44 13 12 22 60 43 27 1 21 18 10 15 30 4 2 32 15 60 60
58 11 53 33 24 59 34 32 50 34 33 21 7 15 29 51 30 37 23 59 14 24 4 24 43 34 36 21 30 1
26 1 58 15 3 34 13 24 28 32 51 27 55 55 41 45 58 16 39 16 36 40 11 13 30 44 57 59 41 20
10 21 42 59 17 42 17 3 19 54 16 19 12 2 27 37 17 18 40 26 51 12 48 58 22 54 45 29 20 2
49 42 34 17 59 28 25 49 27 41 38 27 33 14 3 54 52 4 46 9 18 17 7 8 55 36 20 4 18 54
44 31 45 22 51 48 28 2 12 39 57 31 25 51 58 11 43 60 4 42 56 17 54 1 7 30 12 31 9 46
49 6 3 20 51 57 54 29 26 60 1 53 19 38 25 16 18 21 59 17 3 7 52 58 52 11 26 42 42 35
26 28 45 54 14 27 8 60 15 13 5 52 28 48 59 38 59 59 30 17 50 8 52 58 28 11 59 20 29 3
5 49 18 37 35 22 32 18 10 4 49 38 41 44 28 47 24 22 47 12 26 1 41 25 31 39 24 19 10 9
51 23 49 39 46 53 33 24 10 20 5 6 50 28 2 49 29 4 47 14 25 34 16 40 3 39 34 27 40 37
59 30 26 39 17 7 11 40 59 8 1 34 26 42 21 8 30 25 24 37 25 9 58 51 53 53 53 46 13 12
11 31 53 36 19 17 10 54 27 9 42 58 21 53 8 34 14 48 28 45 22 29 23 36 30 27 55 30 13 9
17 6 27 44 34 52 42 38 10 8 1 47 19 19 48 38 41 34 10 47 9 54 10 9 59 28 8 20 27 54
53 18 8 14 1 11 5 41 29 4 22 8 54 10 20 48 12 40 52 24 33 7 49 60 20 28 20 47 37 33
50 56 51 35 44 32 58 2 26 27 43 41 41 14 53 51 16 23 2 60 7 57 11 17 3 34 52 58 45 28
10 33 33 58 54 45 14 9 51 25 30 18 56 53 56 32 35 42 30 45 17 29 41 35 28 42 47 47 23 43
45 41 35 46 11 51 55 35 37 15 4 1 7 33 30 29 20 52 31 12 19 31 58 36 6 11 31 55 29 56
28 30 48 19 3 36 10 9 19 56 36 9 12 44 17 10 28 36 41 42 27 16 21 50 33 9 5 55 56 26
44 51 22 16 35 53 3 47 25 31 2 21 39 49 17 33 1 22 53 21 11 32 10 36 22 24 22 4 52 24
13 47 6 43 39 30 43 25 2 59 10 15 53 45 44 51 31 49 17 19 20 57 46 10 40 5 7 1 22 1
42 17 34 51 33 34 44 48 19 14 32 47 60 44 35 55 5 38 28 14 43 41 12 38 56 2 30 25 57 39
26 50 6 40 12 7 38 9 48 37 59 50 50 56 8 37 29 23 3 56 51 43 18 4 21 6 38 26 54 12
40 20 22 52 60 31 37 10 32 51 12 43 25 53 4 31 38 21 24 30 19 60 3 56 23 10 51 59 2 32
17 39 2 35 60 50 47 20 46 43 13 45 15 44 9 49 30 41 23 43 12 22 6 29 15 30 39 27 29 3
58 4 21 52 37 22 40 37 14 48 14 27 59 26 58 50 42 16 60 14 53 52 1 17 47 34 16 6 39 19
38 56 58 38 40 35 15 24 5 26 50 19 34 35 43 21 19 18 34 45 55 58 43 51 44 50 57 22 53 44
23 57 38 49 50 41 19 29 48 27 23 8 59 46 32 14 43 8 44 1 32 12 19 40 39 25 7 17 30 35
31 46 22 51 45 15 60 3 48 35 31 20 47 48 49 20 29 53 24 28 12 4 13 53 17 22 42 25 24 24
22 5 56 9 36 21 13 58 52 16 59 26 58 30 30 7 6 24 38 54 4 38 51 4 22 30 9 8 38 42
35 8 59 36 57 47 58 54 14 18 54 24 16 31 39 30 22 52 38 55 14 46 41 51 7 7 58 6 27 40
48 51 56 32 31 12 38 48 12 44 3 29 47 32 40 36 57 55 29 58 34 21 23 31 8 36 57 1 36 10
3 24 17 52 46 29 32 48 58 22 7 34 11 30 56 34 27 39 20 20 38 43 50 30 1 45 41 24 14 35
53 41 10 38 50 39 14 30 59 28 17 47 53 20 57 48 48 5 44 26 16 18 38 21 24 40 30 10 11 57
6 43 11 13 9 3 16 8 52 14 54 20 44 35 45 17 21 35 40 45 25 53 29 58 31 45 10 57 16 28
29 12 46 2 58 9 47 53 20 57 30 25 29 7 37 21 53 26 48 7 18 11 38 20 23 11 7 47 44 29
15 46 1 2 37 58 56 7 30 17 29 8 3 50 27 56 14 7 19 26 34 21 12 46 15 6 43 23 9 17
9 52 5 57 10 3 42 8 42 46 12 25 36 14 28 5 39 34 19 23 32 22 44 56 35 22 5 53 29 19
51 13 4 53 57 24 58 43 17 51 46 38 4 15 32 13 54 41 58 45 53 15 45 22 30 27 39 54 14 51
29 23 28 49 33 26 27 52 20 23 16 18 7 51 10 35 7 3 52 32 33 42 12 5 31 16 27 30 38 28
23 21 41 17 36 29 57 37 29 42 11 22 49 32 56 10 44 7 43 32 4 21 20 22 59 44 40 46 35 6
41 21 57 27 28 32 35 55 48 31 59 42 25 53 16 47 34 28 5 9 42 57 52 28 32 28 60 38 15 58
5 16 31 47 25 50 48 42 34 30 17 31 23 10 41 30 21 55 58 26 30 41 33 33 42 15 39 40 42 15
37 13 2 3 16 29 40 51 34 16 60 47 2 27 51 5 26 29 28 55 35 48 35 35 37 6 19 7 25 54
55 25 42 47 34 9 9 58 36 13 38 38 6 18 5 56 32 32 7 9 14 56 31 46 58 9 18 45 7 2
10 39 47 52 14 45 43 46 52 34 39 57 48 50 55 19 56 23 19 20 18 39 50 16 3 35 38 59 27 57
40 38 23 33 45 42 34 13 8 34 60 20 45 3 36 2 25 2 30 49 38 17 5 10 52 51 34 38 32 7
38 47 3 44 21 34 9 13 39 38 12 24 35 39 35 44 39 4 16 52 37 31 42 50 5 39 25 10 23 23
23 30 54 2 32 30 50 4 42 15 40 53 24 10 40 22 56 1 51 51 44 4 36 30 47 39 25 46 14 48
23 31 4 22 34 49 30 12 57 22 36 24 18 20 6 54 53 60 40 16 42 48 7 35 52 42 35 9 22 37
41 30 23 25 38 28 33 57 2 59 7 11 45 43 25 54 13 37 37 32 54 44 25 60 7 49 4 9 26 27
5 12 47 38 16 22 38 12 50 2 19 45 36 46 1 28 29 23 27 48 19 2 27 26 59 3 41 29 5 30
24 16 13 22 3 59 50 30 6 15 22 16 56 44 1 23 7 57 6 8 21 12 19 37 13 8 35 3 40 48
39 23 4 50 52 25 23 39 6 4 53 10 52 35 4 43 56 40 34 12 7 54 47 53 38 23 22 5 57 47
37 53 13 23 35 32 35 26 22 16 18 49 27 56 31 40 34 9 2 45 45 41 18 16 17 39 47 56 17 9
30 53 2 57 44 36 23 16 24 34 55 32 8 36 19 11 9 10 53 18 29 45 50 49 22 38 26 59 13 55
10 16 28 4 34 30 39 29 29 43 2 29 44 30 23 43 25 41 31 27 11 10 26 21 37 60 30 4 5 59
16 22 14 2 12 59 37 58 18 59 53 34 42 37 53 23 55 29 11 22 45 31 37 19 53 44 4 27 15 58
40 5 25 55 31 3 48 57 43 32 12 6 23 15 46 12 49 19 22 20 36 17 21 36 15 47 24 40 2 8
16 32 52 13 48 51 49 41 46 56 25 27 37 32 54 6 37 60 40 37 10 19 3 27 47 1 3 38 42 34
50 21 28 26 19 33 11 55 28 5 59 44 26 25 19 2 22 48 27 18 47 7 20 51 44 36 51 57 50 29
24 26 17 12 33 55 40 55 20 14 46 5 43 22 3 42 14 7 58 51 60 44 16 18 16 50 39 12 37 26
49 34 9 53 33 19 34 14 9 27 54 17 12 30 53 37 6 55 34 24 46 51 51 25 53 27 59 16 21 12
10 13 18 54 32 56 32 14 50 9 4 4 37 4 11 4 44 57 58 32 22 56 12 3 36 19 58 47 1 23
1 11 18 20 47 30 30 2 9 47 47 26 15 42 14 15 16 31 22 35 4 4 23 31 54 15 30 27 32 14
33 4 43 43 34 26 4 16 48 39 5 2 6 11 52 17 55 52 33 47 34 50 2 8 34 18 39 58 42 1
18 60 43 53 25 7 17 27 35 38 1 60 14 38 2 57 39 56 17 34 26 24 12 50 41 56 24 31 33 50
28 4 21 26 60 16 14 22 46 29 18 48 34 19 44 49 37 39 44 27 6 20 45 56 52 51 57 58 56 49
14 34 47 9 34 5 4 51 60 22 5 45 35 25 59 37 13 53 34 19 30 10 28 48 16 15 45 9 45 14
17 17 12 16 36 47 50 26 37 50 38 24 23 24 9 29 53 23 57 4 31 19 58 32 34 46 34 59 50 9
5 27 15 51 59 15 27 15 35 44 20 10 51 5 27 56 32 40 50 1 41 23 8 51 32 24 21 23 31 25
40 21 55 53 12 12 19 40 40 30 57 19 45 17 7 45 10 34 60 36 13 59 33 58 16 26 51 45 45 60
59 13 59 14 54 38 49 33 15 21 49 50 34 28 31 53 25 53 26 24 50 27 11 24 39 5 22 33 6 5
59 3 25 6 33 34 40 51 24 1 16 23 21 45 14 10 38 23 25 27 33 29 36 24 49 9 37 21 41 57
2 27 56 17 60 43 58 45 26 12 4 21 46 26 14 46 23 10 32 22 24 25 48 58 24 53 5 42 31 26
23 49 9 7 34 24 23 6 42 55 14 46 53 33 19 58 36 60 9 60 56 53 4 59 39 21 57 52 13 58
33 45 18 4 7 2 59 58 6 52 23 4 10 26 59 6 54 8 40 30 21 54 39 55 25 27 34 40 49 34
51 33 14 54 14 7 45 24 8 29 46 55 4 4 9 38 8 10 5 46 59 54 23 7 25 39 13 7 18 27
12 4 27 35 42 59 11 59 58 59 57 34 45 56 24 37 45 52 26 33 29 40 23 35 34 12 12 16 59 34
5 37 42 29 28 33 32 2 42 50 27 47 58 10 10 42 1 5 14 40 22 52 12 35 8 31 16 55 29 28
18 60 25 31 56 20 23 34 51 52 2 32 28 40 44 20 34 19 11 36 14 21 57 19 59 46 33 47 55 12
47 7 27 23 51 28 42 16 1 23 40 37 22 7 37 8 8 48 32 53 5 41 5 26 20 45 12 14 48 13
51 51 22 12 60 56 24 9 48 59 14 60 56 50 10 34 48 49 11 28 15 57 29 35 12 41 46 37 27 54
34 47 11 57 25 42 24 5 41 19 6 3 23 30 20 35 17 9 55 39 38 39 12 17 50 48 21 23 40 41
42 1 18 29 21 54 15 45 31 40 21 16 44 1 22 18 37 33 4 58 43 45 19 37 2 41 25 52 51 31
9 19 55 6 21 22 9 32 26 11 6 53 40 44 18 19 26 27 31 55 35 12 30 11 42 13 32 45 3 25
47 37 31 49 2 31 48 27 2 18 58 38 42 15 33 29 23 32 2 9 51 55 33 16 25 53 51 30 17 48
28 5 48 42 33 51 15 55 7 58 50 3 23 20 14 59 1 22 21 37 12 11 14 41 59 25 59 9 12 32
3 13 51 48 30 56 20 27 42 11 42 6 1 31 27 48 46 39 23 33 10 40 4 7 45 2 20 15 11 11
11 50 37 8 27 23 29 17 52 7 11 47 45 12 24 19 37 7 29 7 57 48 4 42 37 8 4 8 4 39
24 56 11 18 3 30 54 45 10 42 34 7 50 57 12 35 8 37 5 36 60 32 21 54 47 15 60 45 27 25
50 18 52 50 50 2 3 21 43 56 29 60 2 37 8 32 36 57 1 53 48 10 53 59 24 3 5 27 53 58
48 35 46 32 56 57 50 41 16 7 34 35 20 53 49 58 53 35 3 47 34 49 60 12 39 46 49 9 33 55
52 59 17 19 44 30 58 9 3 43 10 45 33 42 1 22 36 28 30 1 49 3 55 10 24 4 36 6 49 8
19 43 15 29 52 43 60 30 53 1 57 21 41 12 56 49 13 47 14 8 12 46 54 49 60 1 51 30 33 43
50 32 3 48 58 56 38 29 53 22 2 1 20 15 44 45 6 37 9 14 42 44 35 42 10 39 39 38 32 7
32 29 6 36 11 40 19 10 45 23 58 23 27 59 51 33 23 44 36 32 7 47 3 16 11 18 34 2 22 24
30 20 35 8 1 5 10 33 21 20 54 53 47 37 32 37 27 43 22 47 13 31 49 43 29 56 54 2 60 5
9 19 38 44 29 39 38 46 12 22 26 47 24 59 13 37 19 47 26 2 43 13 29 51 39 50 45 11 42 26
31 60 29 5 27 7 55 42 38 36 43 53 32 11 46 22 56 19 42 23 17 55 34 19 17 11 26 57 10 9
54 44 37 47 53 8 19 48 14 15 47 54 58 29 44 5 1 36 48 10 50 3 59 5 17 11 59 27 42 42
28 52 5 49 47 10 32 58 46 51 48 49 31 32 19 24 51 12 29 58 19 21 16 7 36 46 25 45 44 36
27 13 60 49 57 41 56 11 60 41 52 26 8 15 53 58 13 44 32 7 27 30 36 23 10 52 53 38 22 6
53 19 10 26 38 46 28 27 18 22 44 20 9 51 60 23 1 15 14 21 53 38 58 1 53 17 55 17 56 9
4 2 2 34 50 8 1 7 35 8 2 2 19 42 52 19 11 30 39 59 12 7 41 56 45 31 35 46 11 43
33 20 35 45 29 20 3 46 32 20 60 21 60 1 59 27 7 9 2 36 21 35 1 47 28 54 3 47 35 38
52 15 37 24 27 30 38 36 19 9 45 14 1 13 18 55 30 30 6 56 40 54 53 55 25 20 54 57 53 43
49 14 39 3 59 20 34 41 12 49 35 21 57 59 34 8 20 29 46 27 37 33 53 48 34 56 36 27 52 49
48 34 8 54 48 26 46 52 43 14 57 35 50 58 25 53 31 36 56 29 23 8 9 15 25 38 15 4 19 54
46 36 14 42 49 27 26 42 59 43 50 26 26 43 59 58 17 37 24 45 35 58 37 50 16 27 36 12 16 29
52 25 1 54 55 25 46 19 28 54 13 50 56 59 30 1 28 55 4 3 58 18 56 29 55 10 39 21 31 41
59 48 27 3 25 6 29 10 48 8 35 9 2 17 24 5 8 25 45 43 50 50 36 44 41 5 20 36 32 23
13 50 19 26 41 28 35 9 4 8 20 50 39 54 39 27 14 29 29 31 14 14 51 8 52 59 21 14 5 3
24 35 55 43 6 51 48 55 42 24 35 35 13 44 23 33 6 14 6 41 9 32 46 30 24 34 48 38 49 41
54 48 28 43 57 42 54 43 30 44 30 29 25 47 3 13 50 49 5 6 19 55 1 11 33 16 45 12 17 11
56 46 50 21 34 46 10 9 48 23 55 46 54 33 5 21 54 21 16 37 14 24 32 55 16 25 15 32 59 7
34 11 50 52 9 3 36 4 33 17 32 29 27 24 16 40 45 7 8 21 53 54 39 58 15 34 17 42 37 21
23 49 54 28 24 49 38 37 15 43 50 24 3 27 11 52 13 50 21 2 12 49 11 18 26 59 59 57 22 2
43 4 47 5 56 33 2 29 47 58 11 24 16 29 33 20 7 12 15 2 57 29 23 36 59 3 54 31 8 44
58 22 16 43 7 9 47 41 40 23 10 2 26 50 45 31 36 9 13 2 12 26 21 28 35 48 48 26 44 7
41 37 9 20 29 20 26 16 38 13 9 54 57 28 56 59 34 48 9 1 29 46 40 32 16 9 28 38 38 48
46 5 53 33 43 9 16 36 34 36 14 38 7 56 42 24 2 44 52 46 22 34 42 10 46 55 49 24 24 4
12 30 50 31 25 52 21 14 10 22 51 34 35 52 13 7 22 38 10 27 36 35 14 7 9 53 51 58 30 23
17 29 17 1 29 18 6 6 11 53 24 31 14 17 56 58 19 8 50 8 40 43 22 37 56 34 5 17 36 2
25 41 18 51 59 43 2 34 40 9 18 18 5 25 33 12 39 23 5 8 23 58 16 8 44 58 46 48 39 57
21 51 25 12 59 5 40 58 19 13 44 16 51 15 26 17 24 56 16 55 26 47 15 23 22 40 39 40 10 39
20 53 52 18 11 9 40 41 43 47 40 60 7 1 58 16 48 57 35 32 17 19 60 20 23 37 33 26 25 22
14 10 53 36 14 23 14 25 13 20 10 18 39 50 52 22 6 29 1 57 16 48 57 47 42 8 8 31 26 1
20 31 28 20 9 19 30 43 26 40 38 36 15 49 12 42 32 49 2 47 15 3 56 55 21 34 37 23 55 36
31 9 25 26 29 56 56 25 2 58 14 32 22 9 52 43 40 35 30 59 1 44 2 31 14 20 55 42 46 60
44 45 11 36 31 36 3 56 28 3 45 36 2 29 17 36 2 49 10 57 12 30 42 6 44 41 36 31 1 6
53 29 18 40 35 34 42 35 5 19 47 53 28 29 36 19 9 28 41 27 13 51 5 21 38 28 40 10 44 27
40 24 26 41 20 9 11 15 28 50 26 45 32 28 29 48 33 4 11 37 30 14 34 16 2 1 31 35 48 8
46 56 27 36 34 52 46 10 34 2 16 54 41 32 38 52 17 6 54 42 2 31 57 47 43 56 36 45 42 43
2 7 17 15 55 5 47 42 37 5 49 13 4 13 24 15 12 19 55 58 6 6 53 40 54 26 30 30 13 16
53 9 34 30 40 45 1 16 8 24 4 44 37 43 29 57 24 16 22 16 39 16 48 51 3 25 44 22 12 42
50 53 22 18 46 58 32 5 43 32 38 20 13 38 27 6 28 29 16 55 20 32 34 21 18 23 55 44 38 41
18 30 9 40 23 33 41 14 34 32 46 37 41 53 2 1 45 43 12 24 9 14 39 1 36 60 33 14 5 7
23 14 1 41 13 55 30 42 42 46 44 6 6 29 41 50 1 16 44 42 17 8 33 38 40 25 55 15 42 3
42 6 6 15 12 15 32 50 15 43 41 13 30 8 2 16 48 57 19 8 5 48 10 5 26 24 53 34 49 22
32 2 10 35 59 8 18 47 58 44 26 36 53 38 21 33 8 35 56 35 54 5 37 43 39 26 26 24 42 55
31 25 14 38 9 43 1 60 19 55 6 35 5 39 53 36 54 21 20 8 12 12 30 13 54 1 16 19 48 27
53 31 49 15 11 50 26 56 11 48 45 53 58 42 14 1 18 36 45 12 57 16 32 24 16 53 26 26 36 31
24 44 47 8 15 25 27 25 21 32 20 4 46 3 30 5 6 22 6 52 60 20 35 54 46 6 45 13 41 41
33 42 12 5 49 24 10 36 18 41 10 2 50 45 10 54 51 57 35 14 16 47 35 55 52 56 38 43 11 57
21 44 24 20 11 57 41 51 38 45 34 42 6 30 17 7 32 35 57 33 36 6 43 46 55 48 11 42 49 18
51 6 48 42 19 38 45 54 33 14 27 27 59 14 31 48 26 59 7 46 32 58 4 35 16 22 35 11 44 32
8 41 10 25 29 33 58 51 11 53 34 47 28 25 31 48 7 26 10 52 59 29 9 49 60 58 28 26 29 8
28 57 42 32 50 41 10 56 39 5 22 42 48 17 16 25 28 18 25 38 3 51 13 54 6 56 48 48 25 26
22 54 21 33 53 13 26 26 46 32 9 16 10 45 22 25 19 49 35 9 34 28 53 24 31 17 18 22 55 56
12 41 31 56 47 52 39 44 41 1 47 6 41 55 29 45 19 58 13 13 47 6 4 55 7 47 28 22 8 12
6 10 36 45 15 20 25 3 59 45 16 29 25 49 12 2 32 51 12 22 4 40 14 55 37 10 31 22 57 34
44 28 37 2 12 35 18 20 25 23 33 58 30 56 6 3 28 20 13 29 18 32 22 41 17 49 27 32 57 9
57 16 48 54 52 40 10 45 14 45 7 51 32 58 42 21 14 43 47 14 21 36 30 32 33 3 54 37 26 59
16 57 5 27 6 23 3 32 28 55 48 38 8 4 16 55 15 59 8 60 50 3 32 46 1 47 37 39 52 38
52 41 40 57 53 17 43 12 51 21 38 4 34 40 37 35 31 37 12 8 44 50 55 56 26 29 17 50 52 20
51 7 51 43 35 42 55 35 14 36 55 53 25 9 54 8 29 25 20 52 30 21 15 53 26 7 14 44 31 55
6 19 11 43 58 60 60 38 47 14 49 2 18 9 7 16 26 56 14 7 41 11 32 19 40 45 60 43 51 48
10 34 6 31 15 25 36 23 29 36 32 20 35 36 31 52 59 25 30 40 27 37 45 56 45 50 32 26 21 30
56 58 11 22 53 33 11 60 36 49 50 30 5 20 38 21 1 42 23 28 37 15 13 22 59 54 46 55 32 6
21 16 15 20 58 39 4 15 15 9 26 25 45 20 9 20 37 55 1 57 22 5 17 2 3 40 29 34 46 44
54 5 55 34 12 42 56 18 32 59 44 47 42 25 53 56 42 53 2 20 55 14 44 12 32 38 30 9 11 3
37 49 32 8 37 12 6 37 42 19 54 25 38 55 20 11 1 1 19 38 50 43 23 37 13 21 42 8 38 41
4 33 58 26 6 1 25 50 29 14 13 24 27 29 53 14 1 34 40 18 31 47 55 32 51 15 20 41 6 42
54 3 29 54 26 22 25 51 42 18 30 58 49 8 24 9 50 50 20 57 9 1 37 16 20 37 3 20 20 13
7 54 56 38 27 28 35 60 27 46 32 13 31 5 23 53 48 27 6 7 45 27 49 44 28 53 51 33 3 55
23 18 42 32 8 19 23 4 35 58 58 25 36 41 35 44 49 49 56 56 48 28 49 48 38 16 21 27 8 37
24 39 16 55 1 19 56 60 59 40 10 34 7 55 60 47 54 37 20 26 54 44 25 7 49 34 32 39 51 8
45 45 1 21 22 20 26 56 36 55 3 1 52 15 13 55 44 25 30 42 33 36 41 49 33 55 17 24 55 39
6 16 2 22 1 48 15 40 1 46 20 8 13 8 11 28 59 26 27 23 3 51 5 32 52 50 38 46 13 56
21 34 37 52 59 7 53 48 59 35 21 8 7 16 53 34 19 35 54 31 12 21 32 49 37 60 24 35 34 42
10 7 54 34 28 33 35 28 38 12 29 24 19 55 17 12 30 14 10 35 38 43 34 40 26 48 5 1 41 47
1 27 59 5 37 4 41 43 26 33 47 15 8 50 60 30 47 52 40 24 28 2 30 35 53 44 30 12 50 25
24 25 2 14 52 6 44 6 22 3 24 31 46 55 12 21 13 22 38 39 50 37 1 11 46 41 10 15 1 7
31 18 45 52 58 23 29 9 30 25 29 58 10 46 58 30 3 49 16 58 57 33 48 30 51 5 19 55 11 48
31 45 37 39 48 1 26 24 41 57 1 23 44 38 36 10 3 51 54 53 54 38 27 46 11 57 15 54 45 46
35 29 19 57 53 59 34 7 47 13 7 37 1 60 9 35 47 18 43 26 10 7 37 59 55 26 34 25 35 15
16 28 51 44 27 53 57 6 60 11 20 5 45 34 55 60 51 57 8 45 19 3 18 41 11 27 12 24 60 3
33 10 24 38 32 2 59 8 40 21 47 5 56 37 47 5 36 5 50 29 8 3 48 23 40 35 25 24 8 19
38 50 20 37 7 49 59 25 24 19 17 24 4 50 11 20 40 9 49 2 40 8 50 16 12 20 36 5 27 38
31 48 14 20 48 48 59 49 31 6 24 34 34 57 59 29 14 13 54 46 39 8 18 58 39 13 16 7 49 8
35 5 41 31 40 35 22 37 55 23 46 56 51 49 41 17 6 57 37 49 27 30 18 1 55 2 5 46 11 31
12 60 23 55 33 17 44 10 47 23 11 14 54 3 55 26 2 6 40 42 13 58 8 32 24 2 2 2 26 56
27 20 26 30 13 53 12 11 35 17 51 30 4 57 36 43 55 21 29 5 57 25 50 50 26 52 20 16 23 20
38 44 50 60 36 20 11 9 11 56 51 60 57 54 27 52 19 16 24 20 1 29 52 16 49 4 17 2 59 56
47 15 46 35 1 18 6 32 59 19 5 51 26 52 42 52 10 7 6 34 58 1 21 37 53 43 21 4 12 11
27 29 29 42 38 20 58 51 49 45 51 41 13 44 50 51 23 19 20 12 12 33 31 24 22 22 27 44 33 43
54 30 52 4 29 4 45 36 27 11 4 58 29 20 9 45 29 37 14 52 7 57 36 49 58 17 55 18 39 50
40 32 3 59 27 30 2 45 36 10 56 21 30 16 33 16 22 29 19 53 58 31 51 20 5 2 5 34 32 7
58 42 19 1 6 1 42 11 5 42 11 50 16 53 32 8 16 32 36 2 4 1 27 54 24 5 12 3 51 36
8 41 3 39 49 29 58 51 50 4 6 4 46 45 46 14 12 21 50 59 39 16 13 47 10 30 32 34 36 48
32 57 35 54 15 35 55 43 19 10 40 2 48 37 57 37 33 42 1 26 44 8 50 6 23 41 50 26 59 27
57 18 21 49 3 40 50 35 45 58 58 19 4 10 14 48 46 20 43 36 21 43 41 46 10 54 37 4 19 35
47 41 20 60 57 28 57 47 6 53 41 51 2 47 30 37 9 48 40 47 8 19 36 5 9 16 48 9 54 37
43 46 17 22 55 15 10 29 24 4 16 28 45 60 44 29 27 56 31 18 50 26 18 58 27 45 48 38 11 5
16 24 22 4 27 19 10 34 14 18 60 42 44 35 40 35 13 13 15 31 54 29 59 53 45 32 39 11 59 59
15 32 52 45 7 34 31 21 19 45 16 26 32 36 44 5 57 7 19 53 1 37 4 12 12 50 27 55 45 52
3 13 5 59 42 46 6 49 50 23 45 34 57 47 41 6 33 9 59 54 58 8 37 23 55 28 22 53 59 56
12 42 2 38 46 40 52 5 37 37 59 19 19 34 22 14 37 44 57 49 52 58 14 17 36 58 5 2 15 31
20 22 22 40 23 10 39 54 21 25 55 4 17 27 5 30 20 41 13 49 21 30 56 7 14 58 24 34 4 13
46 31 1 53 26 10 19 36 32 45 34 60 41 12 45 29 51 52 37 12 44 55 36 25 6 58 28 21 53 18
38 49 35 7 13 29 17 54 32 7 18 1 24 4 25 51 18 35 35 27 27 11 20 18 24 49 2 3 42 6
14 44 54 29 36 16 49 53 11 52 37 56 40 55 44 43 47 8 5 38 45 16 21 14 30 52 30 52 50 4
32 55 13 22 1 52 57 30 24 21 53 51 59 39 58 49 35 46 1 10 60 11 19 47 19 12 55 59 38 51
58 24 6 12 9 15 30 20 24 56 3 39 49 3 24 30 59 57 55 58 30 10 40 45 11 30 3 55 38 5
9 10 35 22 16 18 50 37 24 21 34 45 39 43 41 44 58 38 18 47 14 47 25 48 36 20 37 55 12 43
31 20 35 33 49 60 41 60 25 55 15 17 35 29 25 5 2 19 27 27 31 52 23 56 17 51 59 38 41 32
60 26 1 31 3 54 36 10 20 49 23 1 15 47 52 32 58 16 53 60 35 43 41 17 34 35 35 43 45 47
60 46 36 18 4 19 32 39 11 31 18 4 56 19 46 41 25 24 26 40 41 51 7 28 16 58 15 58 15 40
12 29 23 36 49 10 1 34 6 48 21 6 32 58 45 2 49 25 42 22 46 8 41 8 31 23 35 25 39 49
52 40 18 26 35 49 29 35 15 42 23 39 47 57 46 36 3 43 44 2 53 14 56 51 47 20 54 14 11 31
17 29 18 19 42 32 22 27 54 21 23 25 9 60 38 33 19 48 40 22 28 32 58 25 21 2 26 15 16 55
45 33 39 37 27 51 4 10 45 59 48 29 40 14 25 36 6 57 15 4 16 17 45 43 25 41 29 21 22 25
1 51 4 2 20 17 24 29 27 16 23 53 33 56 14 14 15 50 14 14 44 53 52 5 49 35 59 50 41 17
38 26 30 30 23 30 23 17 26 57 45 28 11 23 55 37 42 59 28 31 5 54 52 47 4 27 52 24 50 34
25 32 49 39 8 36 44 14 6 28 54 48 31 15 4 37 20 56 59 34 46 4 10 10 58 32 26 52 59 33
45 8 54 52 20 10 41 55 36 44 58 34 57 34 54 36 60 42 33 26 28 43 41 6 16 30 45 58 15 29
32 8 5 12 10 9 20 14 24 42 51 31 25 16 30 56 48 21 6 60 6 53 7 14 18 50 40 37 30 36
13 7 37 15 29 3 43 51 23 32 46 47 35 39 35 24 9 20 36 47 43 1 2 46 55 25 13 39 18 14
4 58 25 58 46 14 10 30 17 18 34 39 29 54 21 24 45 59 20 10 39 57 44 17 10 20 9 14 37 36
48 18 32 12 7 34 11 35 41 51 25 33 32 34 49 11 52 15 2 4 57 53 2 3 31 51 1 30 21 60
32 58 7 21 41 36 20 26 26 11 44 5 7 28 4 1 10 13 23 22 54 8 18 9 51 60 7 59 43 4
4 35 19 33 12 31 48 14 42 22 19 25 2 45 1 33 3 13 26 55 33 19 2 18 50 48 8 54 52 39
38 33 7 46 51 58 25 6 45 11 4 22 29 48 26 20 56 51 6 8 33 8 34 29 41 4 21 57 37 21
43 13 9 59 11 4 25 23 21 56 36 27 48 38 27 57 17 45 21 47 56 42 49 23 39 27 20 1 3 41
38 56 47 24 7 15 35 60 37 37 14 4 37 23 32 3 38 47 18 36 28 34 51 54 56 46 12 35 57 21
5 10 6 41 47 28 45 4 38 52 3 32 4 17 14 19 31 39 44 14 1 16 21 59 26 8 35 36 5 23
9 8 24 58 54 39 56 19 36 30 46 23 40 33 26 4 48 17 5 48 58 21 38 17 57 17 22 15 36 3
36 29 58 25 16 60 26 37 12 26 1 40 60 39 40 39 10 21 59 8 60 25 58 49 58 35 15 17 39 36
20 32 51 42 33 22 55 51 15 7 50 13 28 28 4 21 51 53 43 16 55 37 20 45 22 17 57 11 16 28
49 11 8 57 33 59 11 5 5 57 50 26 1 16 40 15 25 34 24 26 3 54 57 9 2 55 50 12 37 10
54 29 43 41 15 1 48 3 30 9 49 56 31 30 36 5 50 38 59 19 42 10 35 17 10 38 56 36 25 22
46 7 5 43 60 36 5 36 45 37 38 55 4 1 50 2 52 44 11 31 57 12 46 2 48 49 20 1 8 10
26 10 59 44 45 27 59 22 31 13 49 57 20 49 1 41 46 4 23 3 14 59 27 42 8 8 4 3 18 13
2 57 37 2 23 28 43 40 24 51 29 42 32 46 33 38 21 19 12 2 30 35 36 1 2 19 13 36 55 58
21 2 49 45 3 45 30 40 23 49 19 26 47 42 7 8 27 3 25 43 55 32 9 47 27 60 40 24 8 28
26 51 28 41 59 6 58 9 5 45 47 36 55 11 46 16 54 40 4 60 31 43 32 22 13 5 57 24 40 2
23 56 48 3 47 59 27 54 41 26 10 15 25 33 39 60 14 22 21 37 45 1 20 57 53 38 25 27 32 16
1 24 48 44 18 35 10 20 57 16 35 8 50 31 18 54 36 12 27 6 46 29 1 15 22 11 20 19 41 50
31 32 21 46 35 48 40 53 54 58 60 54 28 17 60 54 28 48 2 27 40 57 22 39 18 37 60 27 29 50
10 12 23 46 19 42 16 32 5 1 37 51 56 19 7 46 49 51 3 5 9 43 47 6 35 58 4 44 42 41
49 23 40 7 11 52 31 44 5 19 5 36 26 36 20 1 4 23 8 10 13 16 31 4 11 52 1 50 24 37
27 55 45 53 14 30 51 19 12 39 17 2 31 27 52 27 48 53 22 44 51 13 38 56 40 27 31 40 37 57
51 58 23 55 4 24 59 10 25 22 11 22 52 37 13 38 23 5 3 43 32 6 14 18 23 22 2 52 38 8
18 33 22 23 59 18 37 4 13 45 49 56 28 46 48 49 43 60 2 26 29 49 34 12 39 49 16 52 13 20
43 29 56 60 53 8 51 28 60 56 14 10 41 1 9 35 10 13 56 25 45 15 11 34 29 6 36 39 60 46
11 22 59 24 30 54 40 34 28 30 13 11 16 20 57 36 48 8 49 41 55 27 45 54 2 54 49 21 31 5
53 3 14 13 55 7 3 16 35 14 17 33 21 20 5 56 34 32 18 41 40 6 23 16 59 20 40 28 28 28
6 40 38 56 8 8 6 13 9 41 42 15 36 2 48 56 20 58 34 35 30 28 18 52 57 3 27 58 35 14
25 41 60 7 57 52 18 8 20 3 41 57 8 3 54 34 31 34 10 10 42 20 7 39 55 56 23 30 19 34
38 33 27 7 51 56 8 35 56 8 17 19 46 42 51 7 31 48 52 45 14 43 60 5 43 42 54 58 5 17
58 32 1 48 40 1 1 5 40 45 35 16 13 47 5 31 38 13 48 6 48 7 44 25 49 39 8 33 34 30
5 20 42 41 42 7 46 10 43 47 14 55 20 48 15 39 36 8 6 1 53 2 5 19 18 7 13 31 1 6
8 46 4 31 48 10 1 13 4 36 9 15 31 4 42 23 56 10 5 43 49 2 31 51 5 8 59 54 39 49
54 43 26 43 7 1 41 55 14 60 60 12 2 1 3 17 56 58 19 15 56 37 23 24 27 36 25 54 2 33
25 12 55 5 56 54 8 13 53 32 8 6 32 9 28 17 54 29 47 48 9 12 57 38 19 36 49 47 32 48
55 45 59 56 60 44 5 30 5 40 32 48 36 15 39 14 18 20 5 33 33 38 16 9 43 12 18 35 41 18
37 41 42 58 4 23 10 52 2 29 35 39 21 8 43 14 34 45 46 18 49 27 5 19 18 36 5 7 35 29
11 43 38 12 36 32 4 46 59 9 49 28 54 59 33 7 59 5 60 13 16 38 31 39 4 47 35 41 5 32
13 48 27 36 20 33 13 27 57 55 29 12 7 20 6 4 42 35 46 57 37 60 6 34 52 15 12 45 11 59
54 4 27 30 14 28 6 31 2 48 32 38 57 55 46 46 21 28 60 46 47 25 8 26 34 28 40 46 22 50
1 41 38 59 50 49 39 32 55 38 59 56 5 24 46 43 27 58 47 40 48 25 3 6 14 51 15 21 43 50
33 17 59 7 38 29 25 6 20 42 42 17 48 30 59 15 19 18 46 47 8 50 8 31 26 35 12 59 15 32
40 53 34 23 41 31 54 60 38 29 15 7 19 15 56 18 35 3 2 48 5 3 10 57 28 26 49 50 47 20
42 20 50 29 51 53 9 38 56 28 27 22 54 32 14 46 52 35 40 45 22 56 28 40 29 33 38 45 60 21
1 10 59 29 39 58 15 10 37 15 54 47 14 7 52 35 18 53 46 53 53 30 15 7 45 46 40 47 46 47
52 18 8 22 43 48 24 16 42 19 33 11 55 3 13 59 49 60 39 37 23 54 36 27 32 43 54 7 42 26
38 49 33 37 59 11 24 40 35 19 38 53 49 52 39 44 34 46 12 9 59 5 46 52 31 20 43 34 1 1
41 29 17 30 42 36 50 25 56 48 55 8 4 13 30 52 57 26 6 10 56 35 19 13 21 26 19 18 24 28
52 58 11 50 28 60 4 38 24 44 32 51 1 18 39 42 8 38 57 44 41 3 9 28 44 44 13 39 32 55
3 33 46 20 2 58 19 34 52 3 4 21 2 34 41 26 60 22 56 23 47 8 16 17 58 26 58 19 44 56
39 31 59 29 47 33 31 58 7 25 31 27 31 31 29 24 55 44 47 49 50 39 11 39 60 56 39 57 5 7
23 30 34 9 16 52 50 50 48 27 27 10 47 42 14 25 20 53 33 36 34 1 30 25 39 12 8 3 28 12
40 2 50 22 25 23 40 40 57 49 2 1 9 5 17 6 52 40 38 9 60 19 21 39 51 38 45 52 13 13
5 19 9 11 41 44 5 48 50 58 52 11 24 42 11 55 19 58 50 8 28 36 22 42 32 43 52 17 44 37
19 17 32 53 26 19 12 22 14 54 17 13 16 39 25 12 53 14 5 32 17 50 29 53 2 55 34 45 60 58
16 13 27 50 36 57 54 3 35 34 17 44 6 30 8 40 5 34 17 6 32 19 48 27 22 14 46 32 19 56
3 13 26 44 24 33 1 17 22 53 51 39 60 36 1 55 21 43 35 9 2 8 32 39 18 41 38 16 59 55
10 25 12 8 14 29 59 6 56 28 39 52 30 54 4 40 14 19 28 37 45 40 15 59 27 54 24 17 31 37
47 19 50 47 17 44 18 9 17 57 3 27 47 44 14 24 14 7 39 37 17 10 41 10 10 47 47 56 1 1
33 50 2 19 27 52 40 48 45 16 55 6 18 22 58 28 3 19 4 49 3 34 5 49 6 3 43 17 7 43
1 40 10 31 37 42 47 45 50 50 34 28 21 39 57 39 8 7 59 27 52 16 16 14 30 22 59 40 43 3
46 6 6 26 32 34 4 23 7 7 36 30 25 16 10 9 40 16 26 51 9 4 53 44 44 29 49 28 26 57
41 34 19 13 34 6 46 29 55 58 23 18 43 54 18 17 17 18 11 60 25 46 53 1 24 11 26 21 49 6
60 29 2 48 48 56 33 44 21 24 56 26 8 38 50 36 32 11 48 25 56 9 54 33 45 10 40 19 47 29
24 40 10 33 37 5 8 16 31 58 52 19 49 1 29 20 37 50 45 45 25 57 46 23 54 50 44 48 30 45
57 39 53 55 32 3 18 46 33 24 14 22 29 36 53 57 52 2 56 49 33 3 11 27 55 43 56 17 36 31
24 1 26 20 33 17 41 11 12 40 22 60 38 5 9 6 3 39 6 3 15 60 18 54 48 16 49 24 18 42
34 3 15 45 17 27 40 29 34 29 17 56 52 52 51 2 33 42 17 47 38 8 46 58 1 14 23 51 4 31
10 19 16 53 25 10 23 53 33 37 36 17 1 24 18 35 32 37 46 59 26 41 44 7 14 15 50 32 51 39
49 1 56 2 45 50 12 31 41 40 41 29 21 11 6 20 27 13 5 38 51 18 46 14 9 29 51 13 52 2
4 20 37 54 5 9 47 39 19 23 27 3 20 32 11 52 43 25 45 3 29 15 7 30 55 56 20 11 34 29
6 56 36 34 43 3 22 21 22 25 58 36 31 32 14 4 39 57 23 36 46 28 37 1 40 48 49 29 14 19
56 1 29 26 60 38 41 42 21 54 14 55 26 47 4 42 9 45 25 3 3 13 30 34 14 5 58 35 3 40
48 50 24 26 9 12 60 33 3 17 39 33 30 8 39 55 36 20 60 39 59 21 19 16 28 27 1 52 32 37
39 50 16 33 51 51 11 5 40 31 9 56 48 40 60 50 51 43 35 1 12 59 14 22 51 45 33 30 43 43
24 55 39 7 13 12 29 13 12 33 16 50 2 19 41 22 51 34 29 43 57 16 49 31 15 36 35 59 29 51
4 50 26 19 41 21 15 54 32 54 45 1 9 49 57 2 11 35 42 7 4 42 43 18 1 51 42 56 21 45
39 49 29 37 29 1 46 7 3 22 59 40 1 27 2 33 1 52 41 20 56 5 37 34 40 7 6 40 39 37
44 20 27 15 39 22 28 52 49 49 26 41 29 35 38 29 21 2 50 58 58 47 58 52 53 3 46 52 18 36
55 38 51 39 13 27 46 59 9 13 31 1 13 25 19 28 33 59 7 33 1 32 38 44 58 38 27 34 17 4
26 59 56 41 59 46 51 12 31 5 11 24 13 18 58 51 37 27 54 4 10 5 53 48 2 52 13 1 53 40
42 38 3 46 57 60 3 45 24 19 56 41 58 44 25 48 27 34 59 60 49 22 17 11 11 2 53 34 48 18
11 45 9 27 1 18 49 56 8 10 6 26 52 60 50 6 51 50 29 47 54 29 42 51 33 1 48 53 32 53
53 6 20 4 21 37 2 6 7 10 47 13 50 42 7 47 1 23 25 46 53 34 56 16 13 16 16 22 52 48
25 58 53 44 57 50 24 23 11 43 60 24 50 19 44 27 27 44 39 38 29 50 15 28 26 53 22 33 4 48
36 13 16 49 49 15 31 46 57 55 35 51 53 13 17 38 49 52 29 35 6 28 27 6 35 39 59 35 39 47
34 31 53 22 28 45 6 5 58 56 40 4 15 19 2 3 14 13 14 56 13 2 54 33 56 9 47 21 18 9
9 30 53 10 42 50 57 9 7 22 48 43 11 19 55 43 41 16 17 14 26 28 25 27 15 2 38 28 3 58
4 1 38 16 3 41 38 39 56 19 29 60 34 32 48 16 8 2 58 5 9 43 58 21 33 31 28 57 14 52
59 37 2 32 25 8 3 44 17 58 25 55 38 14 21 42 40 35 31 15 4 15 49 24 30 56 44 19 10 41
34 40 49 43 15 10 31 30 32 40 34 6 17 51 13 14 20 10 60 20 1 1 34 5 24 57 15 4 50 3
1 17 40 9 44 19 15 11 59 19 1 12 9 32 45 46 37 22 12 17 56 20 27 59 1 28 11 22 49 50
41 45 19 47 59 45 17 39 10 3 3 28 30 28 11 49 58 21 29 58 57 14 8 15 15 11 28 54 33 45
42 55 42 47 57 35 38 50 22 15 33 1 50 31 44 16 30 6 26 20 23 52 14 31 24 15 59 1 25 38
20 40 14 34 56 22 44 12 41 43 39 55 7 10 60 49 16 29 28 41 52 34 45 20 49 29 16 57 45 32
15 45 4 42 43 18 58 41 12 29 18 23 5 24 6 5 7 25 8 37 5 53 20 5 24 13 46 4 6 19
58 28 12 37 39 22 39 19 34 47 41 14 39 18 54 34 8 35 58 25 31 24 23 18 39 32 19 22 29 34
23 7 29 4 31 25 53 4 53 60 51 58 20 12 60 38 48 40 56 42 1 17 55 6 56 2 20 44 46 46
39 33 16 29 49 58 14 8 20 26 30 40 38 42 46 4 37 19 28 5 44 9 20 13 37 32 16 27 3 12
36 47 33 56 27 41 56 3 9 43 1 50 41 1 54 52 4 58 43 16 9 11 60 25 44 7 58 27 27 44
23 41 59 23 15 49 29 56 10 36 44 13 55 4 53 9 52 9 27 55 46 15 34 37 14 22 6 7 52 35
54 10 21 42 24 9 33 25 1 11 15 47 4 43 18 26 9 53 30 41 22 4 56 13 58 30 5 46 57 20
2 32 34 10 5 33 50 14 15 32 60 33 46 7 6 54 8 20 16 3 35 52 13 1 8 1 59 15 25 48
56 37 58 20 57 5 43 36 10 23 41 38 37 3 51 26 10 34 52 52 1 27 32 14 38 59 38 57 34 41
38 37 59 32 13 11 15 24 35 39 43 59 48 16 55 12 38 18 34 6 56 54 36 50 47 24 15 46 4 43
6 35 54 48 14 19 2 35 21 54 9 4 50 34 2 10 12 59 13 26 37 29 35 60 24 13 45 9 14 15
51 48 27 3 28 52 9 9 52 13 15 46 23 15 23 6 44 23 24 29 46 29 43 59 27 51 8 51 14 60
10 29 46 29 58 43 28 45 27 29 20 28 59 2 25 54 11 39 33 37 22 28 4 2 1 22 39 43 14 27
8 35 2 59 58 16 23 28 22 56 53 1 25 54 60 32 43 52 3 6 21 24 11 58 57 1 50 17 16 42
24 14 13 24 45 59 48 27 4 14 43 12 14 23 21 39 40 38 41 52 6 51 55 59 30 17 21 23 27 38
25 37 40 48 14 11 37 9 40 12 58 39 41 29 19 5 33 29 50 10 44 46 12 58 33 34 2 20 22 25
51 53 15 13 3 55 11 20 11 41 34 17 6 9 45 60 23 23 46 1 11 2 25 2 47 15 1 4 6 20
11 58 58 49 45 54 24 42 55 4 10 20 45 26 9 36 5 60 9 6 40 47 27 31 53 25 19 45 37 2
44 18 3 22 45 52 15 25 12 1 60 3 15 1 4 50 8 57 14 20 28 10 7 14 47 22 48 56 36 1
18 19 3 26 24 46 47 10 55 8 29 58 45 47 1 38 59 35 20 5 32 9 44 36 21 13 8 15 12 18
10 21 9 2 3 30 8 6 28 5 53 27 46 34 6 12 28 25 43 12 55 44 53 5 12 52 59 16 24 31
31 22 19 15 31 52 16 5 60 26 44 20 39 10 22 53 11 1 42 6 26 18 9 34 15 40 27 18 1 55
24 46 7 8 16 15 23 22 30 52 9 11 24 20 34 54 26 57 42 24 12 16 41 7 4 60 28 29 17 48
26 9 19 33 23 20 25 29 10 30 44 36 28 56 43 21 42 33 25 29 3 21 39 28 45 16 38 35 21 34
51 32 29 24 35 1 42 44 52 50 27 58 56 44 52 45 56 48 14 13 58 43 13 11 2 60 47 33 5 56
40 14 37 2 38 38 41 51 60 4 45 47 21 6 55 47 34 19 5 54 26 6 21 30 49 32 49 52 19 44
27 51 27 51 49 20 54 48 48 40 5 1 32 36 29 51 52 5 60 12 56 8 58 8 16 19 43 33 54 1
17 25 3 15 18 60 49 24 22 16 19 17 19 43 59 18 50 15 15 46 45 25 49 17 15 40 53 42 14 42
12 6 40 16 29 40 58 37 31 27 60 8 44 40 21 20 60 2 44 58 19 28 12 2 41 36 27 35 2 46
24 17 41 58 5 21 43 17 59 9 16 41 32 55 56 21 19 19 26 15 25 8 52 23 38 39 24 8 1 16
30 60 18 21 39 47 38 50 38 6 23 48 23 52 54 23 37 52 52 8 22 56 12 24 38 50 40 49 10 32
21 27 12 3 57 2 33 2 51 24 39 34 37 10 4 25 21 54 24 5 23 12 7 40 9 38 1 13 32 7
59 31 43 50 47 56 30 42 15 44 33 52 22 24 45 6 50 12 18 38 54 43 3 50 45 47 60 42 46 41
35 24 39 7 27 52 49 45 1 30 44 54 60 51 37 31 23 15 22 21 19 22 6 37 13 4 49 45 19 8
18 1 48 29 51 28 55 28 46 2 40 11 40 51 14 34 16 21 37 3 44 14 7 7 56 36 35 34 49 56
44 10 50 39 17 44 33 23 32 51 56 31 22 53 56 15 41 4 6 23 40 8 18 36 8 21 52 17 30 47
4 6 16 30 33 33 52 30 39 34 23 40 43 28 11 56 20 25 31 50 25 26 23 37 4 56 35 18 17 36
4 17 45 57 7 59 30 33 4 8 23 8 13 41 30 53 57 44 3 32 31 40 24 39 32 56 10 5 33 53
2 16 13 28 33 57 59 41 42 8 23 11 50 32 16 34 28 3 49 40 60 55 26 20 7 44 52 11 42 43
6 30 32 24 26 38 23 15 53 11 13 54 20 30 60 52 21 45 44 10 30 11 22 3 36 33 49 6 22 40
59 37 12 6 59 58 14 15 31 26 9 23 44 17 42 50 14 28 46 9 27 4 46 33 6 29 60 15 2 49
11 34 14 57 20 10 45 51 6 37 53 9 55 12 9 26 29 57 17 34 1 51 36 27 8 6 30 15 53 55
29 34 2 46 31 8 48 19 19 9 18 49 11 54 24 33 59 19 6 22 38 49 39 41 22 9 7 23 36 29
8 54 2 32 4 46 20 56 51 1 19 39 23 29 41 28 32 47 45 16 47 1 24 15 56 15 38 6 24 41
43 60 52 51 24 55 12 58 29 40 55 24 29 21 27 39 37 57 2 13 34 39 1 30 2 52 33 34 22 47
15 10 51 22 53 27 15 21 49 52 26 22 30 11 11 60 15 30 24 6 14 38 22 4 37 17 53 17 50 44
9 54 16 36 15 48 38 16 7 49 32 52 5 38 52 5 39 58 13 46 45 53 60 17 43 59 24 24 59 5
24 52 15 60 45 6 25 5 57 48 44 2 32 28 47 2 40 59 29 14 3 55 55 36 19 46 52 28 51 20
16 10 5 39 11 11 52 47 41 45 28 10 15 54 55 39 28 53 54 25 12 39 17 26 42 47 10 9 14 38
46 48 47 60 31 20 37 37 58 23 52 59 17 42 41 32 19 6 56 4 53 12 37 60 26 34 52 22 55 13
6 27 14 21 42 54 28 14 53 60 1 18 23 22 53 51 45 38 22 54 3 8 56 19 24 11 32 12 49 36
49 11 42 24 49 52 13 59 1 43 42 23 18 2 39 14 57 48 30 15 11 54 59 52 12 59 17 25 57 11
13 27 7 57 45 59 16 51 48 8 23 16 53 1 50 52 31 45 1 28 52 8 60 7 59 60 17 38 1 26
52 52 37 19 24 42 54 13 57 24 48 17 19 23 55 52 7 14 43 60 22 2 12 49 38 6 57 50 7 48
15 27 21 42 10 31 4 10 48 14 42 48 38 11 24 58 54 33 40 54 27 27 48 47 9 18 10 36 21 17
26 13 32 40 5 8 59 28 8 43 58 4 9 11 38 57 11 28 22 60 11 60 58 20 5 58 34 12 15 13
42 42 55 56 7 19 45 55 33 51 10 11 48 53 18 7 24 24 55 55 50 7 53 35 38 15 52 54 55 21
50 54 34 7 9 6 27 24 54 39 9 54 20 7 50 22 2 4 53 37 10 1 37 15 58 37 59 38 11 32
33 21 2 32 37 45 22 2 57 58 22 9 18 37 45 23 9 58 53 45 11 48 44 37 59 28 43 50 48 12
20 44 2 35 15 28 40 16 43 10 44 5 31 29 51 49 1 39 41 24 16 4 15 15 15 25 54 35 37 26
56 37 11 46 47 14 40 8 11 10 18 28 33 24 4 37 33 3 16 24 6 44 2 15 39 41 41 23 39 50
24 48 8 39 45 58 43 53 22 58 48 43 3 30 37 9 59 45 27 3 41 18 50 17 41 8 7 31 48 49
44 30 51 35 51 32 16 13 48 17 53 21 6 32 29 41 26 58 59 26 28 34 10 40 9 22 2 32 10 60
33 10 34 55 26 50 14 29 35 2 37 14 28 39 40 11 13 7 54 20 6 12 50 1 16 4 60 18 60 4
60 6 41 10 41 37 45 32 21 53 16 31 3 54 54 8 44 34 10 9 49 1 44 52 55 8 37 47 11 18
2 5 22 36 57 55 46 19 47 45 24 11 16 6 26 50 57 46 31 38 25 56 5 40 1 40 4 27 21 38
42 59 23 38 47 19 59 30 9 35 37 22 53 27 32 56 38 13 11 6 35 33 28 7 38 38 44 24 49 37
16 52 3 20 18 50 50 55 51 58 15 60 15 34 19 32 29 9 20 5 17 43 58 5 13 43 19 57 36 6
45 12 3 38 28 35 2 23 60 24 19 54 56 26 47 36 5 22 47 20 54 2 48 5 34 50 25 31 23 13
46 4 57 52 12 50 27 28 2 58 26 24 24 30 29 27 1 60 33 1 53 19 4 6 5 22 8 25 3 14
28 20 42 12 13 46 21 33 3 19 59 60 6 54 8 9 29 20 54 59 27 55 5 2 8 16 27 46 39 21
10 29 33 36 60 43 59 3 32 44 34 59 9 4 32 47 22 33 47 31 36 14 22 28 54 3 26 56 32 60
29 40 27 39 16 51 48 46 11 1 27 49 13 39 5 45 15 57 9 10 52 26 6 5 7 50 54 43 39 60
12 43 6 15 4 17 46 46 57 2 25 32 21 42 42 60 58 23 17 10 44 43 1 5 45 38 20 29 46 8
31 13 47 11 4 14 9 21 59 52 6 58 21 60 59 35 2 47 13 15 35 36 6 33 59 58 47 37 2 17
59 5 13 23 48 3 26 36 11 10 2 31 41 18 2 33 53 38 34 17 48 17 59 44 4 23 8 59 20 10
54 16 2 27 15 18 29 57 59 45 20 20 53 45 50 22 27 46 24 26 50 52 5 43 45 55 16 48 28 54
55 18 40 5 27 18 41 31 28 36 57 47 42 6 51 2 8 10 14 41 28 23 51 6 7 5 3 21 59 26
31 50 40 23 35 12 16 43 19 50 14 35 56 29 37 41 35 53 20 12 57 57 53 4 28 23 52 3 59 32
45 10 5 11 28 23 25 57 24 14 21 56 1 59 9 30 4 49 56 40 37 2 49 58 21 36 59 23 40 52
33 54 28 25 54 24 24 5 8 23 58 50 41 39 39 38 11 26 42 9 28 10 17 18 7 33 59 13 21 26
22 59 35 30 1 46 53 59 20 17 33 2 20 28 42 60 44 44 7 15 6 42 26 5 33 34 55 3 5 20
11 10 35 27 29 3 23 53 57 24 45 57 16 48 47 41 38 36 24 50 24 6 24 4 36 39 36 33 8 45
18 1 31 30 42 60 27 18 39 18 35 22 21 23 55 45 10 45 55 26 38 39 50 35 18 13 35 42 53 12
42 27 33 11 39 4 46 55 4 6 38 12 60 29 36 29 11 56 2 26 45 32 13 50 53 5 32 15 10 26
49 27 58 2 3 10 6 18 26 51 17 5 29 45 37 21 55 35 11 35 49 8 36 18 24 2 30 40 44 34
25 48 42 12 13 20 28 18 22 44 27 23 45 7 43 12 59 56 3 44 44 41 5 34 47 18 16 57 5 33
2 60 57 2 37 51 46 16 14 28 24 50 8 45 12 3 34 51 55 58 18 22 24 22 5 26 12 50 3 19
36 55 26 17 48 21 1 45 39 46 48 11 27 50 32 26 30 26 6 26 12 10 38 41 30 30 30 20 32 30
21 52 27 26 28 24 46 9 30 29 60 50 34 20 15 30 33 16 36 30 26 5 42 49 25 51 8 11 22 37
46 23 42 25 11 50 24 16 49 21 42 38 26 38 28 48 13 23 16 30 7 7 25 34 22 2 58 3 18 55
37 17 23 6 50 8 47 52 15 19 23 9 19 5 57 29 2 10 38 37 35 10 56 44 14 41 8 4 2 35
45 55 35 59 51 16 54 52 18 5 51 41 49 14 51 23 39 54 54 37 9 60 7 14 6 32 60 4 24 15
44 5 8 5 19 56 39 56 51 18 47 1 31 27 53 1 35 27 26 27 53 23 37 33 44 15 27 33 41 52
1 45 46 52 44 29 20 11 37 56 24 18 28 44 45 23 13 18 14 55 50 44 49 12 4 11 49 4 17 58
56 47 14 1 14 55 28 37 46 29 4 60 35 46 45 36 23 9 48 33 55 34 10 41 13 60 59 3 20 4
25 45 38 46 23 1 60 49 40 40 59 32 50 28 46 29 1 19 19 39 4 45 26 20 47 35 19 16 17 58
30 1 36 57 3 56 40 33 54 10 30 40 16 16 19 17 56 8 54 44 2 33 37 55 49 53 22 2 47 36
9 2 6 15 33 2 15 4 60 11 38 43 32 26 22 25 1 53 5 53 7 55 52 7 27 55 51 15 5 58
46 24 24 33 7 39 38 53 4 59 25 53 11 18 8 35 45 25 37 37 4 6 29 58 23 35 34 51 29 56
39 5 39 30 4 55 26 7 30 57 8 40 7 4 23 53 51 17 22 33 27 42 48 27 54 2 4 50 19 36
48 15 26 39 28 15 25 17 11 52 37 49 30 8 10 22 32 58 9 50 47 46 3 23 10 24 34 11 53 19
25 21 4 4 54 55 59 54 4 6 20 41 10 30 50 50 31 39 46 32 51 23 12 45 17 36 44 20 43 8
8 34 48 14 22 27 38 18 49 7 12 33 22 15 3 48 26 31 31 16 24 42 38 52 14 21 56 59 17 21
12 32 43 35 24 17 32 23 9 8 36 5 10 11 26 25 4 25 33 3 60 60 13 55 51 26 6 33 7 40
33 23 56 57 54 10 38 27 41 11 57 28 9 31 26 24 11 5 40 8 24 44 21 28 54 60 26 49 24 9
20 54 28 32 32 31 25 39 18 57 18 12 30 3 4 13 24 10 44 34 12 11 2 35 52 50 58 13 27 24
17 49 55 60 22 22 2 1 37 21 10 39 58 4 3 35 35 30 16 26 44 34 28 49 35 54 36 54 51 33
10 23 21 10 41 25 60 24 22 15 20 8 50 27 29 41 21 57 36 43 26 37 30 13 25 40 19 19 4 50
12 4 11 32 44 26 59 8 4 2 26 48 35 34 45 58 43 10 1 22 47 21 44 16 20 40 2 31 57 34
4 4 19 13 16 25 38 8 48 49 21 31 54 3 38 31 59 29 39 39 29 19 31 7 22 27 41 30 45 26
49 19 55 8 57 10 13 51 19 60 19 6 12 25 14 33 5 40 4 7 45 54 54 2 13 50 13 37 5 52
2 13 55 25 41 19 51 55 13 41 28 41 25 48 57 54 59 29 9 16 12 49 50 20 29 11 44 32 55 40
44 58 48 13 50 4 49 54 8 33 25 34 2 39 53 59 7 55 41 19 14 26 44 42 18 15 43 9 9 60
49 26 2 29 43 22 3 30 19 27 49 56 32 50 49 36 36 42 43 42 44 10 31 45 5 59 56 60 13 25
16 27 32 8 10 34 29 9 38 59 18 36 20 7 27 17 15 19 49 48 23 36 40 57 9 6 18 40 28 38
25 26 40 12 33 9 35 7 55 44 6 54 10 38 27 29 25 41 15 30 46 2 10 7 22 59 26 19 32 32
46 31 28 60 1 30 17 14 17 26 13 28 51 55 11 34 4 9 59 23 28 59 60 59 60 43 55 57 8 11
15 41 35 44 39 9 41 60 54 23 31 18 42 31 7 15 35 40 31 2 26 15 18 38 12 59 13 59 36 56
29 25 17 23 25 40 31 45 57 50 25 59 55 37 31 11 40 47 10 40 3 18 10 38 24 25 42 31 50 44
45 1 46 55 20 33 54 38 34 54 25 38 33 6 20 58 57 18 59 33 27 19 56 56 43 2 19 52 23 39
33 31 20 38 11 3 28 40 60 32 45 13 58 7 51 58 22 36 24 36 6 52 5 51 2 40 9 23 1 1
38 35 25 17 32 38 22 40 32 27 11 9 17 24 34 48 37 42 5 41 14 40 52 44 7 9 47 33 9 11
17 29 44 57 28 42 6 47 1 16 42 45 6 49 16 20 26 10 49 52 29 54 9 35 44 51 20 54 13 6
35 21 54 27 51 2 34 36 12 3 33 29 32 13 1 14 53 54 35 49 25 35 49 59 44 1 1 47 5 47
36 52 30 12 34 50 60 17 42 16 53 39 27 39 20 28 49 26 7 55 2 55 16 33 27 37 55 51 58 55
45 22 12 23 11 23 6 1 32 23 16 2 36 32 37 9 48 51 23 36 58 58 53 2 44 22 4 17 9 39
40 12 43 24 33 12 33 46 31 23 58 45 20 48 60 37 8 37 52 12 48 3 22 33 15 29 21 23 31 44
13 60 15 3 5 32 29 12 20 47 47 57 60 53 39 24 3 10 9 14 29 50 16 14 60 13 21 17 1 49
24 60 30 27 11 59 54 2 28 51 35 44 17 31 10 6 28 21 10 24 45 32 23 15 35 11 54 53 35 44
9 7 41 8 15 29 44 15 55 12 12 19 21 39 35 46 31 43 13 18 27 17 40 21 54 43 38 25 32 30
20 40 42 52 29 37 53 53 32 51 30 8 7 60 48 35 15 55 57 51 46 21 5 51 37 26 30 27 28 19
33 4 30 29 15 29 20 1 28 54 58 49 31 2 49 9 10 47 59 18 45 26 41 60 27 27 43 25 26 2
56 37 26 30 1 48 23 31 54 53 9 32 42 41 57 10 1 46 19 11 36 20 43 50 34 27 41 9 21 28
30 25 13 17 4 13 19 13 59 47 24 16 1 21 10 34 56 32 40 39 59 50 53 14 4 32 32 20 24 40
22 33 6 34 43 6 51 20 18 7 39 47 40 39 46 55 44 52 22 60 40 24 39 57 60 34 60 22 53 1
12 59 32 21 1 19 47 60 42 56 24 32 36 33 18 45 7 5 5 4 9 58 35 49 4 31 35 50 27 17
13 26 35 10 17 8 1 39 54 10 5 6 44 39 1 17 58 27 16 44 12 58 15 22 12 47 35 38 19 29
8 21 4 29 48 18 23 11 43 52 59 40 16 48 49 5 54 39 18 39 49 44 19 51 12 1 52 31 23 22
36 34 57 1 43 22 35 16 18 14 58 41 55 40 45 16 28 50 44 6 30 43 41 6 32 38 47 20 22 47
14 36 37 39 8 56 8 48 32 44 6 10 27 5 60 11 40 19 54 60 12 24 43 34 46 12 50 53 9 35
33 30 15 44 48 31 57 58 13 20 48 6 53 27 8 11 1 8 33 20 6 27 31 19 59 10 37 50 30 32
17 35 25 11 32 49 53 2 31 9 44 19 5 51 37 33 59 54 51 16 32 40 58 5 1 21 50 32 15 29
50 10 9 23 47 19 17 48 37 51 15 29 58 27 44 43 41 16 10 30 42 34 4 49 4 18 39 53 31 8
47 18 15 55 16 30 19 59 16 39 3 12 37 23 13 37 24 25 18 36 3 45 45 46 24 37 19 45 27 4
54 51 54 29 15 57 58 19 60 47 44 18 15 26 16 5 24 48 26 23 31 31 4 52 9 36 58 15 16 22
52 37 9 11 49 49 15 14 22 24 26 31 48 36 44 1 51 29 23 22 24 57 12 50 31 40 50 27 55 1
3 8 52 47 51 8 27 32 25 32 8 26 23 15 7 52 26 51 40 34 5 59 32 6 32 38 21 31 41 12
27 1 55 29 5 10 13 22 32 3 12 38 34 18 6 5 8 21 27 3 29 10 30 43 4 5 8 58 50 60
53 42 32 31 26 24 29 10 16 42 2 54 35 20 55 45 19 57 37 22 46 49 9 52 8 37 56 38 55 11
51 14 27 24 58 18 57 5 56 28 11 4 30 18 43 12 26 13 8 11 20 12 18 44 59 12 14 41 20 42
44 10 10 32 35 46 11 12 43 30 36 54 28 21 20 49 20 47 9 1 31 24 31 3 30 26 14 10 21 25
20 48 42 24 2 5 27 22 16 56 49 23 43 53 15 7 9 34 50 25 9 57 4 19 57 25 46 35 33 21
24 27 26 57 3 36 60 59 44 42 16 49 18 55 25 40 27 1 42 30 55 9 55 23 19 27 29 13 57 32
24 41 50 27 10 25 37 49 8 1 10 26 18 23 51 39 10 35 9 40 43 9 53 37 57 41 49 51 53 2
2 57 45 37 37 31 34 54 40 20 20 25 44 26 34 19 6 26 17 54 28 49 13 17 15 35 13 22 12 43
59 19 36 42 59 47 16 39 36 4 54 52 53 52 1 12 30 58 36 39 36 58 25 38 36 27 10 49 11 51
37 41 25 27 53 27 33 54 34 43 54 7 29 15 1 14 58 34 34 35 57 24 33 35 23 26 22 11 6 59
16 5 39 38 7 46 39 16 1 58 4 58 60 24 59 42 48 56 7 7 15 38 46 11 42 57 42 5 57 48
50 40 11 24 52 9 59 34 56 60 59 42 11 51 21 28 9 21 57 17 18 11 4 59 58 37 15 6 11 50
12 1 38 13 26 33 54 41 39 3 30 45 30 2 12 16 19 57 29 31 21 54 44 25 21 6 58 15 11 49
27 29 18 59 4 15 27 15 19 30 5 28 43 10 13 37 9 50 32 23 1 9 36 6 45 7 35 12 11 20
30 12 52 21 16 27 22 40 42 5 32 18 25 33 59 31 13 29 3 2 23 4 58 52 31 30 4 55 45 38
13 8 60 47 34 23 36 17 2 3 34 57 45 42 7 11 51 21 27 1 20 10 16 56 53 27 60 11 56 43
26 51 60 18 7 45 41 34 20 43 31 28 1 55 57 31 22 17 44 8 27 25 36 56 44 27 40 16 6 2
13 20 18 23 42 40 58 45 16 41 40 49 16 52 26 9 15 16 15 21 48 8 30 6 41 21 4 44 31 18
39 59 21 18 23 59 49 56 7 28 51 22 48 12 58 7 42 48 58 20 15 52 25 40 23 5 21 58 13 47
12 24 52 16 45 58 15 2 53 26 28 16 37 6 39 39 42 6 47 20 53 48 49 57 36 3 29 13 47 21
42 20 43 22 26 57 27 37 55 17 39 31 14 39 40 19 32 58 47 2 52 50 9 46 60 49 37 23 48 18
47 29 10 48 9 11 25 19 37 18 20 44 60 46 13 56 39 27 31 32 18 2 34 10 8 39 35 59 2 23
60 46 18 47 34 16 14 6 42 58 24 44 34 19 9 2 48 24 34 8 33 12 23 31 3 45 53 37 48 45
49 28 38 55 2 1 25 12 20 19 20 11 26 13 4 5 31 10 31 23 11 44 9 39 45 33 27 11 16 17
47 45 53 30 25 51 21 55 25 53 39 56 41 38 35 23 50 9 26 4 3 9 28 34 48 17 31 52 26 41
45 41 9 51 52 1 55 41 27 27 2 49 9 58 59 16 2 15 20 37 12 2 43 13 60 39 2 45 11 10
15 13 11 30 19 36 4 20 48 44 21 47 48 58 36 18 38 10 51 20 2 36 28 15 12 14 13 35 12 47
4 48 29 21 34 32 46 54 54 48 8 28 60 35 1 36 2 6 35 24 29 7 34 31 49 26 27 54 7 36
49 41 30 56 52 9 22 53 20 1 28 2 14 53 29 35 30 59 7 54 52 48 29 30 60 42 37 14 3 56
18 4 22 57 30 44 38 58 37 53 48 42 38 39 23 20 17 5 31 5 37 32 59 44 32 25 17 5 16 19
11 28 13 33 29 2 34 25 34 54 58 7 51 35 43 22 50 20 20 12 49 47 59 10 48 23 26 56 30 37
22 40 35 48 25 43 19 17 3 54 49 48 30 43 60 47 29 33 34 39 55 39 12 4 49 27 26 7 47 23
58 26 58 43 40 11 38 25 52 10 28 49 59 7 46 45 38 48 50 44 22 36 23 15 42 45 2 60 55 38
17 55 48 1 37 27 17 39 47 22 7 55 47 40 15 1 48 21 1 6 4 41 14 41 5 41 45 35 38 54
54 41 36 20 56 60 31 27 42 52 53 42 20 21 34 32 52 8 13 60 40 24 9 22 48 12 49 42 18 26
56 24 2 13 18 59 41 53 35 23 23 54 59 27 28 39 5 18 30 60 43 60 36 27 59 17 29 38 54 19
11 42 25 30 47 37 3 45 25 52 15 13 52 53 6 18 35 53 7 43 6 51 32 17 31 3 34 6 19 14
11 9 59 54 40 29 29 57 22 41 23 21 44 1 44 14 2 44 36 59 17 44 8 30 27 20 32 31 45 28
41 33 53 57 2 6 18 41 30 31 38 38 17 23 56 38 54 35 5 6 45 12 42 45 16 57 47 38 8 45
16 33 8 14 40 9 18 2 19 26 48 37 28 54 37 9 28 43 39 55 27 33 53 13 60 16 1 25 4 52
54 60 21 5 30 11 4 53 48 7 60 18 33 10 30 56 25 19 34 57 35 45 24 43 26 2 42 13 53 37
54 1 43 52 16 12 32 6 15 29 3 30 24 47 28 50 56 58 58 54 45 32 25 9 57 26 57 31 21 20
21 38 10 17 32 41 8 54 8 21 36 43 52 30 44 28 24 59 39 21 31 33 54 59 40 53 40 39 52 55
1 34 40 7 43 24 57 4 26 44 32 38 20 23 38 23 40 45 15 56 55 29 54 38 2 47 34 52 24 34
52 34 40 20 28 29 55 56 60 24 43 45 43 31 2 23 13 25 6 48 30 12 23 13 56 3 15 19 3 13
37 7 39 10 18 8 53 33 15 41 16 53 28 17 14 53 15 34 60 3 18 11 26 4 32 7 24 32 10 41
36 10 5 1 47 23 25 55 42 32 5 25 2 46 20 21 43 10 37 38 35 21 23 28 26 34 60 13 12 25
34 52 49 44 1 23 9 20 22 21 42 38 15 53 23 56 45 57 45 41 54 17 46 60 60 3 7 22 59 54
34 14 46 35 39 18 39 10 25 58 46 22 26 25 17 11 17 22 17 37 49 37 52 28 55 34 25 2 2 58
13 2 46 45 2 33 9 21 50 31 51 11 49 34 38 41 4 44 33 14 46 5 7 50 4 3 15 3 33 12
30 56 58 32 4 53 44 38 31 39 4 52 39 33 55 27 32 54 20 55 19 41 14 5 41 57 13 55 53 29
28 51 52 4 23 35 31 32 43 39 22 37 31 55 48 25 5 11 49 49 33 8 52 60 15 58 15 50 34 14
1 28 28 28 29 12 53 8 50 21 32 22 34 41 7 39 4 50 10 4 50 30 1 35 19 17 29 33 34 43
42 58 56 31 43 3 51 25 22 20 37 4 6 24 33 47 1 30 57 32 59 21 29 42 31 17 30 41 7 29
30 20 30 3 54 53 40 53 44 11 40 48 13 7 27 23 4 8 26 3 26 2 30 16 16 26 30 12 52 13
41 10 44 18 35 6 37 4 17 11 58 40 38 1 47 15 12 33 17 8 30 26 22 40 51 8 15 51 20 21
29 51 13 20 58 16 42 42 46 8 22 28 27 38 27 57 50 14 15 38 43 40 7 26 37 5 53 9 8 6
5 50 57 29 51 20 58 26 2 49 30 6 39 5 34 4 3 60 39 27 55 8 58 12 44 17 15 6 54 6
51 22 27 54 59 44 32 43 36 29 45 24 3 6 4 49 55 13 41 36 6 51 11 60 57 29 25 25 43 10
28 56 40 54 37 7 59 58 11 5 24 5 46 30 49 17 44 37 31 54 2 11 24 16 27 17 13 60 39 59
19 31 17 22 9 40 2 12 59 21 28 2 19 35 48 5 59 45 50 8 10 18 35 48 10 3 31 50 18 29
48 35 34 30 33 14 22 20 40 6 50 33 28 46 34 9 28 34 9 23 29 18 34 42 8 25 43 9 54 48
2 24 56 27 29 57 43 19 31 2 12 16 26 25 7 18 19 11 14 53 3 59 19 54 17 5 2 21 52 46
19 8 18 35 30 36 57 49 15 25 35 22 53 48 13 44 9 10 52 8 55 9 42 2 34 32 46 28 43 21
46 8 17 13 7 30 52 3 25 42 38 2 56 35 14 11 59 5 9 48 43 45 59 5 43 6 6 5 35 52
8 5 22 11 1 9 15 6 21 9 26 11 35 48 37 44 41 15 5 55 20 33 33 57 6 52 55 26 60 20
50 1 59 42 52 53 1 33 49 21 40 10 32 55 44 18 12 48 50 26 46 49 18 43 4 26 46 28 3 59
44 52 27 52 32 49 48 53 6 3 46 9 7 25 58 40 33 18 47 7 3 48 4 42 55 10 21 14 16 8
33 22 21 10 27 50 23 31 31 10 57 8 58 45 36 59 12 33 59 23 26 28 22 48 14 57 47 39 29 51
57 59 56 54 38 3 39 23 40 24 1 7 9 17 3 57 4 40 1 19 1 34 19 7 8 47 57 17 14 36
21 4 30 36 5 54 34 10 7 21 31 53 1 7 28 46 37 49 51 8 7 55 21 44 36 20 3 50 54 59
37 5 44 3 37 53 35 34 43 29 16 18 23 59 60 34 44 37 17 23 54 57 11 14 46 17 17 41 49 24
34 51 40 31 22 56 49 32 52 5 6 8 2 48 38 36 49 18 55 22 58 22 27 16 6 44 20 46 58 13
41 24 2 14 60 36 34 16 47 21 8 46 39 40 52 17 53 15 9 1 53 6 41 27 30 58 40 33 15 53
57 48 34 17 37 11 2 57 8 30 6 1 53 4 34 21 25 15 43 1 2 38 30 9 52 20 19 35 6 41
27 33 14 51 10 5 15 11 48 1 20 6 39 33 11 37 48 10 8 54 23 59 58 58 44 22 11 49 5 27
52 7 47 8 39 43 57 52 40 36 36 9 56 12 18 2 59 44 7 55 24 30 9 22 53 49 3 27 45 27
17 29 41 54 27 11 56 60 49 14 50 7 26 32 56 11 46 50 6 33 26 57 28 31 9 35 43 14 17 8
10 17 48 60 11 9 53 21 36 59 26 43 60 12 18 26 8 9 30 47 6 42 50 21 14 33 57 58 25 54
23 57 12 2 57 55 25 49 14 43 53 57 36 22 59 54 6 36 51 34 60 40 35 59 24 13 47 11 35 59
53 47 40 50 5 47 57 36 17 52 3 46 36 9 44 10 1 44 48 48 20 21 39 41 10 49 58 19 17 5
34 22 17 50 39 40 4 35 24 27 23 17 25 19 31 8 16 43 23 20 31 31 13 50 7 39 21 31 24 19
29 18 45 31 44 1 16 48 40 21 19 3 2 54 19 24 7 15 44 53 3 2 26 36 23 47 2 35 7 42
39 2 6 4 49 56 8 4 40 46 9 8 54 58 20 38 53 37 57 22 57 58 6 49 4 46 58 12 48 57
48 51 2 15 56 2 14 49 60 17 44 55 31 30 29 31 48 24 36 21 41 27 47 41 53 41 36 42 22 50
56 25 37 5 1 57 7 24 21 49 6 44 16 53 8 25 46 7 12 48 43 39 43 6 42 10 28 49 34 35
3 38 3 3 49 37 12 27 25 15 59 20 40 35 53 48 55 47 32 39 29 54 45 53 53 19 13 59 27 4
6 7 10 60 18 4 25 8 59 31 1 19 50 10 12 9 46 51 32 53 34 27 14 9 23 25 58 59 16 9
27 53 42 18 54 9 8 11 40 60 20 38 39 54 13 14 11 8 12 44 10 7 29 55 49 21 51 40 40 58
20 15 14 50 54 40 58 55 16 52 17 27 51 17 50 28 14 53 48 55 29 33 55 48 48 3 28 47 45 24
46 13 14 54 17 37 56 29 22 11 47 10 48 14 45 19 11 46 38 39 12 9 51 2 7 39 35 55 10 41
24 6 22 53 35 14 46 25 16 49 1 30 46 37 52 39 51 22 14 6 34 35 25 60 49 34 3 36 45 17
7 20 45 10 42 46 35 25 3 58 34 25 55 38 7 19 46 52 4 6 41 7 47 8 27 3 60 3 47 16
19 32 58 6 9 47 4 20 53 15 15 57 45 14 25 11 51 32 52 53 19 4 57 19 44 16 20 53 17 56
12 25 17 9 5 39 21 22 3 41 36 55 48 22 15 20 45 46 14 48 15 42 12 2 52 4 36 25 42 43
13 15 49 57 18 42 55 60 4 12 55 10 48 13 25 8 7 56 39 30 46 13 4 19 40 18 17 18 21 52
25 28 41 39 28 56 1 30 32 41 31 1 23 19 2 35 35 30 8 43 39 29 1 57 57 4 49 43 42 56
33 48 55 29 21 49 45 47 11 59 1 28 16 54 4 27 25 14 46 1 6 25 51 57 18 59 29 27 26 26
16 60 26 41 6 31 59 3 35 35 54 46 19 57 18 20 4 28 16 55 24 31 5 36 21 17 14 33 39 23
21 33 56 52 35 46 13 34 17 37 1 29 31 9 21 55 39 52 51 5 37 6 50 60 39 51 48 27 51 31
30 49 41 26 12 16 21 20 30 55 10 18 47 30 35 16 53 15 45 21 47 58 52 24 9 23 33 28 60 30
4 32 13 43 22 1 7 47 48 27 53 26 56 38 53 18 4 51 31 22 47 48 30 23 52 3 54 32 17 25
30 51 2 2 40 2 31 48 30 57 6 8 12 16 11 18 50 41 51 21 8 48 56 25 56 36 7 50 1 40
54 10 36 10 5 59 5 48 19 52 24 23 41 26 10 32 45 28 44 6 50 12 56 55 10 49 31 24 8 55
42 43 43 49 57 59 50 18 32 49 14 17 3 50 7 3 28 35 50 26 36 58 47 36 21 28 50 17 1 20
31 54 2 31 39 2 4 21 16 5 54 1 23 2 47 30 38 32 57 23 29 46 45 24 14 6 48 36 31 50
14 44 14 51 17 48 28 12 50 60 60 40 54 17 54 53 2 54 20 1 24 34 29 59 43 25 25 28 10 19
52 41 39 3 47 51 39 49 20 48 41 36 35 59 8 18 27 59 35 22 38 28 57 8 39 7 18 34 50 20
52 10 36 59 25 2 9 30 39 59 15 16 44 27 12 58 7 31 43 59 49 5 10 42 19 47 48 31 51 3
17 46 30 45 53 59 3 3 22 45 11 25 7 5 43 4 20 55 58 31 46 57 40 52 37 13 1 24 29 12
31 49 51 59 15 40 45 47 34 20 58 31 59 45 10 24 37 58 58 56 22 41 54 25 34 4 24 6 51 7
32 21 47 50 44 40 23 20 4 45 7 8 29 21 26 34 20 20 19 10 56 42 45 55 6 22 20 33 36 56
58 14 44 30 7 58 1 22 56 31 57 43 51 32 37 29 45 5 29 50 28 31 46 40 17 41 5 47 43 1
9 45 14 58 2 12 22 28 13 58 3 38 29 33 51 26 11 33 42 53 5 30 28 43 19 24 12 40 52 1
58 8 42 31 49 17 49 52 6 42 33 41 44 24 26 32 12 44 29 57 25 35 6 43 47 49 4 1 30 19
50 5 21 58 30 42 39 37 17 30 31 34 5 40 7 39 4 25 30 46 40 6 40 60 38 5 2 20 57 49
26 60 26 22 14 4 19 5 16 40 35 14 58 51 28 49 59 10 60 20 26 19 3 8 52 58 59 8 20 51
48 32 29 43 53 41 7 50 34 48 22 16 48 44 21 13 36 29 36 54 36 13 8 12 12 25 29 41 52 13
18 35 42 37 10 50 24 35 23 51 36 58 46 39 25 44 26 23 8 19 18 40 59 14 37 34 52 12 5 4
34 34 11 47 47 8 9 23 45 41 22 32 60 19 33 42 19 46 33 41 55 14 55 25 30 51 29 37 6 9
39 48 12 43 53 42 4 57 13 47 38 7 56 34 4 11 31 3 11 26 21 44 10 57 8 20 42 38 5 16
44 23 39 14 41 56 17 2 22 39 19 59 25 30 24 16 21 51 32 32 19 36 38 35 35 16 57 50 37 6
59 55 44 20 58 42 19 47 34 20 40 39 12 59 41 29 36 21 48 9 5 18 34 31 3 22 44 22 2 53
17 26 8 23 27 55 24 11 49 51 3 1 32 21 51 56 29 46 27 38 15 38 8 3 2 5 60 39 60 8
37 34 22 21 27 39 20 40 59 25 14 45 57 19 35 55 50 19 34 6 55 36 20 34 26 22 7 53 13 43
43 39 58 14 45 11 54 27 12 13 38 22 21 40 5 45 26 23 53 49 60 1 3 7 19 57 32 20 44 14
31 25 9 7 53 34 3 28 56 52 4 45 4 30 43 18 19 28 44 19 56 9 52 4 41 28 20 52 23 8
48 39 9 46 59 22 46 13 32 27 9 45 53 6 8 12 33 56 7 5 13 47 7 45 54 52 43 57 45 26
17 38 21 10 21 54 3 23 40 25 13 51 22 31 43 9 26 39 45 21 49 43 53 19 33 47 52 31 59 35
38 54 18 44 43 11 32 54 24 5 38 28 46 19 59 31 3 45 18 8 19 59 3 53 55 59 12 44 4 13
26 59 26 4 45 25 33 54 22 22 27 32 8 43 59 7 9 49 36 39 23 7 57 49 42 18 22 59 10 31
33 15 4 8 53 50 58 33 49 34 7 48 51 2 36 13 38 57 26 17 14 9 30 54 33 55 23 25 5 51
58 34 31 15 4 26 1 3 20 48 45 54 45 35 5 29 11 20 14 6 2 50 22 19 39 38 31 24 26 26
38 2 22 5 51 31 18 15 44 22 21 54 44 51 43 52 37 16 15 32 12 56 34 30 19 4 10 6 16 44
58 44 13 58 49 54 5 14 44 33 1 9 59 30 59 9 38 55 10 23 34 2 51 21 4 26 14 11 46 39
7 21 17 43 37 54 51 9 27 19 58 48 30 27 48 27 12 38 8 17 15 20 1 47 37 22 11 21 38 59
41 12 14 24 12 7 49 31 40 4 60 26 11 32 5 9 7 36 60 58 55 9 35 42 33 1 36 21 12 35
56 57 47 5 43 12 44 51 30 10 59 31 57 48 50 46 34 41 27 24 17 35 17 18 29 32 23 16 34 52
46 54 38 40 30 20 28 24 27 42 41 43 27 39 21 18 54 59 50 11 30 57 59 8 59 24 35 44 24 50
1 19 28 3 38 39 33 45 35 11 2 18 15 56 49 9 11 37 22 16 4 1 5 26 41 53 30 27 41 1
26 10 46 3 41 45 14 59 5 49 7 34 16 9 51 1 25 26 52 5 28 27 40 59 26 21 4 22 56 5
50 56 39 31 13 30 53 22 60 55 25 24 2 56 41 27 37 7 17 48 38 53 49 26 15 23 31 18 36 22
57 36 29 10 12 44 49 10 53 30 42 25 17 8 2 46 25 13 12 40 42 11 22 15 9 26 25 36 45 41
50 60 60 4 21 26 43 21 13 11 1 57 18 45 43 13 34 51 40 34 9 6 31 6 14 3 39 9 51 14
33 28 57 29 24 13 24 39 32 31 39 48 23 12 25 59 6 39 51 59 30 25 33 15 19 49 30 46 24 10
4 49 37 50 28 13 56 28 1 45 35 41 56 22 41 5 35 52 31 57 9 46 36 52 59 14 6 30 7 58
30 56 29 21 41 33 12 14 30 35 54 17 48 50 32 26 46 21 41 25 54 19 55 6 60 17 35 11 48 14
29 12 24 12 25 26 4 11 21 27 54 24 11 30 51 23 12 39 54 14 17 32 41 51 38 26 21 58 14 35
6 10 9 37 60 20 41 40 45 8 22 23 17 38 6 50 13 11 58 44 39 23 17 47 9 16 33 4 31 3
54 60 7 37 54 52 4 1 55 58 48 25 53 49 17 52 31 40 3 36 31 7 3 25 24 60 23 38 35 41
35 42 32 42 4 20 5 56 9 52 38 27 16 60 30 58 1 43 8 4 18 33 11 37 56 26 12 42 59 17
12 33 40 48 35 53 37 32 40 43 11 32 7 9 14 39 39 1 48 48 38 33 20 26 19 25 22 44 36 44
48 53 18 34 58 19 12 33 51 58 37 31 53 45 60 16 30 40 39 55 46 7 37 15 25 18 8 9 51 9
50 48 11 8 51 27 43 13 60 45 27 17 24 49 28 28 16 13 21 22 12 34 57 51 17 49 20 58 56 60
23 34 17 39 43 12 56 16 39 19 33 13 2 26 52 32 22 24 16 38 5 41 55 24 28 38 14 50 36 60
57 45 14 37 3 53 35 44 34 45 19 46 47 15 36 37 8 3 21 14 1 57 44 24 25 23 25 6 49 46
30 19 12 50 14 20 8 33 41 30 20 24 36 30 18 44 35 5 35 1 38 30 32 46 41 9 24 18 23 4
53 38 54 45 29 27 40 41 37 4 29 10 45 10 33 2 31 20 14 33 5 19 47 55 32 49 47 20 27 36
37 42 43 57 4 1 28 9 11 16 42 27 54 56 7 41 57 44 5 3 60 23 40 10 60 28 22 40 3 8
50 52 29 32 41 42 23 32 35 60 20 21 37 16 2 1 26 55 29 57 6 14 23 26 31 45 60 12 56 24
20 26 1 12 16 41 19 55 25 14 23 39 17 30 4 25 38 8 17 36 23 5 40 60 47 25 46 31 35 23
58 55 1 51 59 7 46 41 60 32 60 23 57 30 37 24 47 18 51 23 20 50 17 56 22 8 13 60 3 7
28 40 24 22 54 26 58 32 29 47 16 8 51 1 21 7 13 8 49 21 29 25 41 6 3 27 41 29 45 27
17 21 9 57 48 43 18 27 60 34 58 45 42 48 46 19 46 32 12 8 9 57 51 42 32 7 59 3 49 21
43 39 46 3 25 38 36 47 30 53 18 44 27 40 41 28 18 31 25 37 56 49 26 57 42 42 36 19 48 25
11 43 6 7 3 23 3 44 2 29 49 10 59 23 51 53 8 50 51 16 6 35 32 36 29 60 40 1 53 52
2 53 3 42 45 38 59 37 50 45 5 20 26 57 48 59 11 51 41 57 5 16 6 17 19 33 55 42 49 17
14 27 8 34 16 1 41 1 1 15 19 37 6 18 26 42 40 18 1 47 39 55 37 45 1 58 34 8 49 41
11 46 56 7 22 38 25 37 17 56 9 29 54 1 28 44 16 5 40 24 8 3 51 22 52 56 7 56 59 14
34 21 40 20 37 13 35 22 7 39 14 51 52 11 42 48 26 24 23 9 58 31 8 34 21 49 35 53 25 12
53 37 3 53 12 41 58 1 45 60 21 26 60 42 8 8 33 50 1 22 28 60 15 30 41 50 56 18 25 43
43 20 51 60 21 50 12 20 37 48 10 54 13 3 50 13 18 58 22 51 45 13 46 10 1 44 14 57 54 55
42 52 11 35 49 19 57 55 32 33 13 27 24 24 48 45 46 44 12 60 12 38 24 35 8 8 35 39 3 9
47 2 12 33 36 27 15 5 10 23 8 55 44 14 55 49 7 50 41 41 60 48 48 50 29 52 46 17 29 26
42 4 50 45 53 54 22 22 7 8 13 57 27 60 15 59 22 51 16 9 29 40 36 5 47 13 1 2 44 32
7 21 26 23 16 47 36 47 9 40 26 31 57 47 45 59 37 60 35 24 15 35 20 57 19 55 35 12 46 43
10 6 8 51 51 6 22 20 25 2 31 30 28 38 37 10 12 11 44 6 46 19 4 23 58 47 37 39 60 14
16 50 33 18 46 7 19 50 34 48 31 9 38 35 38 59 52 58 21 20 8 26 51 51 15 38 27 35 38 28
9 52 40 15 16 16 23 2 44 52 58 52 17 59 37 8 32 44 12 25 55 18 16 16 34 32 1 5 45 52
18 18 21 51 22 42 28 15 45 4 37 5 9 1 32 26 14 21 20 1 45 5 44 21 29 60 13 43 6 33
21 35 34 33 39 34 5 60 59 48 25 11 46 54 33 57 54 37 10 16 49 3 6 29 51 49 15 49 20 21
23 19 43 3 50 6 24 27 34 40 25 16 56 59 4 1 25 55 45 43 9 48 11 13 60 56 13 32 34 42
60 52 46 29 29 54 52 12 25 7 57 10 16 42 4 14 5 40 46 5 11 2 9 51 35 57 41 46 29 41
44 50 10 6 60 57 31 9 17 21 39 60 2 41 19 54 39 5 6 53 41 40 55 26 37 26 12 4 36 32
38 55 31 23 35 59 22 16 28 12 47 33 20 37 49 34 40 40 45 16 38 32 36 7 1 6 54 52 31 43
3 17 31 18 14 2 44 54 4 22 10 48 46 34 53 46 5 56 10 33 14 53 22 22 57 13 28 56 35 1
50 56 60 60 60 19 34 21 22 30 21 33 47 42 46 41 46 46 1 33 9 25 46 38 44 36 13 37 4 21
25 14 53 18 54 1 8 52 40 34 49 56 5 30 52 14 48 16 50 46 15 46 32 38 48 4 20 43 18 26
42 19 37 56 33 2 11 53 40 28 20 8 23 38 14 53 1 19 14 32 15 38 4 19 45 26 60 16 4 25
21 15 13 24 5 13 1 26 42 39 57 16 12 2 13 31 49 53 51 60 5 8 24 19 27 19 59 36 39 57
24 5 48 58 58 6 41 33 21 15 15 6 7 7 23 24 2 56 39 49 21 37 23 33 3 11 32 34 51 25
32 43 12 27 55 50 1 22 40 55 9 39 27 58 5 25 38 52 3 26 26 13 60 38 16 12 10 34 6 34
8 44 14 17 33 14 48 5 14 39 18 46 27 40 58 9 42 57 57 20 48 38 17 11 25 12 42 27 52 2
49 32 27 50 17 16 27 15 16 30 46 8 58 38 15 60 17 38 35 3 40 25 56 26 2 14 60 34 53 49
12 35 52 2 32 25 2 33 19 1 56 15 18 60 41 30 17 58 46 47 5 53 7 46 31 49 22 36 33 42
20 4 7 15 32 41 33 46 30 10 9 7 23 8 35 9 11 16 13 13 46 4 32 44 5 3 38 13 1 57
41 21 26 44 56 36 53 49 33 52 23 5 50 1 47 54 26 34 12 23 11 17 11 55 22 56 30 2 3 48
56 41 29 44 14 14 1 56 47 4 56 38 50 24 41 5 29 29 36 48 11 38 52 27 3 59 9 34 34 39
17 9 57 9 32 11 54 12 23 31 9 27 56 34 17 24 42 32 49 37 27 20 11 47 50 33 40 49 40 29
31 50 15 36 54 28 37 1 26 41 17 23 49 28 57 21 34 5 12 54 30 2 8 39 14 47 57 38 38 45
3 14 53 2 4 55 12 5 47 37 44 48 41 23 60 11 35 26 50 41 19 39 49 8 51 35 60 46 9 17
40 49 21 7 57 5 48 51 25 41 53 23 44 52 36 20 42 35 35 36 27 28 56 16 29 36 8 53 46 51
13 26 15 50 47 12 7 22 18 27 14 24 52 18 41 19 18 27 17 29 39 55 15 56 14 24 17 25 27 20
47 34 5 33 55 3 25 52 26 9 60 25 50 14 58 15 58 48 9 60 53 33 22 17 4 58 12 39 15 46
49 51 16 44 54 34 48 5 46 30 16 11 55 45 24 60 25 5 7 60 56 31 9 48 36 28 25 48 51 25
59 23 22 40 6 45 10 41 59 25 12 42 42 1 18 23 10 53 30 6 31 54 37 52 39 14 10 14 15 5
25 39 47 37 51 42 28 52 44 1 26 6 45 44 35 26 49 8 30 51 11 43 16 34 43 16 11 44 2 12
28 45 56 32 10 5 22 29 41 17 29 5 7 52 12 52 13 23 38 27 38 10 54 24 23 55 46 7 8 57
48 54 19 11 15 24 50 40 36 54 40 29 24 46 8 16 52 33 16 27 13 11 5 30 45 44 32 35 10 47
27 31 34 23 44 7 9 27 13 55 47 8 5 3 52 14 57 51 53 4 60 45 41 18 2 52 59 19 37 42
1 59 13 60 37 40 22 28 3 3 34 6 51 29 22 42 9 19 42 19 52 54 9 29 22 41 23 1 9 20
4 2 19 22 27 7 14 8 40 51 40 20 29 30 39 12 49 21 37 56 39 3 54 5 21 60 24 15 20 27
39 37 14 25 38 20 23 18 34 56 13 52 54 10 57 52 10 41 5 57 4 28 45 18 1 19 23 34 52 13
41 6 50 55 42 15 29 31 2 43 16 9 57 19 12 18 36 40 45 24 9 38 14 53 36 25 48 41 58 32
34 29 39 4 53 24 39 3 42 7 4 36 51 27 4 19 46 4 40 44 9 25 18 20 9 30 8 20 17 18
1 40 52 46 46 40 9 50 30 54 15 52 53 53 50 34 52 40 21 13 40 4 60 46 37 46 30 6 33 14
31 24 27 37 37 27 11 50 22 16 48 26 22 14 45 33 44 51 6 45 53 39 53 6 23 17 20 28 3 14
44 19 52 14 39 60 41 53 12 42 12 50 33 41 51 19 42 36 6 55 42 42 58 2 30 51 10 1 30 38
19 60 13 33 30 60 12 2 28 32 43 21 4 39 57 13 53 56 18 18 9 51 9 46 22 52 42 48 28 8
54 4 48 60 57 36 38 56 47 57 29 19 49 53 22 56 6 57 53 13 18 59 55 22 23 31 10 44 17 53
43 33 50 56 17 45 20 4 30 3 6 33 20 41 59 37 49 33 30 16 11 36 31 55 18 46 18 33 42 2
16 42 27 21 29 52 47 31 49 37 47 32 40 6 54 55 18 22 15 18 5 34 19 27 33 55 58 21 28 25
18 41 34 20 21 29 4 57 53 20 40 16 20 43 29 14 2 1 33 39 57 10 9 33 23 38 7 37 57 22
42 36 11 50 15 6 25 53 27 51 53 59 11 25 9 41 2 31 12 28 25 26 8 13 30 23 29 3 56 18
19 52 35 28 32 22 31 37 9 7 39 16 27 6 49 27 4 52 33 28 9 50 38 57 59 20 29 8 15 60
