100 10
30 32 50 57 38 22 36 43 27 44
51 48 46 46 2 25 58 15 24 30
10 1 50 36 6 45 5 59 1 29
26 15 1 4 10 16 55 16 29 30
44 49 35 49 25 53 47 2 20 59
41 54 53 5 42 44 51 42 54 48
18 48 59 51 16 23 46 36 14 14
53 43 8 36 37 55 52 4 16 18
30 58 59 55 38 60 40 27 1 36
6 55 53 54 3 20 11 58 38 15
56 19 24 41 52 28 15 41 24 6
37 56 57 60 45 47 54 21 37 50
51 6 18 56 33 54 1 34 55 2
14 24 37 40 55 47 55 34 48 31
35 9 41 11 8 59 54 26 22 4
26 37 35 60 48 20 42 50 29 39
9 34 42 3 4 41 54 22 14 7
55 2 16 38 32 37 57 36 39 47
58 32 33 29 24 48 22 34 10 40
58 33 40 39 41 16 25 20 46 7
21 50 17 16 35 24 56 17 49 3
13 17 16 12 59 41 37 26 2 8
29 37 32 9 30 32 18 30 50 35
35 16 54 28 10 36 15 53 27 40
6 29 35 48 40 54 47 56 25 55
27 34 16 14 8 53 52 5 32 3
43 7 18 27 39 20 29 1 59 43
10 20 48 30 56 6 8 15 49 10
45 21 35 19 55 38 55 43 24 29
53 23 7 44 4 10 35 57 10 13
11 2 6 51 18 17 29 28 23 3
5 29 42 20 51 51 49 43 26 31
54 33 12 34 47 25 6 27 44 57
22 3 19 27 36 50 33 42 18 46
3 15 56 25 60 34 1 60 40 33
56 53 29 45 49 47 43 23 24 39
42 50 28 21 16 12 10 52 55 10
34 48 14 11 39 48 15 46 18 47
48 31 40 16 52 2 43 19 48 29
48 36 20 48 16 28 38 31 16 38
7 29 33 8 47 33 48 45 18 36
38 31 18 57 29 3 39 28 9 60
23 1 50 56 26 41 57 23 59 56
34 16 57 40 51 57 1 16 1 52
59 47 38 34 30 52 45 28 7 53
30 58 41 59 49 31 31 49 46 19
27 34 6 11 40 8 31 5 24 30
42 60 10 3 2 43 6 57 19 51
2 8 23 19 25 41 26 29 7 14
51 52 8 45 14 8 52 57 10 30
38 19 20 25 6 43 35 41 15 2
43 34 53 59 12 43 59 37 21 60
48 1 40 7 19 15 31 34 17 13
15 21 43 1 60 33 34 58 9 53
12 46 40 33 2 18 28 45 60 38
4 39 7 18 22 6 35 26 37 5
2 11 48 57 58 16 40 23 25 46
52 34 19 24 39 5 22 18 32 49
40 55 47 26 2 46 50 23 23 18
9 5 33 19 6 26 26 39 55 24
56 31 42 50 17 25 30 29 30 9
54 37 60 2 29 43 44 22 25 19
55 34 39 20 12 58 28 44 53 17
38 12 37 49 36 17 55 28 57 32
52 36 46 26 60 8 56 58 58 12
31 4 59 18 33 18 41 37 60 54
47 11 58 27 16 14 39 15 45 19
53 25 35 39 50 60 35 12 17 41
40 35 16 34 60 8 41 10 44 46
39 59 13 50 7 21 44 26 9 30
21 10 7 30 6 5 51 55 42 17
50 12 23 58 18 11 45 32 37 54
50 1 59 58 18 2 56 10 59 4
22 12 19 26 36 51 38 49 15 33
54 47 58 11 40 5 4 23 13 53
27 31 21 37 44 3 42 1 43 42
29 52 13 11 37 38 2 13 29 22
55 51 45 27 11 2 56 38 59 57
24 26 28 25 45 16 18 32 25 39
36 54 17 50 30 22 21 51 42 21
51 46 18 52 50 41 29 33 41 13
58 40 51 33 2 59 38 11 8 31
21 15 50 31 45 51 3 19 53 48
42 4 22 54 45 11 48 51 31 60
38 15 7 20 25 56 31 42 26 51
24 21 55 29 45 6 27 40 42 23
22 30 45 56 41 42 23 22 44 32
47 10 45 7 49 2 30 2 34 41
57 13 32 11 39 2 54 30 12 12
20 10 7 5 48 44 54 12 54 25
16 8 15 50 15 48 14 35 47 30
51 57 15 10 58 11 25 57 15 43
41 8 38 46 30 41 26 1 47 50
32 41 33 43 38 47 1 30 40 10
27 58 34 6 37 46 41 21 4 32
41 44 18 15 20 10 47 47 23 4
8 24 13 2 52 5 32 57 60 52
51 44 8 50 43 58 41 10 36 30
17 11 38 47 38 25 22 45 45 2
52 31 53 43 1 48 52 1 19 7
