100 20
1 52 37 51 2 42 60 42 27 7 7 40 1 7 34 32 3 53 60 39
7 2 29 25 25 55 30 44 37 48 16 49 12 46 31 9 2 36 8 32
31 9 35 18 33 9 4 37 26 6 9 52 49 19 39 17 52 31 49 33
9 43 60 49 26 43 34 6 41 16 15 5 25 25 14 14 46 25 52 1
16 33 43 48 23 20 3 27 15 39 19 46 42 49 6 13 56 57 2 10
7 11 9 4 32 35 44 47 44 22 36 55 46 38 23 34 6 45 43 7
1 56 5 40 30 12 48 33 9 27 21 40 31 37 28 33 47 7 46 52
49 29 18 37 42 45 43 10 48 26 1 10 56 57 42 31 8 12 18 42
21 28 50 54 41 33 40 42 23 54 60 33 8 4 52 10 16 14 8 42
53 39 24 47 40 12 21 8 43 37 39 43 46 24 50 37 53 27 40 7
30 35 29 13 36 35 11 53 1 19 29 41 8 59 50 11 47 51 54 25
51 5 44 7 50 34 30 5 17 38 44 14 53 47 57 54 17 30 7 26
30 11 18 35 5 33 44 16 13 5 17 42 24 43 27 48 41 11 48 16
1 53 60 59 43 6 49 52 55 39 57 33 44 29 21 47 24 46 59 36
20 47 8 12 37 26 54 36 34 21 58 11 10 20 56 1 25 49 34 54
21 46 11 43 49 3 21 54 42 57 60 43 36 31 51 51 6 29 19 60
7 55 9 7 9 52 34 23 35 16 49 19 46 51 27 21 53 5 57 19
30 44 16 41 55 10 26 51 39 32 34 33 18 33 3 10 4 59 27 1
48 41 24 60 24 16 39 41 5 57 57 38 25 4 11 19 11 19 9 23
43 5 5 27 12 37 7 7 14 41 16 42 47 58 39 28 49 2 16 46
25 49 24 24 39 55 26 4 57 46 1 40 42 6 51 6 58 13 22 28
58 31 48 48 40 54 46 7 4 50 32 36 14 19 57 15 34 43 20 9
45 5 19 21 51 30 7 35 46 53 20 9 50 4 28 12 32 9 41 2
39 19 57 6 58 28 1 31 54 26 48 51 15 59 51 46 8 11 23 47
6 33 47 34 26 7 44 26 45 26 52 42 60 40 36 58 33 26 32 48
31 15 1 24 46 45 19 48 51 56 8 35 3 50 14 58 57 51 37 51
37 6 16 46 27 47 29 30 29 28 4 57 34 26 54 15 6 10 34 19
3 35 47 16 25 48 50 29 45 22 60 58 17 25 32 51 24 33 46 15
18 19 49 22 22 53 28 25 54 59 31 17 34 34 5 52 7 23 42 24
14 59 60 18 28 55 12 53 55 7 54 56 49 37 1 46 35 52 14 29
16 42 55 53 35 9 30 13 56 14 11 7 10 22 43 9 52 10 47 11
29 10 60 45 25 25 47 35 55 11 54 40 5 38 47 40 36 1 49 14
46 3 8 16 60 41 35 56 40 1 15 50 41 46 25 8 12 21 15 6
8 15 11 22 39 41 44 45 38 29 19 43 1 34 47 41 33 19 39 35
11 37 9 26 41 56 52 45 53 12 11 6 24 15 21 17 4 56 58 8
44 33 32 59 14 11 1 35 2 29 8 12 28 49 47 24 22 5 37 32
23 14 19 19 54 7 17 4 51 2 39 4 15 34 7 44 21 41 33 43
48 53 18 36 50 26 42 1 51 29 55 51 10 44 12 50 38 54 60 51
44 31 55 16 47 51 21 22 1 18 43 47 39 50 44 45 33 15 46 22
11 56 40 24 3 36 27 21 12 31 13 17 9 6 44 56 1 48 48 22
60 21 59 55 49 44 17 35 2 26 30 42 52 35 34 13 19 47 48 40
11 27 24 3 37 48 14 8 30 14 49 39 8 39 56 17 28 18 22 34
27 23 31 6 26 19 40 3 38 24 29 14 22 5 8 48 25 41 47 14
10 58 2 27 59 47 51 29 50 30 56 47 36 5 18 40 39 54 26 32
10 43 28 19 46 47 1 47 55 32 7 17 7 30 11 58 56 48 8 16
33 43 57 55 17 12 44 50 4 17 53 54 21 19 57 13 38 54 36 8
3 25 57 21 27 47 15 12 5 31 13 38 28 1 47 56 43 2 49 16
34 39 5 16 40 60 36 42 3 25 50 59 16 31 16 40 49 60 53 33
42 18 1 16 10 57 7 31 52 53 46 31 59 36 23 4 35 14 4 7
34 44 18 9 51 50 41 37 15 56 48 56 31 2 40 6 24 28 1 40
42 46 60 9 31 11 19 12 27 42 34 39 30 8 8 27 7 48 57 14
43 14 28 45 52 30 38 38 22 17 28 11 42 2 11 21 58 15 31 47
25 53 41 5 1 58 11 42 28 51 19 43 42 43 29 24 10 33 44 43
14 20 53 23 53 1 46 57 53 28 2 8 48 43 11 24 24 28 57 9
29 18 22 43 39 26 38 40 35 22 57 47 33 13 23 57 5 11 49 10
23 28 30 21 53 57 38 5 31 36 59 56 55 56 59 13 7 47 4 35
33 3 58 32 20 41 28 53 51 16 6 29 17 4 29 27 45 18 17 60
52 57 32 36 52 9 52 4 43 4 42 42 27 41 45 42 43 27 16 28
10 9 32 21 14 58 37 50 21 41 56 53 29 19 28 1 4 37 26 47
19 24 31 50 15 5 39 27 8 34 22 31 42 27 23 13 21 9 27 45
22 36 3 7 26 48 46 57 10 37 22 21 32 22 7 38 44 59 19 9
5 40 49 41 37 16 24 37 47 22 51 27 50 23 11 53 42 45 6 50
47 38 2 5 3 1 32 30 4 9 55 18 13 53 60 22 6 50 23 17
30 44 28 14 2 45 45 30 6 12 51 38 11 53 37 12 47 26 50 20
28 12 29 55 5 19 50 8 26 3 58 2 33 25 26 48 33 55 53 21
1 41 21 22 59 31 44 30 12 41 35 21 29 55 30 31 20 44 10 60
50 52 27 16 21 21 40 42 22 3 20 9 7 57 57 55 51 11 19 17
19 17 17 11 34 54 52 41 2 42 53 19 48 51 46 2 3 41 40 44
18 30 52 48 12 34 11 18 32 45 46 12 37 1 40 27 56 11 35 27
44 58 4 43 34 2 53 15 19 8 1 18 39 40 8 8 17 57 24 5
1 45 3 28 26 45 18 39 36 40 31 43 60 38 7 31 2 14 15 9
60 14 30 5 31 10 57 58 7 29 12 26 46 3 4 60 55 36 57 47
39 6 18 52 56 15 24 45 43 34 8 5 47 49 30 6 54 9 13 1
3 25 15 58 34 36 19 5 30 26 51 43 55 18 25 57 57 26 10 15
14 58 57 25 9 44 31 57 56 49 6 47 40 59 47 13 18 5 60 54
31 43 20 38 50 56 56 20 47 33 58 32 7 32 4 14 48 10 8 27
40 41 6 51 56 60 34 38 37 1 45 29 59 17 29 21 38 7 57 27
4 50 30 10 23 14 15 28 14 14 49 23 2 24 25 34 39 13 58 39
40 26 32 20 45 6 16 48 18 18 51 32 60 8 42 31 47 21 17 54
27 37 44 41 5 25 6 11 2 46 8 10 39 43 23 28 11 42 58 41
36 31 5 35 2 58 38 41 16 55 27 6 16 42 19 11 35 59 43 40
9 23 8 34 43 4 28 36 29 17 21 20 60 13 30 55 51 16 55 54
27 26 8 32 37 11 42 7 40 52 23 49 39 21 47 32 30 26 3 21
13 59 25 56 7 59 34 14 35 32 34 32 19 31 8 1 46 19 50 44
34 34 49 9 46 32 12 31 57 21 29 57 58 36 54 54 55 30 10 46
47 36 12 42 42 28 55 35 20 7 38 34 12 34 36 51 13 49 23 45
44 29 9 18 10 29 14 28 55 2 39 32 10 53 32 40 3 58 30 49
41 1 47 21 3 21 44 33 32 27 17 25 34 12 1 37 45 15 58 2
4 28 29 47 17 37 10 7 41 35 44 1 33 37 60 39 37 26 33 31
34 39 58 33 44 59 52 6 37 11 12 43 9 19 28 35 35 5 26 49
5 36 4 24 59 18 25 13 57 56 34 41 53 31 32 12 17 22 22 29
50 40 20 48 55 11 16 48 50 5 2 11 45 13 57 14 31 39 54 57
36 29 56 3 59 58 44 6 41 27 32 51 26 24 25 53 29 6 23 60
17 19 31 29 11 33 27 34 39 17 19 36 20 19 39 46 43 12 26 29
41 51 21 26 58 18 57 16 26 19 45 42 36 7 14 56 14 1 10 24
12 6 54 24 34 43 53 38 33 41 18 5 8 41 43 25 10 19 46 47
20 23 44 45 51 22 47 6 34 55 27 52 5 21 9 25 35 5 33 6
19 3 5 28 21 43 25 14 50 6 32 52 48 12 35 4 7 44 13 24
28 27 15 2 34 24 32 33 3 18 3 57 25 3 36 4 9 53 42 29
7 44 16 60 14 23 26 38 50 5 28 52 7 34 22 58 56 36 32 25
