1000 10
44 53 23 45 18 32 21 45 26 40
56 31 28 49 44 51 18 19 47 9
48 37 51 11 36 44 44 24 57 48
59 3 56 27 46 33 44 40 27 3
28 25 41 53 48 41 47 27 24 33
52 11 59 41 41 27 4 1 16 52
28 11 40 57 40 55 34 16 21 47
15 23 46 11 46 8 23 49 30 25
33 32 48 51 28 24 57 17 8 43
35 18 35 34 2 26 25 9 30 44
51 13 2 55 25 48 38 42 37 5
9 28 60 16 54 27 33 56 51 48
53 55 37 54 40 53 32 33 7 31
58 2 41 27 3 33 17 18 44 18
5 11 31 42 37 30 15 58 60 29
44 18 41 42 49 13 48 31 21 55
27 55 57 25 41 58 30 11 48 13
8 24 42 34 46 26 20 10 24 42
6 37 33 15 56 46 11 55 25 25
22 45 24 5 34 23 40 23 51 53
28 60 24 14 49 46 27 25 45 13
18 1 32 16 25 17 45 44 14 24
39 11 14 19 19 22 56 54 59 1
21 21 34 29 46 19 44 33 16 29
58 20 11 55 7 16 3 21 27 36
60 21 10 12 24 37 33 6 54 26
35 12 40 9 55 59 49 47 35 26
47 47 16 37 40 2 48 42 26 60
19 20 57 30 12 36 30 2 29 9
4 19 52 50 21 39 39 21 25 39
48 12 45 28 2 20 27 2 43 9
8 42 29 47 37 53 50 46 48 30
2 47 7 46 40 7 49 58 15 27
32 37 31 22 20 50 11 5 20 39
26 19 46 21 2 38 39 58 12 47
47 53 48 54 14 36 6 42 57 36
3 24 30 39 10 37 44 25 19 22
23 34 2 46 38 13 21 25 30 15
40 34 20 13 31 50 16 35 58 8
48 31 57 42 2 43 18 9 17 8
12 6 12 19 16 4 21 11 29 27
49 12 3 10 45 15 19 20 41 17
19 22 48 6 45 13 57 11 44 49
10 25 58 2 6 41 25 34 48 32
23 25 28 52 9 7 6 54 56 51
45 52 30 28 56 32 53 34 11 9
2 5 16 4 33 56 2 57 44 2
27 25 23 45 46 28 15 28 41 3
13 45 22 60 60 32 3 29 29 23
22 50 35 35 52 59 35 51 10 53
8 60 28 27 9 17 26 17 37 43
57 20 22 43 26 20 57 27 34 30
37 20 38 33 10 10 32 12 4 36
56 11 31 37 53 41 59 5 22 44
8 10 17 51 23 50 45 48 3 4
42 23 39 32 25 43 46 24 37 4
46 25 29 45 58 21 34 59 25 51
30 56 29 9 17 19 7 27 42 4
9 60 28 50 48 1 47 36 27 49
7 6 15 40 49 23 1 21 52 13
8 27 20 22 48 35 22 60 23 30
58 20 4 23 12 7 13 14 45 48
5 36 23 15 45 19 19 44 6 10
26 16 14 4 50 36 55 42 38 50
48 56 9 15 46 25 6 37 1 56
40 51 35 54 27 41 40 4 23 18
12 35 22 31 36 37 12 37 55 32
7 24 50 12 24 2 32 9 52 50
52 53 7 57 40 25 53 44 19 39
1 39 24 35 54 27 23 49 1 60
7 19 20 57 52 6 19 60 8 31
41 9 45 1 32 25 49 53 21 51
15 49 28 27 54 18 58 29 9 30
45 7 58 55 6 25 28 23 3 5
6 27 45 22 55 25 53 27 12 2
40 9 30 35 35 44 5 10 46 47
8 19 25 49 60 45 44 1 44 53
30 45 57 35 33 55 10 8 15 18
7 7 33 38 35 1 54 2 24 60
16 8 11 18 39 36 55 48 28 14
33 4 3 42 28 31 60 1 33 18
53 36 46 18 52 4 46 22 22 5
11 51 49 31 9 3 32 21 42 27
15 35 40 52 40 58 24 51 26 40
52 26 16 45 49 35 12 38 21 1
48 1 59 27 30 14 20 16 13 43
19 44 50 52 37 53 11 38 20 10
26 10 34 35 30 50 9 39 15 15
1 37 18 50 51 48 7 12 43 58
56 26 24 20 3 39 51 14 44 60
45 25 36 25 33 39 40 43 32 7
31 22 4 46 40 44 39 56 27 35
12 59 9 12 28 26 17 38 19 48
44 18 13 47 32 55 7 8 24 21
57 35 24 32 28 53 35 1 16 9
1 18 54 43 5 42 36 38 9 42
36 47 52 12 49 51 50 59 29 36
35 34 55 13 50 29 3 1 25 54
26 46 26 56 34 52 48 49 18 32
12 57 32 47 23 5 52 48 27 6
59 20 20 3 41 32 38 51 3 39
40 34 42 42 15 55 8 2 17 32
60 55 11 56 38 36 17 45 31 59
43 56 33 25 30 47 37 40 42 27
31 26 28 45 33 2 24 13 34 7
26 1 36 37 59 17 9 26 58 35
23 15 3 25 50 22 57 17 21 27
47 40 26 26 2 43 34 29 21 7
24 54 10 32 8 27 36 21 54 43
5 29 17 19 32 23 27 49 52 4
43 55 15 19 57 52 14 51 22 8
54 10 19 11 18 32 60 50 5 37
1 24 56 3 21 31 60 40 11 4
27 41 38 47 1 23 23 5 8 22
16 15 9 53 28 37 37 6 4 25
48 46 49 15 55 12 48 48 37 35
53 29 21 55 35 26 50 51 56 54
34 29 54 47 54 39 3 32 3 7
24 39 47 7 47 8 38 8 38 51
20 53 52 16 39 23 7 59 18 43
60 10 49 3 13 25 41 48 29 12
38 50 53 18 16 14 43 40 11 1
30 29 7 6 46 60 7 17 13 6
23 24 38 29 15 56 33 51 43 38
26 26 49 18 24 12 51 11 25 5
17 2 48 39 22 27 9 9 41 33
42 40 11 57 14 55 52 4 2 1
41 14 1 17 41 26 12 60 54 50
24 59 42 28 5 13 10 4 2 52
23 10 37 1 42 22 49 27 8 6
2 31 22 31 5 11 31 23 39 19
56 23 14 59 4 17 46 39 50 41
11 52 3 10 21 22 56 18 9 59
40 32 52 22 49 56 40 13 48 17
54 9 2 27 27 53 50 20 39 50
13 56 49 30 36 31 23 13 10 6
33 41 9 29 46 51 4 21 27 56
7 13 7 59 40 14 2 6 51 53
6 58 60 42 32 25 57 37 31 49
51 1 1 34 41 36 31 2 48 32
45 50 58 10 9 59 22 30 30 32
9 54 59 24 14 12 44 38 18 55
21 5 25 34 17 44 1 56 12 17
58 18 4 58 51 49 46 53 3 6
33 17 9 52 13 58 20 36 58 43
53 21 55 14 8 17 55 5 1 9
37 33 21 31 26 32 55 56 27 50
32 54 3 43 32 51 15 49 52 44
25 56 13 51 56 22 33 23 41 36
50 19 55 44 56 40 56 26 37 48
17 2 38 55 49 29 38 43 22 38
54 58 38 40 35 60 44 4 11 36
47 1 51 13 7 2 59 59 11 52
40 2 48 4 30 39 32 20 35 59
4 52 43 47 2 27 51 47 14 31
29 26 16 48 19 5 29 33 13 12
8 56 13 53 41 26 34 27 15 1
38 40 32 4 25 36 15 16 29 27
2 27 58 37 1 30 42 33 57 49
24 13 58 25 39 38 35 16 24 22
43 24 16 60 53 32 7 30 32 25
38 2 27 47 7 56 2 29 15 17
7 12 20 40 28 44 49 40 7 43
23 53 54 22 35 21 51 57 34 9
42 6 38 57 56 30 60 51 19 3
1 26 45 3 33 7 36 59 18 22
18 43 11 33 11 53 7 16 17 34
1 17 33 14 47 59 40 15 56 54
6 41 39 52 35 12 38 6 43 43
4 13 40 23 1 15 35 58 51 42
19 48 58 8 53 8 4 43 9 14
55 40 36 23 9 59 49 6 13 48
15 47 42 4 33 59 7 16 59 20
27 30 44 6 44 10 31 41 6 39
18 53 18 43 52 37 3 28 4 40
26 11 16 10 42 46 54 43 6 3
51 49 9 58 4 25 23 51 44 19
39 8 12 23 34 41 4 50 19 5
30 60 21 19 30 22 10 6 20 5
3 48 1 4 33 29 11 58 4 40
11 53 33 28 3 24 53 23 8 24
50 13 42 42 57 10 60 40 34 34
6 28 16 35 12 29 51 58 8 54
41 50 32 21 6 25 39 7 14 52
25 36 1 6 47 58 13 13 54 11
6 22 41 7 38 31 28 48 25 25
59 23 7 50 2 30 44 15 2 54
34 28 34 4 15 56 7 48 50 9
55 4 60 34 44 16 31 57 49 13
10 47 10 35 35 12 11 8 14 25
36 57 29 54 54 11 48 50 33 39
27 42 1 24 7 60 60 8 33 37
9 29 11 15 31 24 29 35 33 37
34 3 30 49 5 49 24 11 46 42
18 12 43 50 4 19 44 36 44 48
38 51 41 22 39 58 44 52 58 19
18 8 36 55 22 14 6 60 18 45
47 7 32 4 43 12 19 26 48 41
58 4 60 36 15 6 24 3 43 21
36 41 59 11 20 11 20 17 60 7
12 29 31 25 25 36 33 26 1 14
60 60 24 45 1 48 1 39 6 58
32 22 38 5 8 22 41 54 23 15
4 47 14 19 23 17 7 59 27 44
28 37 45 8 4 35 23 47 7 24
58 18 34 17 36 1 19 15 58 58
11 25 47 54 56 8 33 52 30 50
53 35 52 59 7 50 33 26 51 48
59 32 7 59 48 26 18 59 48 49
17 11 9 41 44 48 52 29 41 45
41 33 9 23 6 4 28 56 53 48
43 30 56 27 52 13 22 21 38 35
8 50 20 10 21 35 32 14 59 17
32 14 52 22 22 32 55 23 52 21
52 49 52 54 14 7 39 28 35 57
7 4 58 2 22 3 19 25 42 54
11 48 7 47 5 40 19 58 37 34
51 16 36 16 48 2 1 45 4 54
3 46 44 31 37 49 38 22 49 34
39 41 38 23 32 2 52 21 56 26
2 25 48 4 48 56 13 35 8 56
19 8 1 10 26 49 4 34 48 54
33 17 20 7 54 40 51 4 60 52
22 57 10 44 45 60 38 11 37 11
2 27 41 47 60 40 57 28 2 60
24 8 56 33 32 48 54 39 39 48
3 32 27 48 6 38 52 6 28 7
32 48 31 13 12 21 10 4 18 8
12 8 45 13 15 23 31 18 18 16
4 35 51 9 53 60 48 15 23 7
60 46 32 36 17 51 38 17 23 33
9 25 11 40 30 31 25 10 1 60
37 19 44 55 29 5 46 29 26 15
43 49 57 33 36 21 32 4 19 56
18 14 1 22 35 41 7 23 4 12
15 47 8 9 51 9 54 58 11 58
22 3 41 30 43 55 35 52 15 30
1 53 19 8 34 43 13 22 7 51
58 22 41 12 16 9 2 56 21 53
18 44 41 22 29 38 21 19 7 3
26 55 19 12 58 33 27 46 39 10
10 26 9 58 50 51 6 56 19 25
1 56 27 53 5 42 34 2 28 45
56 10 27 37 40 54 25 33 41 24
20 1 51 36 48 1 43 27 21 2
7 28 52 9 44 32 51 28 7 7
36 16 6 32 18 33 50 43 40 33
13 60 6 11 17 39 44 46 13 58
32 38 11 48 1 33 30 15 42 18
1 24 25 31 34 6 36 40 6 10
45 3 32 33 40 31 56 7 44 47
47 17 27 44 35 59 37 57 30 44
40 1 60 21 14 56 3 26 17 17
5 3 44 4 23 59 25 2 57 48
32 8 31 20 56 44 11 35 37 48
55 34 51 31 14 24 9 11 16 31
26 55 7 54 22 57 9 7 9 19
15 28 55 16 22 50 4 19 60 17
16 59 46 53 28 20 44 30 51 11
1 31 33 44 20 5 42 24 45 14
21 18 4 30 19 19 10 49 22 45
58 34 42 21 52 54 21 14 4 34
39 53 42 8 58 49 23 23 26 50
46 24 48 8 37 2 51 28 40 10
21 26 46 14 29 7 27 46 27 50
1 23 23 58 48 25 46 19 30 37
20 4 41 37 5 51 16 10 2 49
33 2 6 42 6 42 57 46 29 13
43 49 43 2 18 39 6 22 27 37
24 34 51 14 37 15 39 19 38 49
28 48 23 59 22 46 48 58 10 14
56 15 36 7 26 38 35 50 17 3
52 5 44 26 8 38 16 50 42 19
10 52 2 7 34 2 34 50 36 1
5 38 12 50 2 47 5 25 26 8
44 20 57 4 8 10 8 60 3 58
22 41 6 52 60 11 41 56 36 25
51 11 39 28 31 16 20 22 38 3
2 58 8 11 51 55 40 56 14 43
36 54 15 46 50 51 25 15 1 25
46 27 32 38 40 1 56 47 33 58
14 54 50 52 17 26 35 44 26 42
7 59 25 27 41 49 2 29 44 16
16 11 25 36 49 52 34 45 28 40
14 6 56 3 11 16 13 33 50 6
44 17 1 51 48 10 7 13 17 6
49 32 46 53 6 51 15 51 33 5
56 27 50 21 54 55 26 35 60 60
36 19 25 43 43 37 25 19 23 19
16 34 11 14 39 23 47 44 5 28
15 29 36 48 13 7 16 45 14 53
11 55 10 25 56 27 21 29 16 40
1 24 38 34 2 33 3 10 59 50
13 8 52 24 36 31 24 20 1 26
43 2 52 47 47 14 43 3 7 39
28 29 53 35 22 13 54 41 3 20
3 33 35 59 24 9 28 33 1 1
2 49 59 22 26 55 57 28 11 10
45 14 5 51 58 23 47 8 36 29
2 18 24 50 19 20 53 59 12 3
47 32 7 38 40 9 3 52 3 24
15 2 11 21 41 8 14 44 33 36
38 52 47 10 1 27 45 39 20 52
32 60 13 38 50 43 34 38 22 34
14 60 36 48 33 56 51 44 23 5
15 24 35 36 60 21 41 40 22 17
10 45 13 47 24 48 10 49 15 53
57 24 39 44 1 18 8 13 1 42
55 52 20 18 48 48 15 37 56 60
54 48 59 43 19 45 45 16 17 33
7 30 32 60 25 14 20 4 2 37
8 25 45 53 11 3 18 34 16 30
12 4 35 51 22 16 57 47 49 50
53 18 3 60 4 34 17 18 41 49
30 20 7 49 47 42 5 59 52 1
46 25 30 24 21 15 5 4 2 45
36 54 11 50 24 9 13 41 17 42
35 9 24 9 9 31 33 6 27 29
15 51 17 21 24 26 45 51 42 33
42 39 6 10 39 18 11 22 39 5
18 52 51 17 57 23 9 18 18 5
9 11 33 53 13 57 28 48 45 3
56 27 51 49 6 13 33 3 15 46
53 33 17 17 39 31 20 25 7 25
42 48 7 50 29 23 6 10 6 28
40 16 24 6 35 25 35 49 25 60
48 25 21 5 1 58 46 54 16 19
51 20 24 2 6 27 45 30 12 19
46 3 31 5 22 12 38 49 4 25
15 28 45 28 13 59 11 46 17 47
17 1 45 26 27 6 45 31 27 25
43 22 55 37 26 53 49 39 25 32
52 3 43 40 34 44 41 30 15 13
22 38 18 49 34 1 31 39 17 27
40 28 60 44 27 13 8 46 5 28
33 11 54 17 23 17 44 29 38 7
12 42 27 26 14 44 6 24 7 2
30 46 58 29 60 27 4 42 39 1
37 10 50 30 34 11 18 57 53 24
43 30 19 40 36 15 53 44 48 13
12 46 54 4 3 47 52 25 45 13
3 28 49 27 4 11 24 24 6 25
19 33 21 54 22 3 31 19 14 60
1 56 14 8 4 31 22 22 37 37
12 21 43 56 8 24 11 8 49 6
17 24 26 15 57 11 58 50 20 13
11 56 1 59 17 8 41 33 41 14
56 36 4 42 41 1 41 47 55 44
42 39 55 56 54 48 57 18 50 4
34 19 3 37 6 50 22 38 54 58
44 56 37 36 25 4 22 17 8 60
3 41 39 10 59 17 42 6 50 48
44 51 7 41 13 52 54 55 46 33
8 51 47 32 13 36 18 6 30 24
36 50 7 3 1 2 58 37 13 32
13 39 8 25 56 25 49 59 8 49
12 57 43 44 52 49 33 54 4 31
60 41 47 22 31 29 52 30 29 15
32 27 47 44 36 27 30 41 23 35
2 46 16 31 20 35 28 12 56 25
51 41 35 26 23 41 56 6 33 2
18 14 44 13 10 29 19 27 6 13
6 18 30 11 39 18 30 53 18 2
13 16 21 47 36 56 55 35 24 17
22 10 37 7 48 57 51 12 26 26
29 59 36 18 48 27 10 59 57 47
55 1 11 9 60 32 33 9 20 14
54 49 57 32 28 49 22 53 56 40
2 47 59 30 18 60 31 32 24 13
29 15 4 55 26 50 31 55 33 45
47 20 13 15 47 22 31 17 4 31
58 41 39 23 1 19 42 47 22 35
3 1 5 45 18 3 42 21 51 38
51 4 51 40 37 7 36 39 46 34
55 13 48 8 11 17 20 20 26 52
36 3 36 54 43 31 1 55 38 26
55 3 50 13 38 11 57 23 18 5
4 43 50 58 53 16 8 6 45 36
13 36 18 19 45 39 49 30 15 51
53 6 5 58 5 52 24 6 55 49
9 12 3 32 19 3 15 5 58 34
14 43 38 39 26 53 20 28 38 26
33 29 40 30 48 30 6 32 18 41
39 17 5 38 34 30 37 23 60 12
14 31 21 8 39 38 12 13 7 4
20 42 1 56 51 17 51 14 36 15
23 16 42 2 46 12 1 16 38 18
9 59 46 35 4 44 41 10 46 13
17 16 46 49 45 57 52 19 15 43
33 18 25 32 18 45 39 11 5 44
55 48 46 31 9 50 37 44 44 2
55 59 35 4 32 28 39 18 17 36
35 9 2 49 50 32 55 5 11 30
13 47 34 27 21 16 41 56 26 27
16 56 59 18 51 13 10 18 19 36
38 17 58 9 36 32 32 29 12 50
31 53 23 32 48 43 41 1 52 20
48 4 25 24 26 59 59 53 14 6
14 59 30 51 12 15 10 24 8 29
42 50 1 34 14 22 6 17 15 30
36 16 58 33 33 51 52 16 32 12
5 39 55 25 27 13 12 28 43 41
46 24 48 43 22 32 17 20 21 15
18 9 56 10 57 3 56 29 24 46
21 39 56 48 20 49 43 22 24 12
46 29 50 24 37 31 39 22 60 51
46 36 57 13 28 38 31 48 29 9
29 33 31 32 4 17 51 22 39 39
41 14 23 44 45 51 19 5 52 1
11 40 53 46 26 35 26 28 5 60
35 7 53 46 33 52 27 35 28 55
6 37 26 25 7 56 34 50 19 12
48 15 46 41 45 51 29 50 11 8
17 32 26 2 27 48 32 35 11 18
27 2 11 38 43 30 24 38 58 8
9 38 53 30 24 40 10 25 53 14
19 56 55 41 55 35 1 27 36 43
3 15 42 23 48 49 24 55 28 33
8 21 23 27 29 6 8 20 18 24
49 55 16 36 59 27 16 14 25 36
48 59 4 59 44 11 9 43 38 45
60 45 47 43 1 4 3 12 31 1
32 31 59 60 39 54 32 54 56 12
29 52 11 10 27 17 30 54 40 14
43 13 35 29 34 6 55 46 30 57
53 19 4 26 58 37 56 12 12 16
58 41 10 34 39 59 34 51 14 25
2 15 60 29 24 15 29 15 6 3
5 5 57 40 42 45 38 13 22 14
51 33 34 4 13 54 1 59 42 48
1 13 34 51 49 56 13 43 28 23
28 54 10 17 7 9 2 51 33 13
52 59 34 56 37 11 49 15 27 23
55 33 18 39 39 25 54 25 50 15
23 19 30 38 32 17 29 10 2 16
28 45 5 8 16 35 17 55 29 29
8 34 52 55 17 44 52 34 57 38
15 25 58 15 13 57 42 20 31 4
33 53 6 19 22 51 58 3 59 14
55 14 36 36 39 55 50 9 15 42
4 43 59 45 57 58 3 47 20 58
34 43 26 5 32 19 57 6 51 14
16 45 52 24 8 31 48 54 54 50
23 21 28 17 43 38 48 34 21 46
39 6 55 59 34 12 12 25 41 33
4 7 13 3 28 32 39 2 6 27
60 22 27 16 25 5 32 35 53 60
49 30 2 53 54 28 7 55 55 40
6 46 47 45 10 35 33 25 8 18
9 26 41 7 49 31 58 5 40 39
13 56 40 39 29 9 50 41 35 16
60 31 39 38 39 21 3 7 27 32
13 31 32 4 7 54 44 41 39 17
7 32 49 25 48 44 53 48 6 27
32 28 58 20 39 58 28 1 32 36
18 52 57 13 57 13 50 35 34 27
31 56 31 47 57 34 50 9 20 28
8 57 43 35 30 2 55 39 54 2
16 24 42 10 39 35 41 52 7 17
12 33 59 52 55 44 44 6 59 20
19 1 52 11 34 24 17 11 47 27
39 14 42 24 8 6 38 34 13 35
32 19 24 23 10 9 59 16 45 29
50 14 16 23 3 30 34 14 46 12
6 22 8 60 33 52 4 2 53 2
35 9 32 24 22 30 35 2 37 1
22 42 34 20 36 21 17 24 35 48
39 23 22 6 18 2 56 37 17 60
59 15 47 27 22 2 23 43 9 37
33 22 27 46 39 31 17 41 25 30
14 37 12 45 32 9 59 54 40 58
25 30 30 25 4 52 49 5 50 50
50 26 12 7 4 31 53 22 24 10
45 44 9 59 3 47 55 19 31 31
26 48 17 22 51 1 10 11 29 27
42 60 53 5 50 52 43 32 47 21
40 5 5 12 24 12 33 44 41 6
48 31 57 45 26 23 39 22 16 53
53 36 10 36 49 54 38 25 8 41
50 27 57 39 36 33 20 35 57 23
48 19 37 37 17 34 47 36 20 28
50 2 39 48 12 14 17 32 43 39
46 18 2 48 23 40 41 9 11 24
6 26 54 58 43 7 35 6 1 38
56 8 43 57 8 50 34 21 45 22
2 10 58 24 47 41 23 7 14 11
52 3 39 42 28 12 12 43 45 11
22 28 32 54 55 7 57 4 10 1
50 4 22 55 49 6 51 21 30 29
52 10 6 20 23 51 58 59 14 4
55 7 39 57 58 44 59 8 28 8
9 22 51 15 21 50 13 31 23 58
13 46 19 50 15 6 60 52 17 24
55 22 7 26 55 4 53 58 24 8
30 41 39 44 9 36 1 19 35 6
24 55 31 51 53 12 40 50 7 37
53 18 51 25 40 11 50 49 53 33
51 21 48 1 48 27 38 13 9 27
44 5 39 40 52 10 45 47 13 47
47 52 43 39 21 30 8 16 15 11
27 15 47 41 39 43 41 16 56 18
10 31 45 48 45 39 41 3 23 27
39 3 15 14 49 40 34 25 36 46
41 4 52 41 21 52 14 2 2 54
46 50 37 24 16 7 39 41 45 49
21 19 47 15 11 5 9 57 25 30
11 11 15 30 26 46 3 35 57 17
12 3 57 42 29 2 44 29 10 11
26 31 47 46 29 11 26 49 56 14
22 58 26 31 59 40 43 42 35 50
56 10 22 10 17 30 39 59 18 30
31 13 40 25 48 38 35 25 20 34
33 3 2 1 39 52 53 45 35 15
32 56 31 25 59 40 6 7 8 47
16 4 26 48 30 41 21 30 22 2
60 28 39 52 19 34 56 19 28 39
56 3 12 4 44 28 56 54 35 14
43 31 52 33 43 20 49 25 22 40
48 16 58 12 19 7 50 45 48 11
27 15 44 44 40 48 37 32 39 25
24 12 54 35 21 57 13 48 59 5
4 59 40 40 58 30 53 38 12 49
42 9 17 14 19 38 55 30 48 36
57 6 16 42 42 54 9 8 16 30
39 52 42 23 39 24 26 40 45 18
14 42 1 60 8 24 56 12 20 56
42 42 11 18 12 26 20 24 17 18
21 26 46 11 59 46 27 33 32 22
17 43 18 56 45 31 39 1 3 27
12 33 9 34 8 21 39 26 49 57
31 24 2 16 55 59 33 25 34 37
27 20 60 15 20 42 35 48 51 50
42 6 24 54 25 23 24 49 58 58
8 13 47 42 32 13 60 1 14 60
2 45 25 25 60 19 58 9 12 28
27 58 46 60 50 36 50 54 28 14
33 4 22 5 33 29 46 34 32 25
11 18 5 30 3 53 4 43 22 23
1 27 37 29 36 50 12 23 2 22
26 29 14 36 14 11 49 3 22 3
60 35 12 54 14 42 36 46 6 20
57 49 38 14 24 31 56 46 40 26
47 31 52 60 3 18 44 41 42 59
22 21 18 13 13 60 7 31 44 56
50 49 33 41 1 25 17 20 50 13
29 46 48 31 17 6 33 7 4 60
1 38 22 54 53 5 60 51 43 57
20 50 35 39 9 54 5 30 23 28
15 12 42 9 44 36 53 23 53 7
6 49 15 16 57 47 33 1 59 39
1 27 29 47 39 49 32 27 34 9
4 15 39 32 49 45 31 45 51 31
48 45 54 2 11 15 34 34 43 1
4 58 11 8 20 18 37 56 12 16
10 25 59 57 59 46 6 1 11 32
56 9 38 31 33 32 1 34 2 37
3 4 32 34 55 26 57 39 35 24
32 20 3 43 21 19 56 58 36 47
11 5 41 1 51 47 14 55 22 26
1 18 55 10 18 21 37 51 2 15
47 49 59 25 26 39 13 14 56 45
56 44 25 53 19 47 53 21 11 32
40 54 54 26 20 8 38 42 32 49
12 21 27 52 4 46 55 33 21 24
53 31 47 40 50 2 9 36 30 8
39 34 59 59 34 51 37 49 12 54
29 19 27 45 2 21 25 43 56 20
1 25 4 41 23 25 56 39 5 41
59 2 19 46 36 40 21 20 14 56
41 37 52 42 42 6 31 36 38 54
8 27 51 24 42 31 20 60 16 16
31 39 23 6 20 41 13 49 10 5
56 28 7 9 38 56 27 4 14 14
36 43 46 36 33 40 54 23 26 24
5 20 16 14 47 2 45 27 43 34
5 29 1 43 21 29 59 53 50 28
36 31 22 31 47 7 59 55 51 17
56 53 29 27 20 59 27 41 5 52
9 26 57 10 57 26 7 50 52 31
27 9 51 29 22 55 23 47 51 13
20 38 59 2 43 40 3 33 2 28
57 31 8 57 47 1 16 43 40 2
21 42 17 14 53 23 57 26 55 28
7 58 27 6 12 5 10 43 20 33
27 20 29 52 24 41 57 27 19 13
44 45 47 22 47 45 41 19 41 37
43 32 46 48 43 8 42 59 32 31
33 38 8 59 14 11 2 21 55 19
42 16 6 13 48 47 26 47 32 48
54 15 22 6 45 5 52 50 1 60
11 58 45 42 7 49 47 19 13 57
37 50 47 56 42 27 8 50 59 33
14 39 23 54 57 4 12 10 15 8
41 46 41 27 19 27 44 53 58 9
52 43 16 12 18 42 43 60 11 34
7 26 26 8 9 26 40 32 9 28
42 48 11 15 12 21 24 23 18 20
16 35 36 16 47 52 16 49 1 29
2 30 6 56 24 49 41 16 31 26
54 34 24 31 17 17 54 14 38 45
58 34 20 9 8 2 22 29 33 43
42 16 26 7 40 42 2 3 16 60
24 15 23 48 14 12 35 36 50 4
50 24 25 16 8 17 36 28 24 29
32 53 8 53 31 28 58 60 31 20
43 6 9 8 14 1 37 10 31 43
9 28 3 3 39 4 2 49 16 59
45 12 31 9 50 50 23 5 37 3
13 49 10 23 59 18 10 21 41 48
28 44 46 57 47 48 38 23 44 58
8 28 31 20 59 31 57 15 27 59
36 16 46 18 36 15 35 55 2 15
42 17 21 16 28 29 37 45 45 4
17 43 19 4 8 48 43 23 36 12
41 41 44 22 41 21 33 24 28 1
46 33 36 16 12 43 12 37 18 40
39 10 38 3 45 40 43 27 16 9
58 27 21 31 8 9 14 20 2 50
1 36 56 20 2 35 1 4 37 20
28 35 53 20 34 45 51 35 31 1
19 3 4 42 36 13 14 55 5 49
29 6 33 9 41 20 39 37 25 50
4 4 51 46 56 17 29 31 44 54
28 7 28 9 59 43 21 58 24 20
21 25 33 3 18 22 29 52 50 25
25 52 38 46 35 34 59 55 42 38
11 56 39 18 40 19 57 55 6 52
55 23 47 8 24 48 21 19 20 41
55 58 60 53 36 43 20 12 24 42
28 18 25 29 22 49 23 36 29 41
44 7 46 6 55 46 39 51 26 60
51 58 54 43 13 52 27 56 33 58
58 31 59 21 14 48 41 34 29 20
4 1 34 32 31 2 8 31 14 43
11 19 13 15 5 4 3 31 46 60
4 8 43 20 6 34 40 50 51 38
1 4 51 35 54 45 14 21 25 7
57 5 4 11 2 58 8 2 36 53
54 58 42 44 3 45 45 58 17 40
26 39 15 6 19 14 30 1 5 41
59 59 17 17 46 33 38 12 60 35
59 38 44 11 3 49 57 44 43 43
29 26 57 43 33 56 60 60 44 46
22 22 31 23 55 16 49 56 17 28
12 36 57 3 22 49 21 39 59 11
16 28 51 4 15 15 9 60 37 51
29 28 45 16 37 5 57 31 52 53
43 50 53 23 47 58 60 28 11 18
35 50 48 40 37 2 31 8 60 2
7 58 9 28 39 5 18 6 29 4
54 38 16 9 22 4 18 47 9 6
18 52 55 10 41 45 23 23 7 13
56 1 49 53 5 16 44 46 29 35
33 47 55 47 21 48 42 29 46 1
15 28 57 55 25 56 2 48 1 18
48 52 49 60 51 56 22 43 46 16
52 39 34 41 9 5 10 6 29 30
17 44 50 17 26 41 18 47 43 53
1 17 34 57 18 39 33 26 8 36
28 54 34 48 14 49 52 10 6 26
42 56 59 12 3 32 39 28 22 41
34 30 22 51 13 58 14 22 15 56
8 37 7 26 24 13 4 43 42 11
31 14 58 35 34 24 38 8 20 21
16 41 2 7 37 28 17 52 14 11
30 47 22 47 57 45 58 37 30 25
51 3 12 58 24 55 22 51 40 18
39 3 9 44 22 2 18 54 9 28
37 33 23 43 48 47 16 32 59 40
7 45 52 16 45 34 2 36 27 52
16 50 43 48 8 2 54 56 45 33
21 3 30 50 1 24 33 11 9 28
19 2 47 20 6 33 49 47 49 21
19 57 30 41 55 14 48 3 38 28
53 36 19 30 56 20 32 13 59 47
21 30 55 16 51 18 59 46 53 18
45 33 15 37 9 36 45 25 32 56
22 24 16 22 49 54 9 29 54 47
46 60 7 38 33 48 40 4 49 2
52 41 25 45 15 50 9 16 16 59
20 38 42 21 22 22 24 6 55 46
11 15 16 45 45 14 51 11 34 33
36 1 22 31 24 34 2 18 42 12
17 59 47 21 3 19 43 9 58 8
60 11 19 53 8 37 24 20 28 4
20 36 8 21 3 58 11 21 55 44
36 46 28 49 60 3 40 55 32 12
58 50 18 37 55 56 11 1 12 25
43 58 57 20 33 28 23 44 2 53
8 47 3 15 16 33 30 38 12 14
5 55 31 49 25 35 56 19 40 24
15 6 52 60 6 52 52 10 1 17
26 42 35 49 23 23 35 38 49 56
27 21 10 56 37 27 39 44 31 30
37 10 40 25 20 1 30 31 4 15
31 31 47 56 50 15 50 49 21 26
3 30 42 6 33 33 17 21 20 38
10 54 39 56 55 56 9 36 23 29
18 12 48 40 57 18 40 4 26 17
49 46 32 15 6 60 13 47 49 6
4 48 26 44 49 3 18 31 21 6
51 28 56 32 16 29 40 24 37 52
9 56 36 49 51 36 47 1 34 12
16 53 14 27 29 6 30 6 11 25
9 34 33 10 46 7 6 28 54 41
44 42 4 17 56 40 52 23 55 60
57 39 32 47 27 17 27 16 30 11
16 53 21 45 57 48 13 14 37 18
40 28 51 16 11 58 27 22 28 14
4 55 45 31 17 25 41 26 18 41
32 10 21 29 7 10 17 23 21 40
47 36 29 29 48 1 42 25 51 24
27 38 6 37 17 27 12 7 32 52
34 4 5 21 38 26 5 48 21 44
23 40 39 14 31 1 6 52 38 44
44 16 8 10 45 13 15 55 57 16
21 9 36 56 25 39 24 15 47 3
58 12 25 42 18 6 57 8 27 40
3 20 10 23 47 42 38 10 27 13
46 7 39 45 27 26 43 60 16 11
31 1 37 53 2 23 6 7 49 3
44 2 5 1 47 28 45 13 40 60
19 19 12 2 46 41 11 15 30 19
37 35 31 36 20 18 21 1 39 46
25 36 37 35 32 4 45 43 1 35
20 56 32 26 19 40 3 30 47 6
38 20 29 53 19 13 6 9 60 37
48 39 60 30 31 15 6 22 53 39
25 8 31 19 54 58 54 8 49 38
34 52 24 54 47 54 32 18 28 7
38 43 59 20 12 1 21 43 8 51
43 32 17 54 21 57 43 20 53 56
43 9 50 4 21 23 10 21 54 17
37 17 11 48 8 11 35 39 36 41
23 24 17 47 8 11 13 24 22 22
31 2 22 27 28 23 9 47 46 25
45 56 45 3 47 56 30 36 25 55
7 38 40 42 16 16 49 57 14 40
13 23 42 24 7 47 16 28 53 4
13 14 5 27 25 9 50 35 31 48
34 26 44 38 48 59 49 32 9 33
28 30 13 11 10 28 22 6 53 53
11 29 33 53 30 16 24 53 60 23
39 20 33 53 23 57 33 1 34 17
22 11 15 12 17 34 59 50 56 59
45 59 58 8 36 23 2 35 13 39
54 20 46 52 39 47 7 50 4 12
14 46 27 22 6 60 3 32 46 8
7 24 32 8 57 58 16 21 1 5
15 16 13 47 53 23 18 22 10 55
20 42 43 48 3 10 47 34 54 12
41 19 50 30 48 21 15 22 19 9
16 29 1 22 14 55 40 42 56 36
52 6 12 23 17 32 26 18 4 51
2 10 2 10 49 35 47 37 17 19
59 34 35 6 53 6 9 43 17 53
58 22 38 33 55 24 6 41 48 27
59 6 44 39 1 49 21 31 60 32
12 10 4 43 47 22 46 11 58 57
50 1 11 60 20 33 23 6 31 17
24 49 20 47 39 56 19 39 44 36
45 25 24 37 54 27 1 15 34 49
28 35 23 31 39 46 60 43 25 3
29 33 57 28 37 4 24 45 28 18
13 31 39 25 42 46 49 12 50 46
43 27 22 11 23 54 21 60 42 55
24 10 12 42 33 35 32 23 10 42
4 12 14 31 22 56 23 19 35 38
59 41 10 52 60 40 20 36 47 41
51 19 37 22 29 34 47 14 2 38
34 33 13 19 48 14 42 2 37 10
14 56 15 18 27 32 31 7 2 4
59 57 38 37 37 7 51 31 49 31
59 16 46 31 50 48 54 46 25 22
48 43 42 17 43 45 20 34 37 1
25 15 32 35 60 31 52 9 53 20
32 50 37 21 50 32 37 50 51 21
41 8 36 23 46 31 1 60 17 2
38 16 36 28 7 49 41 26 5 41
10 3 2 25 56 5 16 28 43 43
11 5 21 10 3 32 49 22 8 17
29 52 17 43 44 10 35 19 13 9
47 24 23 45 29 39 11 4 31 9
4 33 53 20 47 54 35 47 10 28
20 24 35 59 40 20 52 9 28 52
41 4 20 13 37 38 44 36 37 9
8 55 23 19 9 17 18 9 22 55
4 33 52 7 29 48 36 39 27 41
35 20 5 11 47 33 11 43 14 38
34 22 20 29 15 27 3 55 35 19
37 52 27 32 30 51 58 10 3 58
17 53 25 9 15 7 43 15 58 42
42 21 25 20 7 14 48 16 23 2
22 25 31 35 58 9 16 45 30 8
6 24 47 43 50 46 55 55 60 1
16 47 43 8 28 48 7 11 26 26
29 26 42 34 48 15 27 17 18 23
45 4 36 39 52 17 15 54 60 31
25 15 12 7 44 16 49 12 13 19
1 57 37 33 44 58 14 36 40 36
17 51 26 21 31 60 40 10 37 42
58 47 1 20 41 53 30 13 33 26
52 25 59 56 43 8 18 20 34 15
20 33 14 39 35 8 42 44 57 52
29 36 42 5 55 32 24 54 60 52
37 7 13 30 59 49 40 11 2 31
3 17 30 1 22 25 58 36 60 42
50 10 34 16 58 35 27 18 12 34
6 1 3 52 25 2 21 13 8 16
43 52 26 39 52 15 41 50 42 3
13 39 60 24 57 48 47 4 46 58
41 24 50 58 5 13 14 34 17 33
29 30 57 51 23 44 58 13 41 1
25 43 59 29 3 59 45 48 13 42
43 51 41 47 3 1 28 2 2 56
56 8 45 28 9 23 2 53 58 47
35 15 49 35 35 9 31 41 35 7
13 4 22 58 46 57 49 13 20 31
21 48 40 21 14 1 28 15 46 7
9 34 59 12 17 41 18 12 29 55
10 1 3 29 38 29 39 34 22 8
8 43 5 12 29 57 49 23 35 16
37 25 47 20 48 54 23 28 37 13
7 53 20 58 31 50 18 12 33 56
36 45 17 38 18 29 36 12 45 7
49 2 12 5 29 41 31 2 49 51
50 33 13 47 31 8 27 19 53 53
22 49 9 60 57 24 50 36 47 22
25 30 42 40 58 51 36 11 16 47
34 24 9 30 15 1 58 44 36 59
1 28 14 42 50 17 12 5 48 14
1 56 27 24 50 33 9 35 29 34
3 51 30 48 8 34 23 37 34 49
18 49 20 58 22 1 6 46 23 55
9 39 44 15 37 12 1 52 43 32
13 34 11 36 56 17 49 35 47 39
53 25 7 6 2 49 6 53 28 50
60 19 33 16 35 58 40 31 26 55
6 48 4 11 8 55 30 42 43 52
53 16 32 32 56 26 2 31 50 60
11 55 44 54 18 40 56 31 23 34
25 26 40 15 24 43 53 8 15 16
51 35 53 19 6 54 21 9 2 57
32 21 23 20 36 42 5 41 36 11
26 12 11 9 47 8 41 28 47 29
20 35 57 9 28 2 22 22 1 18
13 56 19 14 38 26 31 1 49 57
3 11 16 49 6 13 23 20 2 44
11 48 6 23 23 15 12 60 23 13
33 15 6 11 9 29 60 4 16 48
60 9 4 19 7 21 27 37 59 7
34 9 31 2 7 57 6 47 59 54
3 4 13 4 20 58 30 59 34 1
51 43 60 39 1 16 11 15 9 10
58 32 4 29 54 23 3 44 36 24
21 25 15 1 44 46 53 40 4 34
18 11 42 37 49 38 22 18 55 31
42 58 16 41 53 1 21 20 55 53
28 55 38 14 18 1 40 7 30 38
54 4 54 51 25 28 25 36 4 22
23 42 48 30 31 44 42 45 34 37
38 43 30 29 14 41 51 33 9 48
19 30 43 42 24 10 54 26 6 54
20 54 56 44 16 4 57 57 1 47
13 6 25 55 45 31 9 26 9 16
44 9 8 20 15 20 49 19 19 18
13 10 14 55 2 29 30 43 59 42
49 27 38 52 7 24 7 16 12 15
60 10 36 8 24 39 24 26 50 59
58 51 21 1 54 32 16 50 34 17
5 53 46 50 36 54 50 26 42 28
14 10 9 58 60 44 36 43 50 28
10 57 55 38 30 24 39 42 46 50
45 29 53 42 14 29 41 49 9 55
32 44 54 21 58 28 19 21 44 32
55 59 9 51 30 40 31 15 7 17
5 16 16 13 27 21 20 24 29 21
7 47 51 36 9 8 43 3 54 20
39 3 39 53 5 10 59 2 4 58
44 17 6 59 23 39 18 5 18 53
40 55 10 34 14 49 4 16 49 25
1 56 27 8 11 42 51 42 51 22
7 21 39 10 41 52 32 49 15 29
56 22 50 3 27 52 30 49 39 35
35 45 8 6 9 52 34 28 12 21
44 38 60 9 31 49 53 49 30 54
14 15 41 56 10 38 36 35 30 48
47 30 38 1 19 60 5 12 33 2
32 57 2 40 11 13 20 39 58 24
20 20 37 51 27 8 53 3 37 47
58 19 47 23 7 18 54 44 55 57
13 23 55 43 15 38 60 24 35 45
24 56 48 55 37 13 48 46 2 24
21 45 33 44 47 28 18 2 39 12
43 39 39 21 47 45 45 10 11 1
2 56 7 49 30 4 6 21 58 56
4 6 42 40 60 14 1 59 59 24
35 37 46 52 1 10 16 59 15 11
35 58 12 18 56 40 22 7 19 23
53 6 7 32 24 54 19 14 40 49
34 5 28 6 48 55 2 22 12 32
7 38 8 53 54 44 13 35 49 10
12 34 7 44 42 37 17 33 25 39
21 6 48 24 33 59 56 6 39 44
35 44 51 1 49 30 1 6 27 22
37 2 31 14 27 16 27 1 27 1
15 52 23 5 8 7 4 37 40 5
32 20 34 50 14 27 50 37 13 29
19 19 15 57 8 26 9 25 11 60
41 59 49 24 25 42 16 22 44 36
56 40 40 41 19 60 50 44 3 19
52 20 15 12 17 7 10 2 33 11
45 23 37 58 14 46 30 3 59 1
22 4 22 31 15 23 9 27 53 38
42 3 50 24 7 49 50 21 21 60
7 33 27 41 42 13 2 51 19 47
40 53 38 45 17 5 35 12 53 28
19 58 56 6 8 1 50 15 22 27
12 5 36 44 21 12 30 28 60 51
45 50 6 36 46 34 15 16 22 27
8 55 59 32 1 8 54 39 31 13
15 32 50 41 45 33 42 41 50 22
7 49 9 52 57 46 42 6 31 43
28 43 50 45 23 53 25 43 56 53
1 5 27 8 53 42 60 32 48 20
10 34 26 60 29 35 2 55 16 25
48 23 44 16 11 19 42 32 47 40
60 6 52 15 52 24 49 48 60 10
33 4 5 16 13 29 14 3 3 3
34 51 42 34 37 7 8 40 19 52
12 56 58 5 2 56 52 50 20 7
1 3 22 50 12 41 31 31 20 3
41 25 51 55 36 4 31 35 60 36
55 51 41 1 37 56 53 24 30 45
28 42 28 15 13 60 30 30 6 19
27 7 19 60 34 48 48 44 46 46
36 28 36 18 44 52 44 10 30 41
30 10 21 23 16 12 31 49 51 7
12 22 25 48 54 48 24 33 54 45
4 11 34 40 54 51 45 12 19 43
4 16 5 48 52 56 34 2 59 37
18 44 26 13 47 55 34 16 33 47
50 7 55 44 45 48 45 59 15 23
17 37 18 24 41 19 10 41 6 11
55 37 30 42 28 56 11 10 42 5
31 41 30 16 11 28 23 56 51 12
43 17 33 53 36 8 31 34 21 28
14 52 26 27 49 44 50 24 53 32
53 13 7 53 48 26 24 36 24 40
34 2 29 11 21 59 52 56 32 60
43 48 31 28 42 51 34 4 34 50
16 28 30 35 42 23 56 52 31 7
3 9 1 41 46 59 5 31 27 11
42 27 48 22 37 36 31 34 41 9
1 21 25 58 16 48 57 47 14 43
48 33 8 23 30 16 46 59 36 8
1 26 8 38 21 13 57 33 37 27
56 50 60 15 44 26 20 44 30 36
5 35 13 32 59 51 60 18 23 32
39 26 38 25 41 36 40 46 5 20
9 12 38 15 60 16 15 28 42 46
29 21 18 16 11 6 57 60 56 26
49 56 29 6 58 50 15 42 34 52
6 35 12 35 22 33 38 25 16 53
23 16 23 52 15 5 16 42 32 16
16 12 45 44 36 58 26 35 2 5
48 14 34 27 23 56 16 16 35 34
32 58 32 55 47 35 58 20 34 25
13 59 20 51 14 9 27 46 54 9
26 43 21 5 58 1 43 39 26 13
45 27 30 49 18 52 12 18 50 3
45 34 25 14 26 15 38 54 22 41
32 16 44 45 51 51 38 18 34 37
17 50 29 22 46 12 24 48 44 1
29 21 50 45 6 44 24 45 24 16
14 1 55 44 60 8 5 4 52 31
39 46 26 1 57 54 39 9 21 47
26 20 32 9 27 60 23 51 2 54
59 56 6 15 55 31 24 53 38 9
21 35 19 24 10 41 31 31 54 35
17 16 25 40 35 59 11 50 39 45
29 58 33 55 54 28 56 28 9 48
24 19 3 53 21 29 38 59 18 52
39 12 21 34 33 2 7 26 16 60
18 9 12 15 37 50 22 42 51 1
15 58 42 30 55 24 60 53 59 23
58 12 41 39 29 5 58 18 19 27
9 60 10 48 44 50 11 59 58 60
39 15 52 40 5 43 4 11 44 38
20 7 6 48 30 42 42 28 21 32
7 7 18 41 45 4 26 57 22 51
58 21 54 26 36 40 47 57 10 56
23 35 13 11 4 57 52 2 9 23
40 46 31 19 53 57 33 56 42 39
17 8 5 4 5 32 54 15 46 35
12 42 52 9 15 5 60 15 24 49
19 1 31 41 53 26 9 15 45 31
1 11 28 44 42 49 16 10 16 6
45 4 7 8 24 51 57 25 8 11
43 11 45 47 12 58 38 26 48 5
