100 5
8 18 33 16 4
48 23 22 60 52
47 35 9 58 58
41 14 53 41 38
12 34 15 52 12
27 20 51 20 36
60 23 11 60 60
42 30 35 50 59
20 7 27 52 44
44 30 2 48 43
25 17 31 51 10
20 1 25 38 39
3 1 28 56 23
52 52 4 17 35
50 33 41 58 60
55 29 57 52 18
34 14 12 14 42
16 58 5 41 2
60 25 38 5 50
53 31 45 45 41
26 40 41 23 49
44 56 16 50 21
31 30 11 37 57
5 11 37 1 20
46 48 19 54 43
16 27 22 5 18
40 5 52 8 37
53 43 14 31 52
7 43 26 2 51
8 39 29 35 49
15 16 47 8 38
34 39 5 44 52
34 29 5 51 55
42 1 56 14 12
30 32 41 11 30
23 34 43 56 18
29 11 59 29 21
5 22 23 6 1
19 52 12 46 16
9 27 43 20 36
50 59 4 37 35
32 30 13 18 54
28 14 50 42 45
57 41 4 54 55
20 19 13 32 34
34 26 18 58 6
32 1 32 54 43
33 47 33 26 55
39 9 22 30 35
9 54 38 26 6
39 16 52 43 42
41 10 18 51 30
17 49 6 36 32
55 39 42 11 54
6 21 54 22 51
21 31 22 30 8
21 59 1 26 15
44 8 5 18 59
10 47 53 18 59
21 27 54 2 49
9 31 21 26 23
1 16 56 50 5
30 40 11 58 6
12 28 18 4 50
35 13 41 32 50
49 2 37 30 12
4 43 28 33 5
25 34 30 1 31
5 50 28 11 27
5 43 42 31 60
18 37 24 40 4
8 27 24 1 1
49 44 17 31 20
6 8 53 29 34
15 55 1 28 58
38 16 8 11 18
15 28 1 27 28
38 16 19 47 41
30 25 2 13 56
44 37 55 42 36
12 11 3 2 13
20 37 30 60 35
17 59 35 40 57
26 50 60 53 36
52 22 34 41 45
11 24 28 46 13
10 48 38 3 45
40 2 59 2 58
15 31 56 23 56
1 39 60 16 36
47 58 12 29 53
50 19 37 24 16
43 18 48 46 15
28 38 43 19 57
47 54 54 34 34
40 25 58 55 22
8 21 51 20 19
4 26 21 42 22
59 27 50 45 28
26 12 24 53 41
