1000 20
57 44 30 30 27 7 13 29 13 12 30 20 59 30 14 38 10 26 6 44
58 9 8 16 20 47 48 35 51 13 15 14 41 22 10 4 32 26 58 9
7 37 15 35 23 32 50 54 4 23 44 32 12 12 26 3 9 11 37 27
29 20 39 26 51 20 53 19 12 42 24 35 56 57 13 12 17 22 9 36
29 22 46 53 11 2 7 13 54 29 56 32 55 50 47 20 57 9 56 37
39 18 54 24 56 54 32 27 43 51 55 60 38 36 39 38 29 46 28 30
35 54 13 29 39 24 44 56 38 56 18 31 5 24 3 1 31 11 19 30
15 56 21 53 42 54 28 15 45 54 18 35 43 17 38 41 56 13 51 44
25 23 33 50 59 8 56 58 22 7 57 58 17 41 21 58 60 12 58 46
49 50 15 22 29 50 9 42 51 4 22 10 16 48 30 18 21 54 55 24
11 26 17 2 4 44 18 22 19 25 54 45 55 36 51 18 4 12 47 49
36 52 38 33 55 12 8 2 38 11 39 28 45 9 55 18 58 56 50 21
22 36 49 44 28 30 14 36 22 47 3 1 23 35 60 10 40 1 17 31
27 25 19 58 10 12 1 20 28 28 29 2 58 33 5 7 40 28 46 7
54 51 23 50 54 36 29 31 24 36 13 14 54 18 31 14 43 45 39 42
16 19 43 42 24 51 29 1 36 22 17 18 4 5 30 35 39 13 32 15
55 40 7 43 24 2 52 40 39 35 54 9 19 20 35 8 4 39 7 54
8 38 44 38 55 48 19 48 5 18 26 58 32 18 1 60 57 12 40 27
16 49 58 32 20 60 29 49 58 8 56 11 39 53 15 28 41 48 23 20
12 40 20 23 49 37 14 55 20 49 6 47 29 53 48 51 42 26 48 56
8 54 36 33 45 35 48 22 52 47 51 7 52 16 11 41 16 20 53 5
11 2 11 30 38 14 35 55 49 42 32 8 57 44 52 51 40 60 17 26
30 57 49 35 59 50 17 11 18 30 47 2 16 25 45 52 33 54 15 24
40 60 56 17 43 30 58 27 26 37 44 29 33 14 37 52 50 16 12 57
46 16 25 42 19 29 53 58 3 4 25 21 36 11 26 48 56 28 47 57
16 43 18 19 17 56 54 49 31 29 32 10 38 32 38 2 46 12 1 20
19 34 32 22 9 39 31 27 46 5 20 19 8 42 37 60 37 21 54 37
52 52 3 13 30 37 50 45 31 2 48 46 5 47 9 13 14 51 54 11
2 51 3 46 30 15 15 59 54 40 33 53 46 41 17 49 29 1 24 4
13 23 58 17 38 9 36 53 42 56 29 4 14 21 37 13 43 38 5 55
40 8 50 48 37 50 25 30 4 59 53 47 26 54 11 15 52 38 60 36
6 5 60 10 15 56 49 33 46 21 50 30 55 58 52 48 33 16 3 38
27 2 3 26 38 28 24 41 29 46 28 56 32 32 21 54 46 6 55 21
37 34 52 34 13 8 56 6 3 53 20 57 14 53 47 58 58 22 32 50
3 58 10 15 32 30 11 34 20 47 14 52 50 54 47 10 13 17 1 19
38 42 24 29 14 46 58 29 45 34 54 39 19 45 3 20 47 23 24 1
20 37 5 29 39 33 58 55 31 8 46 31 1 12 43 6 53 57 58 35
33 44 45 49 46 20 55 47 2 60 37 24 17 50 18 32 52 32 56 53
18 43 59 44 49 55 46 22 18 5 28 13 60 30 14 41 54 2 4 46
1 53 28 19 57 22 40 16 18 55 37 30 3 41 31 15 15 33 18 48
11 35 37 50 14 60 58 43 39 21 49 4 18 50 10 33 44 56 47 26
46 14 7 37 13 11 38 48 3 30 50 1 18 52 18 14 47 32 16 1
49 36 31 11 20 36 58 4 10 13 14 32 35 50 38 41 19 38 39 6
40 49 51 30 50 16 55 56 42 35 36 36 54 1 44 39 29 13 60 49
4 9 59 44 41 12 19 44 28 51 37 57 6 60 49 38 5 3 42 54
18 13 32 48 45 48 14 29 59 12 40 23 8 60 12 40 45 24 22 23
32 26 6 52 38 40 34 28 23 39 34 13 3 34 43 56 30 26 11 21
7 21 56 26 29 38 3 36 42 56 31 51 35 26 29 50 12 46 30 50
55 32 15 6 14 22 51 2 45 32 58 27 19 9 39 7 6 40 21 46
48 30 8 20 21 12 58 16 19 10 17 44 41 41 22 40 54 14 4 18
35 48 49 20 6 8 14 37 50 18 14 2 4 36 52 38 35 11 55 42
25 13 60 27 27 55 21 6 59 17 41 14 39 22 30 18 21 3 48 8
12 49 56 12 51 47 1 5 4 16 55 39 60 5 34 2 60 41 16 28
9 7 40 45 55 44 24 39 20 9 6 3 28 39 28 1 55 48 27 34
27 36 19 11 32 29 39 7 40 41 40 35 34 47 49 49 26 8 35 28
43 49 20 34 56 4 21 27 30 50 29 26 40 60 2 43 1 4 43 1
38 2 1 26 27 39 51 37 27 17 20 35 49 56 6 7 20 30 4 33
31 44 28 56 17 8 56 50 8 2 31 12 38 6 35 37 39 2 36 17
54 57 50 42 25 35 56 13 24 34 51 25 42 2 18 16 60 19 1 23
6 20 34 26 33 47 58 8 57 7 57 52 41 33 50 58 55 8 19 32
53 1 51 37 48 18 10 51 26 42 1 18 14 32 4 57 36 35 51 34
17 26 33 10 51 37 7 8 30 43 17 18 57 5 56 10 60 30 20 29
12 8 49 11 2 26 49 27 5 14 28 2 41 40 48 30 43 46 60 51
40 3 21 25 36 4 42 16 50 6 10 17 52 7 9 60 59 14 12 51
22 46 7 7 5 11 22 31 22 39 22 52 12 33 46 13 30 33 44 1
57 28 18 40 12 53 57 16 34 12 49 31 48 42 22 11 22 52 6 9
54 15 20 43 36 27 32 38 14 1 52 35 47 48 12 12 42 40 18 19
19 16 32 36 33 40 39 28 34 48 18 35 8 40 41 9 60 17 38 20
57 4 56 55 30 32 33 7 18 27 54 49 14 36 52 32 53 51 54 4
22 14 60 20 31 56 56 24 19 5 10 59 50 1 47 44 1 16 50 41
39 7 25 5 29 23 45 57 8 56 56 43 15 44 35 54 59 16 29 57
44 33 13 7 37 58 50 42 2 20 57 10 1 20 45 32 43 34 12 17
12 26 42 45 15 14 10 8 8 5 43 6 36 22 38 16 52 56 5 57
41 19 5 43 45 20 19 27 14 28 57 46 11 50 36 34 10 32 59 57
39 12 50 35 35 39 22 47 10 24 24 51 34 17 12 15 36 5 20 27
60 23 25 32 47 59 43 7 52 28 49 38 57 18 3 22 57 43 28 52
40 42 33 41 57 24 14 55 52 13 20 36 53 49 47 58 39 8 23 49
28 56 38 13 18 14 45 55 6 17 9 51 23 16 4 34 2 7 55 27
49 53 19 10 35 40 5 58 13 11 2 22 52 54 50 35 40 19 51 44
49 16 40 30 21 38 12 60 16 11 3 41 48 59 19 32 36 54 26 24
33 29 20 3 55 35 12 7 29 41 48 60 25 3 14 44 47 44 40 11
59 43 2 23 6 14 53 51 25 10 53 17 15 13 56 13 56 52 18 20
20 18 29 1 37 29 25 14 31 4 19 48 43 16 34 60 24 4 29 25
16 39 6 23 37 58 22 32 20 49 22 31 41 38 3 5 53 37 59 6
53 54 2 1 57 27 44 43 6 52 34 20 33 24 53 8 46 46 26 50
53 58 9 5 41 53 34 47 28 42 28 12 28 49 5 18 29 29 48 47
15 15 31 47 15 22 21 19 8 2 45 52 8 5 42 5 19 39 27 51
43 12 24 3 50 23 40 40 21 40 3 44 38 58 40 18 5 39 50 46
48 6 2 38 45 58 26 56 14 48 9 27 53 12 20 46 15 31 45 51
4 49 25 23 32 15 39 20 12 10 49 17 23 11 59 26 39 27 21 28
29 18 11 42 45 13 10 15 10 19 23 8 60 21 42 35 31 56 8 38
44 43 37 50 43 51 41 44 16 35 1 18 56 44 56 29 50 45 41 50
42 51 14 41 51 25 28 46 46 44 24 19 31 10 26 41 39 16 43 39
7 54 25 6 28 34 55 44 16 20 40 53 24 47 8 42 11 41 38 35
36 29 25 17 36 59 28 17 41 15 41 58 43 41 55 9 42 45 27 48
54 5 51 38 42 29 13 9 48 45 21 43 29 51 21 20 55 21 16 37
25 5 51 21 48 45 1 2 30 34 19 22 28 1 57 19 6 7 5 54
13 12 34 28 57 55 55 17 37 33 8 54 37 38 26 14 19 44 49 49
17 14 60 9 53 11 23 35 4 14 32 41 13 11 50 55 22 54 35 31
7 39 58 19 30 15 19 29 16 54 36 9 33 33 2 44 47 35 11 26
40 44 19 47 20 54 12 9 54 24 2 31 5 18 59 52 40 3 36 46
18 9 15 8 5 27 18 3 24 38 55 50 15 55 38 57 34 2 33 43
53 50 23 39 38 4 40 3 10 43 38 56 57 28 36 3 1 2 34 4
42 10 34 57 36 23 52 19 56 50 44 40 30 15 52 14 55 38 11 9
25 36 60 13 11 50 55 12 16 25 8 2 19 33 38 29 3 49 60 60
7 24 11 38 38 33 6 54 26 24 14 4 29 60 7 60 8 50 16 3
47 33 6 36 42 23 57 40 54 35 37 32 35 11 12 44 10 57 43 23
40 43 39 9 6 9 1 49 39 42 51 29 21 52 7 53 12 15 47 7
23 49 51 44 44 16 21 17 19 39 29 9 4 28 37 51 26 41 23 38
41 2 17 27 25 26 18 32 25 6 20 59 7 36 53 57 5 43 5 56
13 39 26 12 20 30 38 21 2 9 36 39 3 17 2 33 35 45 29 3
19 24 6 26 11 51 6 21 14 40 22 60 7 5 52 22 57 23 3 27
28 48 48 57 4 11 55 57 8 22 52 60 1 32 51 49 36 41 56 33
52 15 27 48 20 40 59 17 60 57 40 54 53 30 15 38 37 45 4 16
2 60 14 39 23 17 11 47 40 53 28 60 23 24 53 42 12 49 48 28
9 56 7 8 11 22 5 10 53 39 22 1 14 20 60 41 30 31 22 19
58 56 16 13 10 47 25 16 30 30 15 55 26 21 46 54 17 57 35 13
27 40 44 45 31 24 3 24 20 58 31 22 39 42 52 29 21 24 2 58
7 58 16 28 24 42 36 18 49 12 46 1 9 56 2 26 26 17 38 59
21 3 36 25 29 22 30 45 25 60 35 21 50 33 12 1 6 47 13 23
36 58 22 34 32 15 52 22 28 37 31 49 12 51 22 8 11 60 16 29
38 45 23 17 20 50 24 37 5 53 10 12 6 32 22 18 11 18 45 50
50 41 14 16 38 11 34 31 52 50 16 20 12 51 52 29 26 19 33 45
4 29 23 22 28 54 5 8 26 6 38 29 49 40 4 45 11 6 50 60
3 1 11 32 43 29 37 52 17 4 51 44 24 51 9 13 51 29 29 3
37 46 23 4 60 40 44 26 2 28 60 32 32 29 37 20 15 15 51 24
20 22 36 18 16 17 22 21 37 59 15 41 54 34 8 2 17 19 6 12
5 57 56 58 27 3 17 25 22 45 16 46 10 25 1 49 50 56 37 33
39 13 44 42 15 8 4 46 56 1 47 7 24 44 18 7 56 51 21 38
20 1 2 29 8 40 22 20 37 13 20 45 47 23 47 10 55 5 51 34
20 47 40 22 13 1 26 35 7 17 49 12 16 56 22 7 18 47 19 47
5 43 8 25 45 23 6 59 25 5 30 43 3 10 20 56 2 50 29 13
53 49 42 1 25 18 1 36 24 56 48 40 29 43 54 8 45 4 34 20
60 23 38 7 46 60 9 26 56 6 14 41 18 2 7 5 3 47 22 8
16 1 32 37 35 9 17 10 23 17 35 40 49 8 15 3 49 7 47 5
55 19 15 55 17 36 19 22 18 54 35 54 17 23 2 20 54 47 31 25
10 18 49 15 20 44 30 1 53 54 53 46 5 6 39 48 29 21 4 39
26 48 52 53 49 22 26 34 31 10 25 34 47 2 2 38 43 5 23 16
29 23 28 4 13 11 26 18 38 29 22 39 23 52 38 32 22 34 38 34
44 21 39 19 6 57 50 2 14 60 27 10 20 50 6 43 24 43 56 18
22 23 45 57 33 27 13 36 17 32 38 8 2 40 2 34 43 54 39 2
17 16 39 40 20 32 13 57 19 16 36 18 17 22 27 6 18 58 54 9
29 15 4 55 32 31 34 25 33 2 5 20 32 59 34 42 33 5 16 51
5 12 31 16 17 9 44 6 37 37 14 15 29 52 33 16 48 60 23 44
51 28 7 57 39 59 19 35 9 39 33 45 54 22 1 23 47 59 21 27
33 47 35 56 51 54 33 48 21 13 13 9 18 6 19 28 26 47 45 54
55 28 29 6 44 58 31 47 26 1 6 55 42 46 25 26 48 16 19 39
20 31 38 20 2 18 37 11 19 57 11 2 11 8 39 11 18 5 17 57
51 45 39 5 49 39 11 13 58 44 49 48 1 44 9 18 47 41 29 51
13 45 15 45 20 51 39 32 1 54 56 39 53 23 10 49 3 26 19 28
47 26 57 55 48 52 53 36 53 51 28 56 32 32 55 17 6 16 42 45
30 53 53 43 49 45 48 3 32 8 40 34 53 34 20 9 56 53 50 31
53 19 30 43 53 39 36 36 45 34 53 34 52 22 41 9 41 48 50 28
60 22 1 47 44 31 4 34 28 2 23 18 30 30 37 1 7 17 55 30
26 39 54 36 11 44 27 41 14 31 12 4 9 35 2 34 17 22 53 16
24 8 46 35 33 27 25 35 17 31 55 26 21 52 47 40 35 53 36 13
2 7 41 19 35 11 53 27 48 27 12 52 15 46 53 51 38 59 41 14
58 13 55 4 3 10 33 34 42 48 54 33 15 23 10 42 23 33 4 16
34 24 9 9 7 29 52 50 10 50 4 58 29 58 51 31 32 28 9 29
3 25 43 17 23 10 49 4 5 20 34 16 22 30 1 46 53 23 10 57
13 16 21 10 16 33 60 57 15 56 50 18 10 46 60 23 2 49 48 51
6 43 24 2 39 19 32 37 59 15 8 32 6 51 17 46 13 35 47 39
14 5 50 58 57 35 38 26 47 7 27 47 12 6 53 56 39 2 48 37
35 5 48 37 39 10 19 30 31 34 39 15 7 50 27 54 3 57 54 28
17 21 50 42 25 38 42 20 26 36 7 20 34 15 51 32 41 30 15 36
11 59 21 2 36 25 28 1 50 19 49 18 45 20 51 3 12 26 49 19
37 25 45 13 37 31 14 55 46 48 56 22 56 7 31 1 6 44 60 12
3 38 14 36 59 25 24 20 54 46 10 7 15 23 29 58 4 39 2 14
15 29 59 36 36 38 56 51 51 43 4 44 26 20 10 1 14 19 24 57
13 12 56 5 21 48 27 21 57 52 13 43 33 49 43 32 52 37 23 35
38 7 23 52 13 42 45 15 28 31 45 17 17 13 13 28 55 30 32 28
2 24 46 6 36 51 21 13 8 3 42 23 10 44 60 41 24 18 14 11
5 58 22 26 19 5 60 17 39 4 22 23 40 18 59 42 39 18 45 34
22 60 40 45 23 35 36 11 41 49 25 27 17 55 28 30 11 32 15 59
31 35 40 14 60 15 30 34 5 1 1 24 14 25 56 47 27 5 22 37
45 1 31 52 19 27 45 53 16 45 6 14 50 36 60 23 60 57 44 14
24 15 13 24 59 38 27 54 2 12 26 32 40 18 5 35 56 59 1 49
59 27 54 55 14 50 7 60 60 5 59 16 43 28 20 60 4 12 34 44
1 54 57 59 5 38 26 51 3 46 57 50 34 3 28 57 22 31 43 27
37 35 6 33 3 22 39 24 8 35 5 46 54 17 28 22 26 6 56 22
48 3 30 51 52 40 2 46 14 28 49 48 14 9 16 55 52 10 44 39
11 39 44 6 8 12 41 54 14 24 44 14 28 12 3 28 55 58 24 19
56 4 60 7 14 26 51 22 38 22 6 24 34 51 14 30 16 34 8 10
59 9 25 6 11 8 22 5 60 49 52 39 31 10 24 35 42 56 25 11
21 16 46 22 39 4 15 57 47 13 17 53 28 17 20 33 4 7 20 36
56 8 21 10 3 22 14 46 25 33 40 28 44 30 51 1 46 55 53 46
60 32 27 59 54 52 19 2 1 40 12 21 31 58 1 24 20 38 21 16
18 5 39 56 7 46 9 19 19 18 34 29 35 39 9 31 19 57 32 10
3 36 19 3 34 13 52 42 12 48 6 8 15 22 9 34 18 56 54 56
42 39 58 1 48 54 15 58 7 51 46 15 36 24 44 45 2 5 52 12
16 36 3 26 41 16 30 6 26 34 2 9 5 35 33 3 60 46 40 31
25 50 51 15 58 32 42 59 55 60 34 53 13 45 43 42 46 60 48 8
32 14 26 42 15 33 18 54 18 39 55 51 50 33 36 19 47 48 25 22
23 48 6 17 32 31 56 26 7 29 11 34 59 39 43 1 21 22 54 55
39 26 53 17 59 13 15 41 32 6 8 3 57 49 42 22 24 1 45 13
22 57 34 44 3 3 49 54 49 45 25 11 37 47 60 38 27 52 4 46
42 25 1 23 33 39 17 15 10 48 40 34 30 4 39 8 18 40 52 20
53 2 51 18 2 46 39 20 19 59 42 28 58 25 45 27 34 42 58 20
42 13 25 36 56 26 14 37 18 49 7 7 56 1 2 36 36 42 1 49
12 32 26 39 51 14 20 8 59 51 18 39 21 14 4 9 48 41 2 23
10 39 49 39 7 19 2 51 38 42 29 36 34 25 50 5 45 5 55 10
57 47 25 51 50 19 53 52 21 28 59 43 34 47 11 44 41 7 4 60
3 46 53 28 57 4 33 50 36 41 20 34 18 56 20 39 45 6 39 46
13 47 18 18 60 59 34 43 51 20 46 58 26 34 50 36 9 1 56 35
34 19 10 59 39 33 43 57 15 52 21 28 19 4 25 3 3 35 55 19
31 49 54 58 49 40 36 35 53 12 59 35 5 22 9 49 1 29 49 6
13 49 7 27 29 22 21 50 12 26 32 36 60 17 14 44 53 25 34 15
12 35 4 26 59 28 53 10 5 58 43 60 35 8 15 30 42 41 32 25
30 47 4 48 30 20 14 9 55 42 28 23 33 41 14 40 9 4 4 54
28 23 39 45 23 51 8 5 48 33 16 40 20 46 59 2 38 60 14 57
48 21 49 53 17 27 40 59 31 17 2 1 59 44 54 52 21 5 24 13
39 33 10 29 5 56 41 36 12 20 6 29 56 31 23 7 38 51 26 13
41 56 9 14 22 13 17 50 28 7 41 34 41 14 8 51 25 15 57 56
8 58 40 26 7 8 9 10 4 14 33 23 54 49 54 39 9 42 7 59
30 44 58 4 38 11 56 14 57 56 47 28 54 7 43 26 29 34 32 34
58 36 22 2 3 49 34 36 43 4 59 15 55 5 3 25 11 24 57 44
9 48 17 37 12 53 41 55 55 39 16 20 32 50 24 50 47 43 12 11
22 13 15 9 22 5 57 15 58 9 11 20 41 37 50 26 36 20 60 28
11 55 42 38 6 31 53 30 2 25 24 37 45 29 59 22 18 40 34 58
51 35 28 5 1 1 13 8 41 51 15 10 32 35 1 49 15 8 49 4
56 28 2 50 44 18 43 51 36 32 5 41 24 10 22 9 19 4 38 52
46 17 15 50 46 30 5 43 19 9 35 55 60 52 20 19 52 5 35 5
48 41 10 46 4 34 24 44 19 60 15 17 6 37 53 16 27 20 59 43
53 8 55 43 46 45 13 43 31 21 23 9 54 56 7 25 18 8 56 4
59 15 16 15 6 21 20 53 35 59 60 33 52 53 44 36 28 44 3 53
52 23 44 54 2 36 19 55 41 59 18 34 46 50 37 53 15 39 6 3
17 51 12 55 33 52 42 42 54 14 16 7 56 34 37 4 20 32 37 25
23 60 30 53 12 14 42 16 8 22 15 41 36 19 57 39 40 23 13 44
53 17 37 54 23 41 35 43 28 56 18 12 7 7 26 11 32 41 38 18
33 9 51 27 35 55 39 56 21 33 21 42 24 19 28 45 46 45 53 53
1 25 55 34 19 44 42 56 13 48 48 42 1 46 30 27 56 48 38 3
35 22 43 59 29 19 50 19 32 24 39 56 40 27 32 53 16 6 50 2
56 36 28 32 4 44 24 60 33 50 31 54 57 4 22 34 59 60 52 45
59 16 2 23 11 24 10 54 7 41 2 53 40 44 23 53 50 55 22 30
26 49 8 31 49 10 58 59 6 25 20 40 6 50 21 16 53 5 27 54
41 34 16 43 55 14 15 31 40 46 4 33 33 15 34 45 58 15 2 24
47 15 42 39 9 57 59 48 35 18 54 46 19 7 1 57 43 20 6 21
31 38 45 48 40 32 56 39 55 44 46 22 37 60 42 51 33 20 19 39
30 37 52 2 19 12 29 38 27 45 8 29 18 36 35 22 28 4 26 5
50 48 12 8 29 10 32 38 29 41 26 2 37 40 53 31 15 14 58 12
16 44 45 22 12 31 1 43 6 19 34 52 43 55 44 58 34 19 49 50
48 45 18 3 29 24 18 34 34 43 59 33 21 27 40 34 19 15 53 44
45 30 4 20 20 6 33 57 14 40 38 49 6 41 25 27 48 56 14 31
24 33 3 46 19 28 30 6 44 9 8 15 49 25 38 4 1 21 11 17
42 34 46 47 14 3 49 33 30 12 34 49 5 27 40 39 36 13 44 7
20 57 36 2 55 4 53 18 49 8 24 41 3 15 56 39 4 27 31 33
51 54 27 58 46 5 18 11 58 55 26 11 57 33 51 19 27 20 30 57
54 33 19 6 17 35 36 37 45 55 11 31 58 21 8 36 1 2 51 36
53 5 5 1 29 4 13 45 58 45 4 45 6 2 22 44 20 5 21 45
14 29 17 13 16 15 59 18 49 20 12 1 58 38 35 34 3 8 16 49
60 56 50 20 41 52 24 27 14 23 22 16 37 58 4 55 43 41 59 56
15 1 6 9 60 42 30 20 56 54 47 4 27 24 5 55 24 39 24 58
48 7 30 52 11 18 17 50 36 24 7 10 10 53 35 20 40 33 53 46
13 51 45 47 49 59 5 38 2 35 48 22 51 40 30 51 3 10 47 13
46 31 2 33 16 12 2 20 16 59 33 55 20 57 32 11 56 1 53 52
39 6 5 59 40 42 18 41 42 30 21 21 19 23 17 60 14 11 47 33
16 53 27 44 47 43 7 50 55 35 57 22 47 14 45 2 36 23 24 53
10 39 26 45 16 3 51 12 59 11 19 25 20 51 5 26 2 33 53 9
3 8 35 56 30 9 39 45 52 57 13 45 54 50 58 8 41 54 16 17
9 12 12 48 58 50 40 46 6 59 19 47 52 31 8 46 28 49 54 9
55 55 12 55 47 23 60 48 48 17 59 54 20 23 39 11 22 23 34 53
56 11 34 48 18 57 13 47 56 44 2 28 2 48 44 47 51 25 53 56
22 15 53 2 20 54 45 22 29 6 2 32 3 47 18 37 47 9 42 41
55 39 18 42 48 24 4 46 40 10 5 29 51 45 9 20 42 2 56 8
59 50 20 47 41 2 56 51 12 15 7 26 51 57 42 11 44 39 21 57
44 58 57 9 53 53 48 53 31 3 31 35 41 5 35 4 31 37 7 45
56 28 12 39 40 2 12 31 59 20 19 42 38 52 24 15 14 46 6 12
41 12 54 43 10 39 50 25 24 6 47 14 58 47 25 43 59 39 4 36
18 7 22 39 36 39 15 24 46 25 8 54 32 12 21 42 20 35 33 5
22 17 20 57 51 49 43 5 48 31 54 1 39 43 5 32 13 60 25 51
4 52 22 47 19 59 18 47 23 14 40 54 5 12 55 5 13 30 51 20
7 12 27 27 37 12 19 57 48 11 57 2 35 58 35 39 32 25 52 15
48 59 49 20 48 40 9 35 30 3 12 16 12 30 43 47 29 1 46 41
39 34 1 33 23 37 55 31 5 53 10 41 28 34 37 19 6 27 6 59
15 51 10 30 30 51 29 51 29 22 31 48 60 46 59 30 38 15 33 18
45 33 17 19 7 16 44 38 60 4 58 53 48 45 36 30 17 10 38 28
40 13 50 55 38 43 60 24 53 40 6 33 29 11 2 50 10 9 40 28
8 40 44 41 52 44 52 18 59 18 2 43 37 49 45 50 46 54 26 7
21 4 35 53 23 56 52 6 42 9 28 24 20 13 47 52 4 5 29 5
4 20 53 52 53 21 9 37 11 28 51 6 59 6 46 27 49 20 43 40
17 32 29 58 50 16 53 30 33 4 53 15 39 15 49 5 39 7 49 29
1 12 21 16 22 15 42 10 28 37 25 39 13 20 13 34 60 47 53 53
14 6 44 27 9 31 49 53 18 4 21 4 30 2 34 59 31 16 38 42
19 59 16 5 11 14 8 39 9 20 36 5 7 12 54 49 47 8 12 14
40 22 11 40 23 58 43 5 57 44 1 38 44 51 42 25 10 45 39 57
2 40 56 60 50 27 28 36 28 53 6 4 15 26 48 19 9 26 16 25
41 31 52 12 12 19 13 51 10 25 33 47 56 50 14 19 10 11 1 24
37 46 32 2 38 13 34 9 11 2 2 43 46 44 15 17 4 43 50 29
59 19 42 42 25 30 1 9 58 10 53 46 20 29 2 49 45 11 18 17
56 10 37 51 23 23 44 9 8 12 32 20 17 60 48 10 4 4 31 17
2 43 56 2 53 47 43 52 42 54 29 36 52 33 45 47 46 10 60 6
49 19 14 33 59 33 22 34 41 7 5 13 15 30 26 21 14 23 26 3
34 8 26 29 35 3 11 5 22 39 12 58 10 57 47 39 33 27 37 24
50 42 50 38 3 50 10 38 16 16 5 12 2 25 22 34 40 17 58 49
51 19 7 18 53 24 48 60 45 57 45 47 12 5 43 32 5 17 42 2
31 42 29 8 28 57 13 49 43 54 19 4 21 3 23 19 39 48 42 48
16 18 6 34 46 39 60 10 54 37 33 39 24 5 28 53 40 3 39 48
23 42 26 57 29 46 22 43 37 17 57 21 19 16 2 12 14 32 26 47
47 47 3 51 25 15 5 47 15 32 22 11 37 18 49 37 28 60 30 45
46 47 29 59 16 28 54 7 50 50 16 39 31 34 35 9 2 58 52 51
54 24 31 11 18 52 9 32 8 48 46 9 10 45 50 23 56 49 10 25
24 59 2 51 10 35 1 43 42 51 2 28 9 13 13 36 12 30 11 4
21 37 4 29 45 45 16 53 12 19 47 11 43 16 11 7 58 18 35 59
50 59 25 42 30 13 40 48 19 22 30 16 22 44 41 39 57 41 56 13
10 13 54 46 2 54 20 35 1 35 10 43 44 54 53 49 21 19 54 55
55 30 7 10 26 42 37 21 60 11 39 55 10 17 5 9 2 29 30 21
5 15 44 1 21 43 32 46 39 19 10 37 60 29 34 39 7 35 34 57
37 47 24 52 59 37 22 26 26 43 47 59 34 13 58 53 9 10 48 33
40 27 44 59 1 25 18 38 47 1 10 28 47 21 43 13 34 9 52 23
22 55 51 47 3 6 11 3 58 14 11 34 36 43 34 31 5 48 47 5
18 26 50 24 17 53 41 10 13 12 57 8 3 38 8 30 19 13 38 24
13 49 11 5 31 37 43 18 41 40 46 55 2 24 47 41 11 11 35 19
37 26 25 8 35 59 56 18 52 5 7 34 27 58 53 47 4 17 28 12
34 32 40 3 9 43 25 8 51 10 29 51 4 28 11 34 40 6 44 31
8 15 8 8 11 58 52 14 50 51 50 16 9 36 53 26 59 3 38 9
52 30 14 35 54 7 12 23 47 9 37 19 38 21 26 1 29 32 34 30
48 33 1 55 56 49 43 36 27 36 47 6 48 28 52 54 15 43 35 30
28 54 13 30 19 60 21 48 17 38 41 55 49 27 35 33 59 30 46 4
60 39 24 3 3 48 37 42 24 36 2 16 54 4 30 17 54 10 33 9
31 1 14 4 40 59 16 17 2 39 53 36 47 9 21 2 26 16 14 39
5 2 12 60 50 14 53 37 37 50 48 44 21 49 14 36 52 12 7 43
48 12 11 54 6 59 11 59 2 54 43 17 20 7 49 48 27 22 19 54
18 30 48 47 34 6 22 49 11 12 56 13 52 43 42 40 56 47 51 13
55 21 14 19 13 12 52 41 48 7 24 55 14 31 19 7 3 6 16 9
49 53 6 52 26 36 14 17 43 56 51 6 35 16 30 14 29 54 58 34
57 12 31 60 21 31 10 26 11 6 22 12 2 44 13 7 7 44 42 3
32 35 56 10 60 12 37 15 31 14 30 39 14 33 46 23 26 59 58 28
22 40 44 24 43 10 36 60 2 2 47 52 27 14 15 11 32 7 23 6
54 2 39 32 48 53 17 13 30 34 26 35 46 52 53 14 33 26 6 51
57 47 15 16 38 48 8 25 38 60 27 20 56 4 31 59 30 10 33 53
17 57 46 48 9 24 8 9 45 18 22 10 2 9 16 20 32 30 58 30
54 41 30 53 58 58 60 29 47 23 20 21 56 54 4 17 3 7 29 23
49 33 12 20 46 34 20 59 27 36 31 56 12 40 54 56 27 60 39 29
20 55 3 26 14 34 33 24 43 18 52 58 53 32 1 36 51 8 36 39
46 2 43 13 44 7 15 14 60 26 51 20 6 7 30 56 46 12 24 42
15 28 45 56 7 28 57 48 29 32 2 13 4 19 16 17 7 29 32 25
10 16 7 37 44 40 33 56 4 2 39 27 13 31 44 35 59 9 11 36
8 8 14 18 1 57 46 17 50 16 18 37 41 50 52 22 43 54 26 5
10 24 9 47 14 22 36 1 45 33 50 21 33 21 36 1 40 13 30 49
34 11 32 49 37 46 57 13 11 48 11 57 56 11 13 8 40 38 23 58
56 48 11 30 33 36 1 40 37 14 29 45 4 43 20 38 18 34 55 35
26 28 29 50 49 44 34 9 60 32 50 10 57 39 49 29 32 25 39 37
30 48 3 13 35 30 45 1 46 15 31 18 22 47 38 42 3 1 2 30
54 20 42 6 11 8 22 48 50 48 30 2 36 45 39 18 59 48 47 48
24 13 23 56 41 7 47 52 36 44 9 54 7 40 9 50 48 55 30 39
31 30 59 5 10 57 8 54 56 17 9 53 38 20 13 44 5 21 55 9
14 37 45 50 24 25 8 23 41 53 55 51 36 8 56 41 12 22 2 39
20 6 14 19 58 26 60 53 8 21 5 32 20 2 49 3 31 42 5 48
51 6 2 42 26 29 49 41 52 11 59 57 25 31 37 24 37 31 17 50
24 58 9 44 9 30 42 55 9 24 47 24 41 49 58 4 1 35 17 58
9 33 47 13 28 3 47 8 4 59 45 40 55 31 59 35 58 50 30 15
60 15 22 57 48 33 58 54 49 42 31 58 60 34 55 53 47 13 12 44
43 22 17 30 53 52 43 46 45 15 36 27 35 37 51 46 9 47 43 18
9 54 53 27 24 18 33 1 27 52 32 35 21 49 22 7 22 16 45 25
23 19 32 2 6 4 28 18 6 40 59 14 42 29 51 49 33 21 42 22
50 17 8 59 55 44 22 54 11 37 9 19 34 8 53 52 47 42 37 48
54 13 42 58 11 11 60 49 26 42 24 25 10 1 43 42 39 54 42 54
50 18 58 26 4 34 19 16 32 46 46 60 55 45 35 37 35 40 34 42
4 50 14 52 2 53 26 26 14 44 52 25 60 32 33 37 5 44 49 11
27 50 43 7 36 30 34 48 33 22 26 39 51 56 20 59 34 27 33 40
1 52 49 3 31 46 16 2 53 41 52 34 18 12 21 59 25 2 17 2
26 44 3 36 38 23 21 49 49 12 49 43 6 12 53 3 33 19 30 18
42 36 10 25 17 50 10 46 21 39 26 18 49 4 41 14 13 49 49 35
49 14 25 32 45 53 20 50 15 47 34 57 25 27 14 48 36 39 8 52
17 46 33 8 10 14 8 9 32 60 9 49 52 60 12 14 45 28 2 7
55 59 47 56 33 32 53 59 26 54 18 29 19 21 53 32 21 32 60 30
23 45 34 55 13 41 20 45 50 9 49 55 50 51 49 47 40 54 31 37
25 41 44 26 44 16 44 48 42 38 19 36 31 59 19 60 11 46 45 4
6 31 28 36 42 36 5 25 48 52 11 1 24 21 27 22 44 57 24 50
59 13 59 36 43 43 6 11 49 18 37 25 48 9 60 5 40 51 50 14
37 26 44 30 9 36 46 12 31 14 18 35 27 43 8 51 54 10 4 19
30 10 57 2 12 17 59 11 50 14 22 55 23 27 26 44 36 28 36 27
20 29 58 7 42 25 44 53 49 8 44 29 36 6 53 19 36 12 23 57
22 47 60 8 35 31 10 49 58 25 23 60 2 49 60 58 18 21 38 48
59 25 6 36 31 48 40 34 11 29 36 39 16 44 20 27 42 20 32 17
17 44 30 25 15 46 9 58 3 38 45 16 7 12 17 51 21 52 10 3
13 26 30 35 29 25 30 13 4 23 34 54 44 4 5 49 45 18 60 1
51 10 51 3 43 36 28 53 3 17 20 11 7 26 48 2 4 31 27 38
5 41 11 47 39 7 32 53 28 45 16 53 5 35 3 57 31 50 2 35
3 33 16 11 21 13 33 9 51 39 41 4 52 45 7 3 49 12 58 12
7 34 11 28 17 3 7 2 19 52 41 25 2 43 11 29 60 8 36 45
29 56 27 57 58 33 50 58 5 44 12 56 2 55 37 44 31 10 30 19
18 26 27 38 31 18 17 49 42 47 27 1 53 48 59 18 46 50 31 48
3 45 26 24 33 22 24 19 53 45 39 57 48 35 13 2 37 14 2 21
10 34 23 45 53 7 26 39 11 35 31 60 20 55 52 2 39 52 56 27
47 43 39 5 47 40 45 44 24 42 15 32 30 9 35 22 36 12 51 33
36 42 18 13 54 20 41 5 48 55 40 38 3 59 32 56 3 29 7 60
36 57 34 39 41 60 26 26 37 37 39 18 53 10 40 34 2 43 8 25
26 5 59 49 29 37 26 1 10 44 9 32 3 28 50 46 47 57 60 60
29 19 40 37 36 50 40 50 12 34 17 46 17 13 4 13 29 45 14 21
26 16 37 42 15 46 38 36 11 3 59 34 25 5 59 6 5 27 60 30
15 57 3 60 18 40 11 56 39 51 58 54 52 52 4 19 29 4 40 9
9 18 3 50 38 29 49 56 14 34 52 49 2 9 26 50 4 45 33 20
18 57 52 46 30 10 43 23 42 27 6 19 51 16 36 9 54 55 26 17
1 42 42 32 28 10 53 22 41 43 7 3 43 54 21 23 47 39 42 17
54 56 48 55 22 48 24 43 57 38 46 3 15 33 22 48 32 29 23 42
55 35 43 56 48 21 10 54 22 2 56 25 29 52 51 39 28 37 42 58
48 41 37 12 26 7 36 2 37 19 50 17 38 5 42 36 13 51 25 52
3 37 17 50 43 26 27 32 40 4 36 15 43 47 18 7 7 5 49 16
12 5 35 28 34 16 13 35 53 25 52 53 58 35 13 38 52 28 5 39
27 39 51 19 38 50 5 27 37 13 1 20 48 33 39 13 59 38 32 20
11 50 43 49 44 18 55 43 21 10 49 35 2 21 44 20 56 59 55 40
57 1 56 6 30 34 19 60 11 56 52 20 19 15 43 30 53 43 23 5
7 58 28 20 10 4 52 57 5 25 19 30 29 48 36 18 48 7 35 58
40 59 58 21 10 42 12 17 31 2 42 2 28 11 3 56 34 7 17 45
29 46 22 25 47 16 6 31 28 25 29 23 39 39 14 8 10 5 27 18
42 18 26 24 60 45 28 4 16 27 60 18 5 30 25 31 10 37 60 45
34 24 55 39 56 47 4 50 53 16 32 39 50 39 21 34 48 38 24 31
52 41 6 54 27 49 11 57 15 13 13 8 5 42 14 13 22 9 12 2
45 2 52 33 44 16 12 55 39 50 47 43 39 13 34 33 42 30 58 30
34 11 55 30 44 25 47 36 59 32 36 6 47 18 46 24 26 56 42 49
21 22 47 21 47 26 59 7 44 55 44 25 48 39 1 32 3 53 30 47
36 14 55 43 10 14 24 31 1 40 8 40 8 8 12 45 9 31 57 35
46 41 25 36 45 6 28 40 30 58 11 1 15 5 56 6 19 16 40 21
46 11 39 38 16 13 10 27 56 47 58 13 5 28 60 35 38 49 8 51
33 28 6 16 23 17 30 23 1 15 7 3 10 16 11 8 59 16 27 1
58 40 19 48 44 57 33 46 13 34 14 23 28 25 53 38 18 41 12 55
15 49 6 18 1 35 21 58 32 44 14 7 27 30 27 45 53 33 26 49
9 8 22 24 31 6 50 8 32 58 47 47 21 33 6 15 38 12 17 12
6 44 51 4 27 25 46 3 26 52 49 48 22 49 24 41 40 33 15 18
39 53 44 54 52 43 39 4 56 54 41 18 41 58 46 54 18 44 52 30
43 26 60 44 56 1 25 8 53 1 45 53 2 47 27 18 35 40 21 39
49 33 50 43 26 51 13 26 14 4 53 7 43 24 6 59 48 41 18 37
29 54 26 20 3 30 29 42 6 22 39 55 16 31 39 51 45 5 25 44
40 2 9 39 33 21 11 42 32 56 41 15 10 37 55 21 58 24 6 46
32 42 58 8 29 9 4 47 53 52 28 33 35 37 27 11 11 17 5 9
13 3 7 41 8 49 28 43 55 51 54 34 59 40 35 27 22 42 26 6
11 51 47 37 26 46 49 54 32 9 47 25 59 25 34 60 56 54 57 11
29 39 57 14 47 34 51 11 60 51 27 48 15 33 1 54 1 24 25 35
16 53 13 59 25 15 48 34 9 55 26 45 17 38 3 26 23 45 45 39
41 33 38 2 33 39 20 17 34 60 51 21 9 10 24 4 5 30 38 41
7 10 23 6 37 41 7 3 30 48 59 47 8 4 33 5 5 40 54 1
35 56 6 25 26 18 40 27 58 39 5 32 5 56 51 9 17 26 10 21
26 12 33 58 45 46 43 41 9 36 58 25 23 16 9 26 19 13 7 59
19 28 20 49 52 9 16 59 31 53 55 11 34 30 25 54 22 28 25 49
12 38 46 17 52 7 6 22 58 46 39 26 41 19 38 52 22 14 23 60
20 38 20 3 58 41 54 59 17 5 49 37 5 12 18 12 14 24 40 29
19 53 12 4 10 27 24 53 49 59 31 29 4 12 5 12 12 60 1 36
47 32 11 7 9 25 39 50 45 27 51 21 51 30 58 29 15 44 30 50
34 6 10 2 42 2 32 17 13 15 30 52 24 47 27 45 4 3 13 30
12 40 34 52 25 40 48 24 30 44 49 56 58 19 31 8 55 26 25 50
8 36 26 35 45 28 4 46 42 29 57 30 50 18 10 4 60 23 8 6
26 37 54 1 48 24 13 27 16 30 17 27 43 12 50 8 17 25 48 17
35 52 60 21 24 4 40 8 5 4 22 41 49 20 49 58 33 55 15 40
50 52 10 59 8 13 2 32 28 8 59 44 16 46 27 39 47 31 7 16
41 57 31 15 5 60 26 30 20 16 29 10 36 27 38 9 22 44 6 15
23 13 52 33 34 41 55 10 33 7 24 51 18 54 22 58 29 14 21 34
44 5 60 57 4 25 58 30 34 46 31 59 14 24 10 3 52 46 15 38
26 53 6 47 36 54 14 24 17 8 22 13 49 15 50 26 16 45 4 35
3 48 19 11 43 15 58 31 46 29 23 44 28 25 27 59 22 57 48 51
5 56 48 5 51 50 43 11 14 31 55 30 17 38 21 24 14 57 13 60
22 37 24 55 8 45 25 33 60 53 20 20 60 44 9 17 11 50 5 48
56 5 48 31 2 44 59 22 27 57 33 47 21 2 54 54 49 18 14 44
13 50 8 52 58 34 45 60 56 35 46 4 17 39 32 42 42 20 50 28
23 15 46 11 60 22 53 26 40 43 18 55 39 3 29 27 17 48 19 51
49 11 34 50 5 7 1 53 1 43 34 7 19 24 6 24 59 53 40 29
57 49 50 11 26 23 19 8 3 34 45 23 54 20 19 2 9 51 36 53
55 30 49 4 7 3 25 1 18 2 4 1 5 20 49 40 30 51 35 7
53 59 2 37 4 3 56 57 10 7 38 19 25 47 7 57 29 16 36 50
38 20 53 51 35 29 46 30 9 39 37 33 39 45 8 15 21 48 43 40
47 60 52 41 25 50 10 25 39 7 58 39 39 11 47 50 18 25 5 36
44 53 5 59 58 27 40 35 36 23 59 34 58 1 3 3 4 18 32 9
15 6 20 22 31 27 27 23 53 4 42 27 21 30 13 51 26 13 12 36
34 46 11 10 14 40 9 25 22 31 36 3 46 29 19 45 31 52 22 57
45 36 5 37 43 15 30 1 20 44 16 50 25 44 57 21 59 54 41 7
50 28 51 29 11 40 49 13 52 11 57 35 44 29 25 48 31 11 2 40
5 42 54 13 53 31 20 14 5 45 30 26 57 28 58 45 23 20 16 47
39 31 56 30 56 24 32 38 54 24 20 5 15 12 4 9 13 41 51 18
6 17 41 30 48 10 50 32 57 30 31 20 19 2 25 14 40 2 3 21
1 55 26 16 35 26 19 1 5 34 1 19 48 53 31 46 25 50 28 30
33 12 50 35 13 21 20 35 32 9 11 19 25 31 31 5 45 15 28 49
3 27 5 25 1 25 25 43 12 14 13 50 38 31 55 15 51 46 45 17
52 10 38 16 30 7 34 35 32 28 34 51 11 45 8 7 36 13 11 30
1 42 55 34 43 9 59 21 10 14 58 50 13 21 25 15 44 29 33 8
52 21 35 41 40 40 35 41 34 30 36 6 11 15 7 39 38 58 29 5
18 21 23 43 38 25 7 49 24 16 26 12 32 40 15 25 26 32 9 32
17 1 52 27 51 26 1 53 19 41 25 6 13 31 34 18 46 24 54 59
45 16 12 25 31 20 6 31 28 20 47 15 33 60 50 8 33 14 14 48
22 40 46 3 57 41 27 48 19 36 15 8 55 20 52 48 55 26 51 2
47 39 14 13 51 9 2 46 4 38 8 22 7 33 47 32 4 13 48 37
45 36 20 34 56 36 2 4 23 29 3 32 5 60 43 41 33 12 49 57
9 38 14 8 31 27 42 27 55 12 39 24 44 27 25 16 18 35 23 51
51 27 44 52 45 45 43 20 56 2 58 57 13 29 48 24 29 14 49 14
45 4 7 55 3 6 44 24 18 17 43 42 59 29 53 31 33 20 33 5
39 50 34 30 41 35 59 18 21 17 2 28 21 20 32 52 6 9 6 49
60 51 46 51 21 46 55 2 50 47 50 60 23 3 45 19 4 21 48 35
52 9 54 37 51 22 51 43 39 42 52 11 15 20 13 36 55 19 53 6
11 33 12 47 42 43 26 59 50 29 17 59 30 42 45 2 56 47 3 3
50 10 44 59 5 21 29 38 28 45 50 49 33 50 8 35 39 25 5 59
27 34 56 4 1 8 14 27 5 39 45 6 25 28 9 30 19 12 60 23
17 17 52 47 10 19 40 9 25 52 25 51 44 49 8 55 2 11 29 31
28 13 10 2 44 42 4 43 23 41 6 30 5 19 18 51 1 60 43 55
44 28 59 22 38 29 31 21 36 7 13 33 6 31 1 31 21 11 4 27
53 7 31 13 36 25 33 54 48 7 11 41 16 1 45 2 48 7 58 20
53 34 20 41 6 60 48 17 53 17 56 7 53 56 37 29 11 53 25 60
14 51 45 22 34 4 2 32 47 55 12 32 12 6 1 3 38 41 49 52
17 29 40 6 46 46 9 40 44 9 13 12 48 8 32 23 23 48 50 10
44 41 31 9 46 48 12 46 2 2 17 4 34 34 16 18 21 16 7 49
14 8 30 7 40 39 32 7 53 39 27 45 33 32 31 5 6 11 30 29
28 54 17 27 53 6 26 11 27 34 35 11 9 31 54 18 27 46 24 52
5 22 19 14 42 33 21 23 39 21 54 12 11 9 25 16 27 14 56 39
14 2 23 3 26 8 19 46 44 37 57 14 34 1 52 28 13 16 5 43
6 5 13 11 32 53 11 36 22 5 8 9 21 51 9 24 2 17 2 26
38 9 44 22 43 25 45 3 45 48 40 57 20 56 10 45 51 25 10 7
1 6 27 3 27 35 52 12 7 40 45 5 57 33 44 17 37 42 8 53
41 9 35 41 54 47 35 29 42 2 17 12 9 4 54 23 14 4 7 20
60 54 44 55 37 38 19 44 3 53 12 29 54 60 25 40 32 21 38 39
21 44 47 42 31 5 23 4 9 47 5 16 44 32 19 15 53 44 12 56
23 59 52 37 56 37 29 14 1 11 53 52 37 26 43 8 40 52 35 52
32 56 26 35 36 21 12 37 43 20 11 39 20 51 38 51 18 24 27 58
35 21 27 38 39 55 32 25 38 13 43 30 4 37 39 31 56 35 23 23
19 59 10 32 23 54 25 33 47 34 35 32 47 58 28 26 20 59 49 52
38 40 42 49 59 51 48 51 6 54 17 57 44 46 19 47 5 8 10 42
27 6 46 58 11 55 36 20 40 41 11 46 60 45 23 34 36 9 35 51
31 46 10 19 15 2 20 33 4 14 29 14 39 37 25 6 51 58 19 30
30 44 30 18 57 43 1 36 55 3 37 2 56 30 1 33 24 46 56 1
56 16 4 38 42 17 34 39 52 41 25 6 18 17 19 5 24 39 40 15
44 17 17 9 11 8 30 25 14 40 33 4 25 30 54 20 41 46 4 58
57 19 35 55 26 54 25 33 49 31 29 3 7 23 57 27 7 51 22 54
47 21 59 24 35 60 42 20 12 40 32 26 11 28 41 5 29 7 34 1
56 33 24 27 4 14 52 24 17 30 39 7 35 21 56 60 46 5 16 31
23 50 44 26 39 15 5 20 3 12 1 46 4 18 24 7 34 6 34 25
7 13 7 20 13 47 23 51 22 58 25 24 57 35 13 58 22 17 42 47
58 43 47 12 56 53 40 7 7 21 14 34 4 58 50 56 54 59 55 57
28 48 4 60 41 22 24 13 51 59 26 33 26 53 21 30 24 43 23 5
36 45 30 42 46 59 50 19 55 15 8 32 3 56 52 39 6 36 51 12
9 48 44 26 39 41 34 58 17 40 7 37 19 37 49 21 2 22 7 10
28 15 15 51 27 1 3 53 7 6 46 50 30 56 8 17 22 20 4 29
35 8 43 50 43 21 17 33 45 36 56 4 8 60 36 6 25 26 28 13
43 60 32 16 7 1 19 20 47 52 6 46 29 25 54 57 14 1 54 55
51 46 10 47 24 10 13 57 11 58 55 55 56 21 26 27 33 12 6 48
4 32 34 28 11 46 49 29 56 7 32 12 6 60 60 11 57 41 22 60
27 15 56 11 11 57 24 39 10 4 2 55 6 45 49 41 41 1 45 2
11 41 24 26 8 36 52 23 59 59 16 58 24 52 9 46 16 45 2 54
44 33 34 11 32 59 38 43 44 17 51 36 24 46 11 37 20 29 40 56
10 26 36 50 21 53 8 47 15 57 8 38 15 14 16 29 6 39 16 50
39 40 7 11 19 20 45 56 15 14 37 42 1 53 23 47 40 47 7 54
16 34 34 18 15 9 42 17 7 55 10 29 11 19 20 51 38 7 48 39
42 42 57 37 43 11 47 9 6 60 48 26 28 36 17 28 9 14 2 44
56 55 36 8 13 3 4 58 53 33 13 58 50 16 1 16 38 40 50 15
38 23 47 42 7 49 57 12 45 24 14 42 5 47 26 4 14 36 25 14
26 7 50 45 49 46 45 32 10 34 37 11 8 2 8 58 55 2 49 42
13 10 36 8 53 55 13 34 4 53 19 3 7 44 35 2 10 35 51 15
29 36 41 59 1 38 18 44 35 17 14 27 28 24 44 56 12 34 54 30
24 42 37 23 2 54 28 56 12 50 51 36 12 60 35 24 42 30 40 38
26 9 40 13 7 12 15 46 4 37 46 34 45 42 24 31 40 8 33 49
7 22 58 19 28 41 25 54 32 37 4 20 5 29 59 44 47 18 36 5
29 38 57 32 2 31 36 45 19 26 44 31 23 8 36 15 46 14 26 7
56 27 14 16 6 57 18 4 45 38 43 53 3 48 56 41 57 53 20 4
14 33 33 15 33 28 47 54 14 4 49 35 55 43 34 33 56 7 58 57
43 58 12 21 42 7 11 39 9 20 48 3 20 40 5 40 16 22 21 16
5 3 16 51 17 11 2 26 49 21 33 34 8 40 27 23 16 22 49 23
50 33 30 12 49 42 35 34 9 34 15 35 38 13 60 5 22 10 15 5
37 26 19 41 17 39 12 20 52 8 15 10 1 8 27 15 14 10 2 10
42 39 55 16 3 34 58 49 43 43 5 46 58 13 31 50 35 54 26 7
18 23 10 21 20 36 47 21 4 53 10 10 39 27 15 43 48 53 45 36
48 36 15 24 48 36 46 54 39 29 6 32 19 31 14 6 4 25 52 34
10 15 48 18 13 51 37 55 37 13 8 32 53 39 21 21 53 5 45 48
18 25 33 25 53 41 4 23 39 13 2 29 26 23 47 47 1 13 4 31
56 29 35 44 9 34 55 58 53 19 36 37 10 19 21 38 30 10 12 33
21 8 13 55 10 4 15 44 2 59 30 27 52 34 57 29 8 27 19 53
22 16 22 23 35 35 53 30 36 60 47 20 45 1 27 54 24 22 36 11
17 13 45 17 51 30 5 8 38 49 13 11 9 48 41 1 35 11 20 9
32 42 1 42 41 32 19 8 12 41 33 33 44 29 52 27 22 7 15 17
44 20 10 8 1 58 2 9 25 19 39 13 44 14 60 19 42 27 25 33
44 40 28 43 7 48 46 22 55 5 53 36 17 52 38 20 59 20 3 56
11 57 5 38 26 16 19 47 18 27 22 21 56 20 8 15 41 2 39 16
48 46 8 9 51 53 30 29 15 4 6 43 20 9 27 7 18 21 45 55
36 8 20 51 52 15 27 59 53 51 9 41 56 12 41 42 28 2 3 10
22 8 48 43 23 53 34 23 39 38 13 25 54 25 32 40 6 8 59 60
16 3 9 38 22 34 33 24 21 20 45 7 31 25 42 14 10 46 50 52
32 15 52 37 23 32 39 4 45 22 48 51 47 24 48 53 21 5 32 28
45 31 36 57 50 18 19 60 32 54 54 50 4 1 41 34 20 12 8 46
29 60 60 19 2 43 26 39 2 26 30 18 27 14 44 17 48 34 35 23
41 13 17 17 33 13 45 9 11 8 7 20 48 35 41 26 20 34 27 26
47 45 39 54 31 12 46 31 5 2 26 43 49 34 20 36 4 23 27 11
34 45 2 40 49 3 49 55 21 42 14 7 22 48 3 2 50 37 14 42
11 56 15 3 50 35 20 56 5 39 4 9 41 3 13 56 51 6 18 24
60 3 47 25 30 25 32 38 20 26 18 41 1 48 32 23 47 7 12 38
51 41 33 41 4 59 28 52 4 1 39 49 45 48 55 50 38 27 32 19
50 41 26 31 33 12 10 50 51 39 24 26 41 57 14 34 50 44 45 52
58 36 59 8 23 24 18 56 12 31 10 56 17 1 22 20 9 6 25 25
57 42 28 20 19 26 19 55 41 7 55 40 34 6 11 59 33 28 29 18
16 43 21 49 6 50 22 30 22 44 12 7 52 32 29 22 46 49 18 33
18 8 22 43 13 38 3 42 29 19 40 31 31 30 12 11 5 45 58 30
19 6 32 55 14 15 52 39 21 44 13 37 30 60 27 44 35 3 13 20
13 54 56 29 47 14 56 9 16 13 48 26 16 21 48 27 41 10 5 58
40 33 21 21 60 10 11 7 31 28 5 15 19 27 5 32 26 35 55 19
9 29 9 45 22 16 58 12 3 58 47 2 47 47 40 5 36 11 25 2
46 35 60 14 19 14 31 25 46 30 23 48 52 37 59 56 1 44 5 5
53 45 43 55 16 53 5 15 12 43 26 44 19 30 3 1 52 35 32 26
7 29 31 55 52 27 5 27 48 57 51 50 3 8 51 16 39 16 60 59
14 24 6 2 46 13 31 48 12 23 15 10 19 15 31 53 47 40 39 35
7 48 21 60 10 12 7 32 22 12 58 48 9 33 24 58 20 41 21 38
52 16 39 29 14 38 19 47 16 10 13 40 54 24 46 37 3 29 6 43
56 29 33 17 22 17 26 3 4 42 52 4 34 25 17 59 5 53 20 3
12 16 24 6 58 33 25 55 36 20 47 37 48 24 32 12 13 28 7 28
57 2 21 6 57 38 23 32 53 5 14 40 17 42 22 3 40 56 15 59
49 39 28 10 21 14 28 36 48 32 47 41 47 52 1 37 17 35 58 57
21 45 57 22 44 39 27 18 9 13 54 27 43 51 57 18 45 52 10 42
37 36 21 59 5 51 43 48 8 10 21 46 40 36 52 27 52 33 49 52
20 52 31 53 49 34 16 56 19 54 15 2 12 32 11 28 40 50 50 37
53 51 9 49 32 52 1 20 27 57 36 55 33 32 42 27 52 38 56 50
44 22 29 19 56 4 41 33 60 15 31 28 43 16 17 37 18 25 42 55
56 29 33 52 50 24 56 23 46 19 47 10 34 8 31 53 56 30 57 31
11 16 36 2 49 21 30 42 28 23 8 25 42 43 43 2 15 28 16 35
9 14 24 32 41 3 19 6 36 31 58 18 51 35 12 12 18 7 48 38
55 45 2 55 41 42 7 50 35 2 5 10 15 58 30 19 18 7 23 39
56 41 58 58 11 40 24 22 13 45 59 5 11 47 19 25 56 38 25 7
57 36 50 59 58 44 26 45 18 46 52 52 34 22 33 26 28 58 58 57
37 13 26 7 44 17 7 53 4 34 8 23 1 27 6 35 44 59 47 36
49 26 53 56 40 14 22 9 37 8 42 43 19 42 35 3 48 4 34 55
3 2 4 46 30 12 5 34 1 15 15 41 21 43 7 30 24 50 18 18
46 8 16 59 2 32 25 15 43 8 33 28 29 54 5 24 1 10 8 21
12 2 13 44 39 58 41 4 17 33 37 11 22 41 27 5 16 11 56 48
28 23 6 20 20 46 51 31 14 34 56 18 39 7 46 7 49 16 6 36
42 43 10 46 40 27 13 29 29 13 56 25 42 23 27 12 51 41 5 11
7 31 11 25 20 49 16 10 33 17 46 3 20 2 28 47 3 2 15 50
25 19 9 17 12 43 20 20 52 6 41 48 12 9 53 4 9 17 50 52
31 23 54 22 22 8 15 3 15 49 34 48 38 56 16 55 6 43 38 43
50 55 2 47 11 19 43 29 25 43 60 33 59 11 21 29 34 28 39 49
52 2 44 11 26 1 13 12 5 34 2 2 37 10 58 8 17 11 36 57
29 3 15 53 3 32 27 29 11 9 42 2 35 17 57 55 55 55 30 6
16 6 15 20 45 16 12 52 11 16 8 26 49 22 40 24 38 60 48 31
31 58 37 14 47 44 26 18 23 8 57 14 22 2 42 26 9 7 32 56
7 14 7 55 27 15 25 55 15 23 21 46 56 11 29 44 31 2 35 34
44 10 7 9 32 45 16 15 32 13 43 21 15 35 54 52 42 15 50 18
58 46 48 57 31 19 49 55 22 38 57 19 25 13 39 12 16 5 17 15
55 5 24 59 53 1 9 21 6 23 8 48 6 40 45 37 55 50 35 28
2 2 48 53 52 51 58 1 19 12 15 26 58 24 14 29 58 37 14 34
19 13 48 52 50 42 20 25 14 42 52 1 32 14 24 33 57 31 18 30
52 10 13 23 35 38 37 18 44 5 36 9 49 36 32 4 47 49 23 40
7 32 30 25 52 48 53 22 60 40 11 58 11 12 7 48 19 9 27 42
37 50 45 57 11 59 1 31 59 48 10 9 23 46 55 7 43 11 16 35
56 17 54 22 14 14 42 16 14 18 3 20 1 12 47 46 9 6 50 32
2 43 48 47 57 49 10 37 17 59 11 16 56 47 34 14 30 1 55 59
30 52 33 52 44 26 49 25 58 35 28 33 27 34 57 9 45 56 7 52
53 8 60 34 16 55 2 16 51 19 43 55 41 27 39 35 29 6 47 60
18 33 12 59 51 55 4 14 54 42 46 50 49 59 19 20 43 42 25 35
32 10 35 4 6 21 33 17 54 38 8 40 15 58 45 5 53 43 9 8
1 3 19 31 52 30 39 48 21 48 23 52 2 46 33 48 47 24 6 40
50 38 57 55 9 55 21 27 60 17 11 4 34 51 58 40 49 30 3 58
48 53 12 59 8 11 31 34 41 33 59 7 6 3 6 21 45 20 35 42
38 16 11 36 38 21 26 52 2 45 13 11 22 16 12 25 30 45 20 20
60 14 40 42 13 53 5 4 1 9 11 55 48 45 55 18 54 53 29 38
10 4 20 2 46 17 41 48 36 22 29 57 36 56 28 52 34 21 58 1
49 13 12 48 41 52 11 44 34 4 14 19 33 36 35 50 14 11 5 35
33 18 26 26 37 46 50 15 4 42 50 50 49 50 46 15 32 27 45 56
47 8 60 26 46 35 55 43 48 26 24 29 22 24 48 35 16 19 7 29
4 33 4 43 15 8 13 8 47 48 48 24 5 44 36 5 48 59 39 47
23 27 14 42 36 49 57 1 2 44 46 21 43 37 53 36 29 41 58 40
55 26 35 1 13 46 47 36 15 51 25 6 8 47 20 52 10 18 15 20
3 4 23 47 8 22 50 10 20 24 16 18 21 42 28 55 23 18 37 25
53 28 6 39 49 46 17 50 10 1 28 22 8 50 8 38 54 53 41 24
16 55 21 22 47 59 47 7 58 12 39 20 21 11 42 43 39 31 28 14
2 45 42 21 39 7 37 3 50 38 13 4 21 46 11 43 27 49 2 8
58 31 54 33 57 6 40 18 18 29 58 54 9 58 53 5 45 53 54 18
59 54 22 12 34 60 6 20 2 15 27 20 17 47 43 32 44 56 32 36
45 9 31 4 36 10 22 31 30 19 60 1 1 49 48 18 54 52 41 25
34 31 9 44 28 27 52 41 21 33 4 58 28 11 45 38 8 32 8 16
30 38 50 44 29 27 35 28 56 49 9 10 1 5 26 9 51 59 5 4
4 26 37 23 23 37 19 53 37 40 15 14 6 10 27 45 30 28 56 54
4 19 9 56 58 23 24 60 60 36 59 39 17 12 28 40 45 9 24 10
41 13 15 47 44 10 1 58 1 8 59 3 50 42 48 43 32 57 31 58
46 3 40 10 28 19 36 6 21 6 47 58 38 56 19 2 24 15 38 23
3 32 7 24 9 58 40 55 57 5 7 29 57 28 49 9 38 35 3 58
16 51 43 24 20 45 43 14 21 27 6 18 58 33 59 6 40 33 23 47
41 40 49 8 28 15 18 8 40 38 30 7 6 20 15 9 22 5 1 26
39 22 24 19 29 40 33 34 46 57 5 43 1 10 15 17 13 35 39 57
31 22 57 32 48 55 60 30 42 45 52 35 45 51 12 17 30 53 14 12
13 32 15 25 56 31 35 50 32 56 32 33 59 24 24 21 16 40 43 54
14 56 24 59 23 51 58 38 5 43 30 26 49 48 23 9 12 5 14 27
11 34 25 4 35 13 27 5 39 10 46 7 7 14 40 31 32 52 3 53
32 33 41 37 15 57 2 22 31 60 37 9 45 33 3 27 44 11 13 22
21 11 18 7 28 50 42 28 47 49 37 18 50 24 29 31 55 26 13 18
40 4 32 43 7 39 46 25 8 23 14 47 19 38 24 35 1 51 8 47
20 1 52 48 30 53 59 24 18 48 6 41 26 16 13 18 12 6 39 41
17 28 12 23 38 38 11 16 37 50 33 15 9 38 6 12 29 16 40 27
1 43 23 3 60 19 36 5 36 15 10 54 59 15 23 39 24 12 33 6
9 3 31 41 14 58 60 44 15 7 32 15 31 40 30 47 25 29 35 59
10 8 37 44 31 9 7 43 24 13 34 12 41 32 52 37 48 12 36 8
51 27 55 48 38 20 57 9 52 45 34 32 21 27 57 24 50 16 46 6
18 8 2 1 21 16 20 6 38 25 60 7 44 45 9 6 9 48 58 30
35 18 51 28 45 31 48 49 55 30 2 49 50 8 49 49 43 42 51 43
50 15 48 12 57 35 38 31 33 59 46 37 25 56 22 6 16 21 31 8
17 3 28 7 1 10 27 58 21 10 46 60 37 26 3 9 3 10 59 17
34 20 55 29 41 59 12 27 14 41 31 14 47 31 4 26 15 26 40 53
53 47 56 21 49 30 50 12 46 20 16 60 60 40 3 26 22 7 33 53
8 50 48 23 31 1 33 13 25 48 19 51 24 5 56 23 20 45 30 57
48 26 48 29 44 47 1 28 2 30 13 4 11 16 30 53 49 21 58 10
33 8 36 26 17 49 11 38 58 51 38 44 21 41 26 3 25 35 15 47
5 7 5 32 27 25 26 6 26 15 4 38 25 7 20 11 43 17 21 53
2 20 53 60 18 26 9 37 25 28 32 39 51 5 47 49 32 6 43 16
9 35 17 43 10 13 48 8 35 4 7 45 58 5 46 49 36 21 25 28
14 18 17 34 10 5 50 54 54 7 21 10 34 38 50 15 23 19 26 39
59 51 50 37 20 10 49 11 39 30 19 3 9 51 18 18 52 51 5 23
36 31 22 55 49 54 44 13 59 26 43 46 46 56 24 50 34 21 2 35
12 5 50 18 16 21 22 27 4 37 32 1 44 32 10 40 7 32 58 7
11 40 29 42 24 59 55 36 38 56 14 17 59 45 31 16 38 14 9 40
58 11 24 18 21 38 7 26 25 17 21 9 44 53 58 7 16 51 16 22
25 34 59 19 37 14 26 58 26 55 50 31 45 36 30 31 25 4 38 43
32 60 25 48 19 54 21 28 52 38 58 35 48 32 43 53 57 12 46 29
33 3 40 51 32 56 57 31 59 36 44 7 31 10 48 40 2 4 28 27
47 15 60 5 52 51 56 37 2 38 24 1 8 12 20 55 20 17 56 36
8 39 33 10 27 23 29 4 25 15 16 13 2 26 39 14 40 4 4 59
56 7 25 41 48 7 48 12 23 38 22 53 15 9 1 30 37 48 37 50
4 28 58 26 21 32 4 39 56 39 59 51 17 49 44 15 50 5 6 25
13 32 20 18 7 23 20 52 34 54 2 16 8 55 39 53 53 15 49 26
25 51 40 51 20 34 27 15 23 18 44 5 1 50 54 5 7 26 35 2
31 3 28 3 54 37 26 15 32 39 19 28 28 54 22 16 46 60 40 15
45 5 21 44 12 50 52 26 8 6 11 32 19 46 2 46 59 18 53 11
41 9 5 15 52 60 18 26 24 19 58 40 48 39 5 35 48 35 29 18
25 2 16 38 10 24 20 48 46 46 36 28 1 41 53 19 6 28 26 38
48 18 49 8 48 11 51 13 36 31 13 9 36 5 9 58 24 12 48 53
12 37 43 36 23 44 36 14 38 33 2 20 60 55 2 4 54 17 25 32
10 14 29 48 33 34 24 27 56 8 52 32 25 58 4 9 10 19 42 1
14 55 47 16 19 45 30 52 30 1 30 4 4 18 43 58 13 52 10 28
9 15 4 22 14 15 3 11 12 5 34 23 12 46 44 23 43 24 54 2
58 53 51 38 3 11 23 55 25 10 25 56 52 19 38 1 44 16 48 58
5 33 23 25 47 6 41 21 21 24 53 30 35 55 11 53 15 13 55 37
49 35 12 36 11 25 21 22 21 16 20 47 44 3 19 57 25 35 18 57
54 33 12 41 50 32 40 14 24 58 18 48 1 59 37 45 55 18 20 51
27 20 22 5 3 58 12 26 58 38 23 35 14 1 46 6 35 47 55 53
12 5 60 8 25 3 38 37 46 7 4 50 4 42 39 52 49 45 56 8
23 27 24 28 9 56 13 15 33 10 23 17 46 5 41 7 23 14 54 9
48 5 46 33 52 34 42 44 23 26 10 38 37 56 4 54 42 14 17 17
32 28 7 19 55 37 29 28 26 10 15 24 29 23 19 4 47 5 52 51
54 37 58 59 11 44 3 53 46 57 32 19 22 52 8 56 44 48 7 55
1 15 49 41 5 11 32 48 41 43 51 57 45 28 55 25 37 40 10 24
10 41 26 46 27 57 24 24 36 24 17 44 59 18 55 45 59 49 17 43
16 48 58 5 6 35 60 56 49 3 10 43 18 6 54 43 50 52 38 9
21 53 29 52 12 14 8 10 15 31 41 45 16 8 47 25 7 23 38 25
28 32 17 10 8 39 9 6 19 23 19 2 18 47 30 29 36 22 52 45
28 2 23 53 52 14 36 27 22 31 1 36 43 26 36 57 60 49 47 21
58 31 10 51 32 27 49 26 12 58 10 27 15 47 38 6 2 23 32 43
45 17 48 7 10 25 56 25 28 46 48 56 31 57 1 19 41 52 14 34
46 3 16 4 23 20 53 32 15 20 60 22 21 2 9 57 58 36 18 12
32 5 14 33 35 7 22 8 52 58 16 42 33 15 2 37 10 17 17 60
44 18 8 17 10 15 59 42 39 19 49 33 4 31 7 31 1 21 34 32
26 48 22 44 52 13 9 5 16 40 34 24 49 9 18 20 42 17 14 22
60 26 39 60 56 34 43 43 5 22 24 58 37 14 23 53 47 19 6 26
9 1 42 19 20 60 21 56 6 27 49 25 47 25 31 60 4 11 27 11
40 3 28 44 56 55 16 53 20 42 37 51 22 53 44 57 50 46 26 38
32 22 56 3 46 29 50 27 18 8 1 6 16 17 42 54 35 16 9 4
4 8 60 8 59 45 35 32 14 38 16 32 14 28 38 53 8 12 3 57
32 1 43 45 37 33 49 3 29 59 57 6 41 7 35 39 57 12 2 43
11 20 49 50 9 47 49 52 16 53 46 17 10 60 13 41 31 43 1 49
32 17 18 11 19 1 15 6 39 44 21 24 54 10 42 4 51 58 50 35
48 53 9 27 35 4 3 60 57 22 57 6 27 12 20 49 17 60 9 50
40 38 18 55 19 10 24 55 4 35 25 8 54 37 3 60 33 6 40 22
8 27 51 7 31 21 42 1 6 34 43 30 13 56 40 20 2 40 59 22
47 52 43 50 35 8 8 23 21 57 48 25 57 59 9 45 12 16 58 53
21 18 8 41 8 27 39 18 31 24 50 8 38 13 25 5 57 7 59 11
31 20 11 21 23 30 7 6 8 30 55 20 20 31 17 17 7 52 27 52
16 8 15 12 13 23 16 12 32 26 46 44 19 4 37 43 57 8 24 60
50 30 17 28 55 1 12 35 35 36 34 57 31 27 55 28 10 52 48 7
8 23 54 1 7 15 27 30 30 51 13 55 12 55 9 33 17 42 44 53
51 26 52 45 52 37 7 53 8 30 45 41 48 6 30 37 59 19 27 53
7 2 40 25 50 2 56 33 57 43 30 28 42 15 11 28 60 12 40 27
45 28 38 43 41 30 2 25 50 13 4 50 8 30 21 28 31 20 32 14
58 7 56 51 19 1 20 21 55 41 30 22 43 39 58 35 39 17 17 18
8 26 49 44 6 51 34 14 29 46 60 16 34 45 34 53 14 59 4 17
49 15 43 7 52 21 32 33 30 21 15 60 14 51 55 56 19 51 2 27
50 9 50 25 53 55 41 1 34 25 60 45 6 1 33 15 7 58 29 14
56 7 36 37 19 27 42 3 52 2 53 29 35 9 25 19 53 53 10 31
19 59 56 30 5 9 6 35 52 10 7 37 50 2 50 22 38 32 36 9
13 47 56 8 30 52 27 16 42 59 31 31 45 20 45 9 43 53 35 51
52 30 31 51 31 16 48 49 46 5 29 48 35 55 29 45 52 21 33 47
25 44 21 12 23 32 59 13 20 25 22 37 56 19 36 16 11 6 23 43
34 24 31 50 53 46 7 58 59 20 52 35 6 28 18 11 12 14 19 45
13 31 57 23 6 39 15 50 40 31 25 58 44 2 41 48 50 30 20 32
28 13 10 45 46 43 38 38 8 56 25 33 3 30 47 29 3 29 37 15
4 49 26 16 21 33 6 41 56 17 7 16 57 2 59 44 1 22 6 35
35 22 19 5 35 1 57 9 60 25 14 35 53 35 27 25 51 43 10 28
23 34 41 52 47 50 55 11 49 9 24 16 22 30 23 7 22 47 34 49
1 46 24 32 18 33 15 2 30 41 37 46 59 46 27 55 31 8 60 15
36 29 23 46 27 50 57 34 35 47 24 30 40 24 16 28 36 57 13 8
47 56 14 37 43 51 57 22 46 13 24 59 31 37 30 60 48 2 4 38
10 50 26 37 5 52 44 23 39 18 50 42 46 28 51 2 47 29 18 56
55 43 18 19 12 8 22 33 53 48 28 12 48 48 5 20 46 37 9 4
8 37 53 18 18 21 55 16 14 7 11 16 56 10 34 1 48 41 25 13
54 4 25 40 58 51 56 4 45 24 18 31 3 2 24 17 10 18 30 50
21 12 39 10 59 50 42 42 11 21 58 21 45 38 19 59 19 35 49 34
43 48 50 36 37 56 14 53 60 60 17 60 34 5 48 2 44 60 44 26
4 49 10 20 43 45 49 27 7 59 16 59 35 12 30 28 59 19 25 23
57 6 2 38 9 56 5 17 26 57 7 25 40 44 2 9 47 20 9 18
19 37 47 45 34 6 50 46 39 60 30 10 44 43 42 4 50 8 49 11
23 48 54 9 19 14 40 46 22 7 55 59 33 27 2 17 22 32 42 28
7 38 5 1 34 19 57 22 28 38 40 55 54 55 23 36 36 37 27 10
50 49 36 25 42 43 2 9 28 44 33 16 27 2 31 35 44 55 10 17
51 40 3 53 39 27 49 56 25 1 25 13 52 34 30 45 3 30 44 15
18 53 18 37 25 1 39 28 53 29 57 41 26 12 23 12 23 43 29 5
56 34 36 4 17 41 32 52 43 51 11 57 36 44 60 13 2 12 29 1
52 13 49 38 40 10 41 2 28 52 13 28 23 11 3 20 55 56 26 52
57 20 2 14 1 17 7 44 59 8 30 48 6 56 5 24 23 44 31 51
31 50 23 32 42 21 28 7 52 11 29 55 9 40 48 44 1 41 11 13
10 44 60 56 47 2 9 9 41 15 11 9 38 53 16 18 37 28 39 60
4 13 28 50 9 30 38 10 25 27 49 60 7 26 49 54 59 52 42 22
7 10 16 22 33 50 27 51 25 10 3 12 44 54 29 17 3 44 51 30
28 46 51 28 28 59 45 4 40 24 59 36 21 9 49 50 13 6 5 17
57 35 33 2 47 3 28 17 59 35 21 15 22 10 42 7 28 2 6 53
15 58 28 25 50 24 48 32 60 28 9 47 6 16 17 19 23 43 26 35
51 1 2 9 56 38 56 3 54 60 33 58 2 48 29 36 9 41 15 54
53 57 51 35 41 2 21 32 30 41 41 25 19 35 12 42 43 56 21 32
34 27 26 46 7 38 58 59 26 17 6 43 24 31 49 17 44 33 47 7
27 12 16 7 45 25 20 53 40 46 16 56 52 2 55 30 43 7 11 6
37 37 60 17 58 14 45 59 55 36 1 19 38 45 40 54 60 53 33 36
55 42 59 13 30 36 31 45 22 40 40 17 56 27 14 13 39 4 6 35
53 23 36 9 30 31 50 28 6 29 43 33 39 25 34 46 36 5 49 38
15 45 34 51 47 21 48 45 34 34 1 31 16 38 37 45 24 8 17 45
20 44 23 9 28 16 24 47 37 23 55 20 10 3 47 8 39 9 54 5
5 25 40 19 49 48 3 20 7 23 28 5 58 3 59 30 46 35 4 26
60 5 46 33 47 44 60 4 4 25 29 19 47 9 53 45 37 28 1 14
33 58 53 12 49 10 47 22 32 39 29 12 47 53 53 15 37 42 3 16
4 58 17 39 55 43 42 12 4 15 32 9 33 23 15 16 3 28 53 43
41 17 9 34 10 29 44 36 47 16 19 14 42 57 44 31 43 12 49 11
6 32 9 23 24 13 16 20 20 57 27 52 55 19 43 32 30 50 24 1
33 30 25 58 50 52 17 7 20 26 18 43 52 43 23 9 52 2 13 43
25 1 21 54 12 45 42 35 55 7 3 54 45 34 38 16 33 23 34 21
37 43 16 26 41 17 12 24 40 6 15 27 36 58 56 16 59 16 55 7
21 25 56 5 30 58 48 28 53 4 3 18 6 2 50 42 28 54 49 54
44 44 29 51 42 32 15 11 56 3 11 38 16 27 33 10 14 23 10 20
14 16 55 50 10 50 52 45 3 23 10 13 3 16 31 24 11 10 22 52
56 35 12 27 57 13 42 41 30 59 56 50 29 50 39 57 34 21 4 1
38 18 47 17 34 6 35 55 48 25 13 60 27 30 35 33 28 18 33 26
33 16 55 36 13 3 44 28 10 54 57 18 59 24 39 50 43 34 10 57
13 33 48 53 23 43 4 33 30 7 28 8 48 44 12 31 16 1 47 38
28 24 1 45 57 36 24 32 57 7 5 18 56 33 12 20 9 17 34 16
37 51 51 57 7 30 51 41 13 28 27 38 17 26 40 43 36 18 36 53
15 40 2 32 52 11 3 43 36 52 21 57 36 60 53 32 51 54 54 34
25 39 1 32 55 14 16 53 40 8 45 4 44 20 59 38 56 32 27 57
4 24 53 30 4 42 31 17 10 13 4 17 60 15 14 25 32 12 23 58
4 2 31 30 52 55 29 23 54 33 9 52 17 58 30 22 37 60 14 26
5 47 39 9 36 29 42 53 54 33 17 12 26 51 47 59 52 33 8 51
37 14 22 38 52 27 8 49 56 42 59 40 21 22 44 57 6 9 37 32
47 57 2 40 19 3 50 3 4 22 20 47 53 5 51 48 16 8 2 34
54 42 4 39 28 13 29 1 27 34 60 10 42 42 13 44 40 42 32 3
24 53 35 43 28 3 37 25 24 56 43 42 12 3 4 25 51 20 21 27
5 52 52 15 21 1 59 40 49 5 30 32 24 56 31 9 57 14 37 6
21 25 36 56 45 18 54 44 52 27 54 15 14 3 26 13 5 43 60 29
25 4 7 11 36 14 46 58 32 21 36 60 14 21 5 3 36 21 5 5
7 26 19 29 56 17 42 10 29 30 46 16 17 52 58 5 36 45 41 34
11 16 6 10 8 20 43 42 11 47 27 53 27 15 33 28 38 17 54 18
46 28 44 4 3 49 8 51 6 5 9 15 7 27 31 44 14 10 39 18
21 2 18 28 52 58 37 48 8 18 56 27 37 59 41 19 25 4 14 35
32 6 49 9 57 17 54 24 54 5 41 56 25 4 32 56 29 29 23 46
8 43 2 34 59 40 37 10 14 50 30 34 36 44 45 47 46 20 31 23
58 7 12 18 12 9 38 28 60 47 12 18 26 29 1 29 48 15 5 42
37 46 41 55 26 31 54 12 26 11 24 10 59 41 46 57 48 41 18 45
17 57 53 46 28 44 59 18 6 40 28 3 12 50 27 31 46 5 16 58
48 40 45 30 37 56 46 40 3 56 55 45 29 23 12 29 52 12 43 37
33 42 46 52 55 26 50 39 18 37 56 56 9 21 39 36 59 18 31 22
25 12 23 5 46 6 55 55 43 36 47 44 49 37 43 39 42 22 52 21
55 46 17 33 4 43 22 42 36 41 49 20 12 25 17 55 56 20 36 52
35 44 53 53 46 16 49 56 60 9 9 48 44 11 53 40 32 17 29 58
21 9 34 15 20 35 41 14 48 30 38 27 32 15 44 1 5 7 44 34
58 54 38 7 6 37 33 42 37 10 47 21 14 41 56 21 18 16 38 27
35 37 29 42 44 42 24 18 18 41 37 58 51 37 38 54 5 36 53 5
47 17 22 12 6 15 18 5 34 30 13 10 14 34 8 32 42 46 14 1
30 38 36 12 51 57 25 38 5 19 56 39 50 34 4 47 53 42 2 45
59 52 27 11 1 30 17 41 16 45 49 43 19 15 34 14 5 2 20 58
10 17 20 27 56 39 40 1 20 22 35 5 9 6 53 45 39 39 17 38
31 37 11 41 25 14 52 44 14 46 27 37 3 36 3 9 26 59 35 48
58 12 54 33 59 2 34 27 41 15 51 53 33 1 27 14 8 36 23 18
49 1 55 18 10 46 26 6 55 39 58 26 55 32 29 11 31 20 15 43
10 14 6 22 18 40 11 12 14 28 25 52 21 32 51 43 3 55 56 60
36 58 36 49 57 57 49 35 50 29 47 7 8 5 54 50 40 19 38 60
59 40 31 26 25 46 24 40 18 60 54 21 13 25 9 48 55 53 56 7
26 34 49 35 15 54 4 16 56 42 10 16 35 18 27 51 25 34 52 29
24 19 34 28 16 10 30 51 56 3 11 38 21 12 19 45 31 2 59 21
26 21 60 23 5 31 30 60 14 39 56 58 16 44 57 40 52 40 27 11
40 53 18 14 34 5 4 42 13 5 54 23 58 13 60 17 3 46 56 22
37 39 34 32 28 18 11 17 6 17 14 59 27 59 43 4 21 10 3 40
47 22 20 28 55 20 31 50 13 16 19 51 56 40 42 36 49 45 19 10
6 59 57 22 35 5 14 58 52 50 38 13 30 43 27 36 30 22 28 57
17 10 49 25 29 19 6 12 6 3 34 39 52 7 19 26 4 45 14 48
9 10 6 12 30 2 12 57 26 41 49 1 33 59 2 57 21 7 5 4
40 39 58 16 9 44 10 53 48 49 32 36 42 48 9 12 1 37 54 11
39 10 23 41 8 9 28 14 51 19 33 15 20 34 17 9 22 6 8 55
4 8 14 39 56 22 22 27 17 32 3 26 57 32 31 8 34 10 58 6
6 17 60 27 5 38 40 52 32 56 59 41 15 15 7 31 4 37 36 14
17 51 9 17 9 49 54 31 59 7 53 5 31 59 2 36 11 52 49 29
14 14 37 53 15 30 41 60 16 44 44 23 1 34 51 29 37 37 42 1
41 50 16 9 20 32 19 25 33 28 28 53 36 12 28 49 44 10 47 6
34 20 59 49 16 8 48 10 17 2 45 52 32 17 16 9 57 2 11 29
32 9 36 6 25 5 56 48 41 31 56 6 26 12 22 10 58 55 22 19
37 37 53 46 12 49 60 18 10 54 26 11 60 41 10 55 16 39 9 56
18 3 22 2 29 53 49 60 38 23 22 55 19 18 30 3 8 23 8 11
2 26 59 4 22 58 13 50 54 51 17 47 45 59 50 2 13 30 14 24
46 48 21 27 55 39 46 14 51 52 50 37 18 24 14 37 54 57 23 11
46 21 49 8 23 48 3 25 48 58 10 7 7 50 30 57 21 41 33 56
42 39 4 37 46 3 47 20 57 56 51 55 39 22 3 12 16 25 12 28
28 32 38 12 8 2 38 12 7 11 57 26 32 46 19 18 3 3 18 40
58 40 12 46 27 32 44 33 6 50 42 7 17 17 20 52 16 14 29 36
38 8 30 21 11 17 26 19 12 30 60 27 10 14 16 10 13 16 13 27
5 28 54 60 18 51 45 49 37 32 40 31 45 59 19 16 19 20 24 33
55 37 24 28 33 48 38 35 5 39 52 26 17 12 8 48 51 30 1 37
29 36 19 47 52 30 7 3 23 43 59 29 59 16 51 17 57 24 41 19
1 54 31 56 36 13 23 12 60 24 5 40 33 22 21 54 50 38 57 4
4 48 58 11 45 33 43 54 15 49 3 57 21 14 8 42 9 24 11 58
46 31 11 42 25 35 46 45 11 14 10 26 27 14 28 51 25 23 38 60
59 56 56 25 48 52 23 12 10 12 57 29 51 58 42 20 37 58 28 56
34 19 3 8 23 2 36 14 28 31 37 9 11 17 16 35 48 25 44 21
46 4 36 42 6 56 23 41 40 54 9 17 4 15 32 37 47 24 45 22
37 30 46 48 30 31 23 14 44 43 33 9 18 44 47 36 36 60 41 34
16 35 36 11 23 31 13 19 14 57 34 8 60 22 44 51 24 29 27 54
31 42 23 19 27 59 58 37 26 32 8 49 47 6 26 48 24 19 51 9
7 39 19 39 36 45 6 56 3 45 1 18 35 14 4 15 32 13 18 33
37 35 16 31 48 53 10 4 57 20 51 57 28 43 14 13 37 17 16 55
60 32 46 20 27 59 16 4 51 53 60 27 8 6 16 59 40 16 11 45
1 7 4 22 23 15 4 16 25 20 38 7 13 15 52 24 29 51 4 38
55 55 39 56 40 40 52 24 41 45 47 25 5 56 10 21 35 24 9 36
9 49 50 57 24 60 4 23 19 48 47 34 34 34 44 51 56 49 33 47
8 18 1 37 1 9 55 4 27 28 14 30 38 52 48 23 26 57 49 4
6 56 48 9 46 14 14 33 27 46 7 24 7 34 5 39 37 7 37 57
5 49 58 48 1 43 34 22 55 19 21 28 42 26 5 6 6 57 35 18
8 45 18 17 33 6 36 40 1 59 18 48 39 6 17 10 39 5 41 26
21 21 36 7 12 9 45 32 25 23 30 29 41 52 44 13 44 16 17 42
21 48 15 4 4 58 41 28 37 24 1 10 43 19 13 42 6 22 31 21
36 35 32 58 13 39 29 31 16 31 30 10 4 26 27 5 2 50 39 6
12 9 28 32 16 51 32 34 6 58 60 50 57 30 56 24 14 47 8 56
46 14 54 4 4 44 33 8 47 59 43 48 51 12 54 49 13 18 11 26
19 39 26 35 33 5 34 34 43 54 53 11 29 32 43 9 3 7 38 34
38 55 53 50 56 24 52 54 35 29 58 60 42 48 37 20 16 5 12 29
14 46 37 1 52 47 34 18 56 55 11 37 7 47 47 8 52 21 29 10
9 60 49 37 14 38 60 53 8 26 18 1 30 3 46 60 36 30 14 59
27 48 44 59 4 6 33 37 30 38 11 57 36 13 3 24 12 22 10 55
54 1 37 59 26 20 26 46 38 51 55 15 47 41 35 25 17 57 40 45
36 43 51 34 37 6 32 57 29 23 27 54 19 48 46 36 38 29 28 5
14 25 45 37 19 25 34 13 48 48 22 27 10 35 45 7 3 37 4 57
12 31 53 17 21 50 4 3 4 23 28 11 52 7 33 21 19 56 46 58
11 58 21 53 2 57 9 34 10 41 18 48 59 53 4 57 2 24 9 25
1 3 8 39 58 48 58 2 14 18 46 29 26 6 14 46 12 40 42 42
21 15 57 10 48 9 39 23 15 48 11 56 20 29 43 25 40 33 38 8
40 50 31 51 14 11 23 49 30 30 29 32 53 49 37 57 58 34 40 10
33 15 37 10 54 47 12 54 16 45 32 16 30 19 39 34 10 57 49 55
16 59 35 7 13 27 28 28 7 26 35 2 14 53 55 46 18 11 16 10
55 30 10 52 57 30 47 55 1 7 40 46 41 2 43 22 45 53 22 53
41 55 4 52 53 10 49 44 3 27 60 28 54 45 43 39 48 50 54 20
46 5 35 48 48 38 1 51 21 19 46 27 55 30 42 10 35 13 23 14
24 14 3 50 54 27 1 16 10 47 30 46 1 34 38 58 48 51 6 4
21 16 36 52 20 10 38 60 31 49 36 56 13 51 3 57 55 60 48 56
14 12 5 24 47 23 29 33 24 36 4 20 39 58 32 40 19 13 19 18
25 56 8 2 59 6 29 21 13 32 11 22 53 59 45 21 59 2 40 59
6 44 9 59 48 26 13 5 46 1 40 6 8 53 18 9 28 29 7 41
54 16 39 45 11 39 10 29 5 29 45 52 23 2 48 5 54 59 19 15
53 31 7 50 49 9 45 57 9 47 51 23 48 5 12 40 11 10 40 24
38 18 44 58 60 36 12 38 48 31 19 2 48 6 35 3 38 31 34 52
33 22 11 57 7 43 46 26 34 59 49 29 14 59 25 11 6 32 60 5
34 41 57 41 49 27 60 36 37 48 25 11 5 21 44 10 41 2 11 1
48 47 5 55 35 10 4 13 16 36 38 43 51 45 39 25 22 27 19 4
40 20 11 23 27 3 20 26 42 60 12 16 5 36 54 34 50 17 22 42
26 6 53 47 2 43 11 41 60 11 35 20 3 30 26 25 2 50 24 23
8 13 42 34 14 19 58 41 31 40 49 35 10 18 32 58 5 57 14 47
19 24 3 57 34 13 30 40 37 42 22 12 48 19 17 41 18 21 32 50
2 27 26 34 25 40 58 53 43 35 7 38 24 42 24 37 48 51 31 48
2 39 55 17 59 49 31 28 36 7 9 55 29 41 13 56 53 23 24 17
45 60 57 34 59 3 9 57 15 53 13 24 21 38 25 12 17 2 44 31
47 5 10 21 60 44 5 35 2 26 23 10 30 27 53 46 33 17 45 54
50 14 2 29 32 6 16 59 50 35 8 2 22 50 24 8 12 56 6 21
27 60 29 60 53 1 18 53 43 47 55 34 60 38 59 26 50 20 7 32
37 54 58 14 17 48 39 28 52 59 51 17 54 46 56 56 34 14 10 21
3 30 44 50 24 12 35 12 32 58 39 56 55 41 11 32 41 13 27 33
52 5 56 1 28 20 14 37 26 32 28 48 12 44 14 1 55 33 36 35
43 52 43 19 37 4 49 31 57 27 16 2 60 50 3 52 40 50 1 46
22 24 36 38 44 37 49 25 46 26 5 57 16 35 49 26 3 26 28 7
22 36 26 18 11 48 30 18 22 17 3 54 28 33 28 25 5 59 19 41
29 35 9 26 13 25 9 19 46 42 28 6 13 6 19 21 30 54 1 54
18 2 22 11 34 23 59 15 22 44 31 5 9 48 34 32 38 35 27 33
8 26 39 12 16 3 24 45 39 28 32 35 1 22 49 51 26 30 57 31
48 56 57 32 56 58 41 52 2 39 19 46 33 55 16 18 7 15 26 57
1 55 19 44 24 22 2 15 37 33 9 13 25 16 30 43 49 12 60 29
2 32 38 35 58 1 48 39 6 3 13 6 36 25 28 37 13 17 39 45
57 36 18 31 19 10 22 49 3 6 28 22 52 20 50 17 55 7 27 3
60 31 15 60 46 8 13 60 5 47 18 59 18 22 10 50 38 18 16 38
49 15 2 8 18 26 47 14 1 22 1 51 13 53 22 38 53 59 33 13
46 38 11 15 30 2 2 1 3 58 11 33 40 48 18 39 39 39 28 60
43 3 13 33 56 57 31 28 16 47 13 38 7 60 56 32 16 3 1 22
11 10 32 3 10 6 59 20 53 35 46 12 13 17 25 56 48 36 45 22
39 32 12 5 2 38 18 30 18 23 48 32 2 6 31 28 51 5 33 5
24 54 18 14 42 39 60 50 26 53 13 5 9 6 45 36 40 14 10 44
11 23 23 45 58 16 38 4 6 47 6 53 20 48 60 3 26 52 59 60
26 9 23 9 11 6 33 11 5 7 5 24 4 43 58 35 7 41 49 24
59 48 28 43 46 19 1 40 23 47 41 55 58 20 28 32 19 23 17 49
58 46 47 55 22 31 41 27 23 56 59 17 36 57 1 54 17 33 2 41
59 56 6 25 5 30 19 58 49 27 44 48 7 48 27 13 32 34 51 26
38 6 41 29 11 21 10 54 32 26 32 22 6 12 33 54 41 27 28 25
13 21 60 17 37 28 50 52 54 20 17 56 26 4 27 6 53 18 48 11
2 9 27 2 53 25 51 57 10 14 43 30 60 12 59 31 39 21 54 4
19 30 19 49 27 44 35 22 35 10 11 25 35 52 13 24 17 28 42 54
10 20 15 20 28 58 2 43 53 29 26 16 33 22 19 20 13 56 56 25
32 21 57 36 7 5 53 29 23 58 39 5 38 46 47 15 7 55 31 9
5 41 36 44 22 3 24 10 4 6 3 52 28 30 10 59 15 51 59 53
54 31 36 3 39 51 6 33 27 2 4 47 40 32 52 57 13 23 35 7
2 23 30 1 6 50 31 46 52 58 51 16 54 23 48 12 1 5 1 27
25 20 5 11 30 22 34 27 60 15 56 9 5 16 42 48 56 60 42 7
24 34 52 47 47 58 54 60 33 60 35 52 58 12 34 35 10 2 9 5
9 39 35 10 31 6 48 38 15 49 50 54 2 37 5 18 7 54 19 11
30 10 21 10 35 53 39 50 35 21 38 39 11 29 14 58 34 4 13 22
39 7 19 54 52 12 29 13 59 30 24 16 56 54 32 58 37 40 9 10
