100 10
40 55 53 19 3 60 48 40 22 23
22 34 3 17 58 54 7 21 26 10
56 28 1 23 5 54 19 3 43 29
13 55 34 47 55 57 5 35 29 38
55 2 40 20 40 20 46 58 55 13
10 33 27 37 12 42 15 13 5 17
54 47 5 30 9 6 55 18 58 33
49 3 21 11 16 21 47 15 4 54
3 55 38 23 37 6 29 7 14 37
15 29 30 4 46 22 45 41 38 45
49 22 12 32 55 16 49 8 26 33
15 18 15 50 21 1 43 58 39 41
16 46 13 56 29 39 10 59 24 37
15 41 19 14 34 49 60 10 42 56
34 7 39 54 25 28 52 55 14 15
58 38 57 19 22 56 33 28 32 11
24 60 14 41 37 40 52 55 23 25
3 28 15 15 22 15 13 28 25 8
34 53 56 19 13 44 60 42 44 21
29 47 25 4 14 14 54 45 58 5
17 25 40 7 51 18 17 3 26 1
45 28 22 55 49 42 15 13 11 26
60 46 11 33 2 32 24 40 42 17
19 17 13 13 27 46 9 40 7 29
42 4 52 7 3 34 29 56 58 31
12 1 60 37 56 9 58 40 60 55
13 42 38 33 10 41 3 14 50 57
21 31 20 2 38 12 59 50 17 12
8 54 22 55 49 34 18 45 12 42
43 23 5 58 1 17 59 25 59 14
27 9 42 2 58 50 23 49 15 49
35 7 30 58 24 42 5 28 11 17
42 35 16 60 57 43 45 36 20 37
5 45 48 50 36 13 39 16 16 59
42 11 16 8 30 49 4 21 14 42
1 23 34 18 32 57 30 55 36 27
7 7 1 45 40 42 9 51 1 36
37 11 25 42 41 50 45 60 57 59
10 9 47 1 44 46 38 28 58 59
48 7 17 54 9 16 40 7 8 19
12 16 20 38 54 20 33 59 3 11
60 17 42 42 1 11 16 54 46 38
23 25 55 37 55 7 44 52 2 38
21 18 36 56 16 41 2 18 24 52
21 25 36 20 60 1 47 6 42 11
31 27 36 27 60 15 11 30 16 25
10 41 40 22 18 9 15 24 13 13
18 60 21 37 19 14 55 51 38 29
60 26 3 52 9 2 35 31 41 23
27 50 35 47 40 58 40 53 26 47
15 16 36 13 26 13 31 18 33 56
28 29 37 13 29 54 38 27 26 2
28 53 16 36 58 60 16 23 47 27
27 17 32 38 55 60 3 56 31 21
54 1 34 51 7 25 26 11 11 51
56 44 10 44 36 37 6 3 56 41
36 49 22 3 60 44 10 31 36 37
60 38 35 52 27 53 3 33 30 20
1 27 51 57 5 25 11 42 57 12
32 42 40 4 15 13 51 52 56 59
14 16 22 6 22 47 26 6 57 7
22 18 55 49 13 25 45 34 57 36
43 2 18 37 21 42 24 15 50 27
41 60 51 59 41 10 11 31 55 10
33 59 26 25 51 37 44 57 32 23
45 41 52 25 37 8 12 28 33 43
23 45 1 19 53 31 55 34 42 36
47 38 43 28 27 26 7 50 59 19
12 20 25 23 19 32 56 37 52 39
33 28 20 25 49 26 30 20 53 32
7 58 4 11 5 18 19 18 6 13
16 3 52 50 36 27 11 26 36 2
47 32 23 4 9 4 36 19 15 47
4 17 14 8 60 3 9 35 22 44
37 36 39 25 47 15 36 35 34 20
36 36 54 30 60 42 25 30 48 10
5 33 59 4 30 10 10 19 43 23
52 8 39 49 29 10 57 42 11 24
13 43 53 54 53 33 20 40 2 21
6 28 50 16 23 9 1 21 52 52
35 28 24 54 1 10 36 10 52 19
13 51 18 10 54 18 51 7 23 2
18 10 29 16 18 38 28 1 19 14
21 57 36 44 49 24 48 25 18 12
54 52 11 37 59 1 41 49 13 32
51 9 34 14 28 7 17 12 17 22
55 30 21 10 18 33 5 55 11 14
54 2 15 56 59 23 42 10 15 11
8 47 47 5 27 56 5 46 60 34
20 53 13 11 31 25 18 28 12 45
9 47 38 57 59 21 60 7 33 38
41 44 12 41 1 22 45 31 35 3
14 4 40 12 13 47 2 50 56 55
45 22 42 47 5 6 54 15 38 34
25 1 41 43 39 3 59 45 4 19
3 13 6 49 28 56 32 53 18 50
16 19 5 11 43 16 58 42 53 14
47 43 47 52 49 58 15 15 51 36
23 52 35 23 4 49 2 10 7 45
22 32 5 39 52 21 26 1 2 17
