1000 5
26 38 47 52 37
30 12 44 23 36
12 25 31 16 46
44 32 56 40 1
37 44 19 39 51
10 36 13 39 45
55 41 16 21 19
34 22 40 42 17
34 4 41 33 8
37 47 33 35 19
43 1 49 58 30
35 11 40 25 40
21 14 41 33 55
17 34 28 25 6
60 38 20 53 20
56 8 34 55 28
21 47 15 23 38
8 21 32 28 40
56 48 43 15 55
25 23 18 17 19
51 19 39 60 52
14 58 43 31 28
11 46 50 8 17
14 46 41 21 30
56 29 6 50 19
45 11 46 17 37
12 51 1 20 36
59 56 27 5 47
40 55 25 42 10
28 6 9 21 13
47 43 51 54 15
13 27 51 56 40
38 44 26 45 41
53 55 41 28 2
27 49 55 10 14
47 60 21 44 59
6 39 34 22 2
36 52 29 6 4
30 39 36 14 45
46 35 42 18 3
60 57 45 41 35
12 22 31 22 11
11 42 47 51 32
52 47 19 57 17
37 35 19 28 10
33 36 49 16 23
41 30 5 29 11
35 32 35 59 53
21 50 28 59 16
26 18 45 18 5
8 25 3 12 28
60 10 33 12 1
12 30 30 16 24
18 28 46 29 21
18 34 10 22 26
36 45 6 17 56
10 59 31 51 29
4 2 45 41 8
53 31 14 44 48
51 43 45 46 52
28 1 2 23 20
28 32 21 59 24
27 23 1 36 59
14 24 3 2 29
53 45 42 40 32
15 38 29 17 45
35 32 43 58 32
23 32 50 44 51
45 46 57 31 33
46 27 37 32 26
56 10 44 8 10
2 38 3 38 21
58 34 30 22 1
1 60 5 35 48
27 23 51 38 7
32 35 28 59 44
12 4 26 55 6
34 13 47 11 24
43 2 46 55 7
13 27 30 38 57
44 46 55 30 21
29 13 54 12 46
28 48 17 19 22
35 3 37 16 6
13 58 15 43 52
59 13 32 29 49
33 56 12 28 49
41 39 14 44 19
20 19 51 59 29
56 55 14 43 35
20 7 33 6 45
54 21 45 38 18
9 60 53 44 38
24 52 33 57 33
11 58 40 13 55
6 46 53 36 8
2 1 56 33 52
58 27 14 42 6
4 39 7 6 9
45 33 23 17 58
12 12 20 20 53
42 50 29 39 25
4 38 28 37 37
28 57 9 22 10
28 51 35 19 31
17 21 59 50 12
54 4 38 57 10
31 39 41 16 31
41 29 28 53 36
21 40 35 20 43
9 14 18 49 57
34 27 19 1 53
1 50 48 27 44
56 19 23 44 49
37 48 8 53 60
35 39 3 45 36
5 2 13 10 13
10 28 36 16 4
30 10 13 47 27
37 6 11 21 6
4 2 9 3 53
58 52 4 55 35
52 32 52 25 51
4 48 15 11 44
56 27 10 22 20
30 15 58 46 37
15 28 34 21 24
39 40 17 18 24
25 40 55 26 39
32 53 54 53 2
56 10 29 20 47
9 7 48 51 32
55 12 17 32 1
24 47 1 15 55
46 26 27 11 44
16 16 40 35 17
35 19 46 39 6
3 13 20 54 10
55 6 54 23 52
39 50 8 55 19
58 27 16 16 52
39 39 37 36 30
28 24 46 6 53
49 38 10 53 43
30 14 14 12 34
8 50 15 33 44
59 2 37 23 4
34 48 13 22 6
17 16 29 34 34
36 1 32 11 26
16 43 29 32 29
51 9 50 45 44
4 22 48 31 59
5 20 22 24 8
14 31 40 28 53
29 51 33 42 11
43 39 47 41 46
59 37 41 42 10
6 46 35 25 6
22 51 6 42 52
22 40 52 15 8
51 22 32 11 7
16 24 12 51 22
53 56 44 59 41
16 36 33 35 48
13 4 24 30 9
54 33 59 23 29
40 12 7 25 43
25 11 47 28 9
48 23 30 38 11
33 25 13 30 29
52 35 46 46 54
45 33 20 16 38
29 14 9 3 14
38 51 45 58 35
9 9 19 18 57
24 23 15 12 9
42 27 47 40 20
15 38 60 37 6
17 3 36 36 2
23 58 34 50 33
51 22 6 59 36
26 32 17 46 51
13 40 28 58 10
23 28 19 14 51
35 23 24 58 22
41 7 39 36 1
40 16 26 25 13
8 10 48 25 27
33 52 48 3 39
47 59 45 22 4
20 53 42 17 12
33 55 44 27 8
2 24 47 20 12
6 2 20 35 39
9 42 60 19 6
36 14 30 7 11
32 55 11 12 35
55 7 16 3 47
39 40 45 37 46
51 59 2 4 7
1 27 25 1 3
25 15 13 50 41
47 41 18 9 18
57 23 46 12 13
13 14 47 57 43
36 38 49 8 52
15 16 10 23 46
4 21 24 25 8
25 13 9 59 20
45 22 23 32 6
2 15 6 19 21
8 55 32 34 2
55 1 38 7 53
45 1 25 42 52
56 31 55 24 16
17 12 18 46 8
35 40 7 40 9
59 45 59 18 2
11 33 23 45 34
7 5 3 47 5
44 11 48 45 46
44 30 40 50 15
54 10 30 20 38
26 20 3 53 43
13 38 54 24 50
27 32 25 60 22
54 18 31 57 58
8 30 14 5 41
6 30 41 41 49
39 56 38 42 28
47 22 6 35 14
12 58 30 23 5
54 24 4 28 28
4 4 24 60 35
13 37 11 55 23
23 13 23 44 53
34 17 59 49 18
14 41 59 58 26
11 52 18 11 57
19 9 53 54 3
16 5 33 48 45
59 15 6 4 7
12 39 39 12 13
28 2 14 29 40
25 47 60 38 54
48 25 19 12 37
2 53 25 47 10
15 35 58 28 60
42 60 21 25 28
12 7 53 23 4
23 47 5 7 37
36 41 1 17 12
5 19 38 23 29
58 27 30 2 8
53 55 54 22 54
28 3 52 35 47
45 16 4 11 46
15 41 47 44 21
28 59 30 21 41
40 48 42 51 26
3 7 33 39 54
46 35 42 41 2
26 33 4 21 40
58 59 9 38 52
12 27 58 56 16
23 18 42 14 18
49 11 53 31 21
7 29 35 28 10
19 18 40 60 29
51 19 12 33 1
36 40 10 44 45
13 30 34 15 32
27 19 26 36 7
26 12 32 21 42
26 51 17 26 46
8 18 55 2 43
45 6 15 13 46
39 15 49 30 43
8 39 39 33 13
17 60 8 6 2
17 39 14 12 22
20 57 27 15 59
48 14 19 44 3
52 23 43 48 4
39 37 20 54 54
29 1 43 28 13
18 49 23 7 44
21 53 14 3 17
55 9 12 36 46
6 14 4 9 42
57 50 4 15 41
16 13 12 20 20
23 10 21 44 46
32 18 55 29 37
35 4 44 19 41
34 60 5 30 44
42 14 59 20 31
51 4 21 28 54
25 14 23 45 1
35 15 56 20 42
40 27 27 15 33
41 14 5 14 22
13 38 44 42 19
16 54 60 20 43
10 33 54 30 55
47 18 55 56 4
58 60 21 22 12
40 29 57 48 31
38 5 10 22 6
48 40 3 10 19
32 25 44 57 55
12 4 14 43 51
49 6 21 18 51
38 49 30 36 25
33 22 36 16 21
5 17 11 6 35
41 42 30 29 11
40 59 17 15 24
26 42 46 2 27
33 37 20 5 53
23 44 6 43 39
45 57 57 48 57
9 42 16 54 1
37 21 35 9 9
54 4 58 9 52
7 21 46 4 50
48 60 58 58 16
27 54 51 37 49
59 27 36 48 25
44 55 41 22 2
21 39 10 2 60
5 51 46 36 32
35 58 12 50 10
40 57 46 1 25
52 46 35 53 36
49 49 35 55 52
43 2 9 34 32
50 44 12 60 47
49 35 31 26 25
51 18 54 1 56
40 33 18 9 42
23 41 27 46 3
48 25 20 2 29
40 18 29 48 32
41 49 29 18 52
5 13 55 29 19
14 32 33 51 32
47 32 22 13 20
37 22 20 16 17
11 53 11 27 50
34 20 53 42 53
8 35 25 8 35
4 38 18 4 16
13 59 32 51 24
3 13 50 58 29
30 15 10 34 55
55 28 15 28 16
55 49 32 42 38
25 38 17 23 18
5 60 28 35 14
36 13 30 13 42
47 52 6 15 23
7 40 19 35 60
6 10 15 60 58
28 32 26 44 29
45 14 7 27 56
23 19 15 32 45
22 53 1 5 38
11 26 13 12 32
57 25 20 55 48
10 2 1 43 21
3 13 44 2 3
32 13 24 28 13
11 9 23 8 55
19 29 12 6 23
14 22 35 40 3
26 25 46 20 44
50 39 28 8 40
37 28 26 47 28
23 6 52 44 53
7 43 3 41 55
50 31 3 50 42
50 10 16 14 6
18 22 31 57 57
4 10 46 26 7
5 51 21 12 54
14 58 30 40 13
44 34 51 14 4
5 1 9 33 7
39 21 50 3 28
31 6 24 5 39
9 15 4 55 13
23 37 56 8 45
50 40 6 34 25
30 5 47 5 46
18 24 39 44 47
9 4 5 6 47
15 44 13 12 7
46 4 23 16 47
23 38 6 54 51
29 54 34 18 55
22 51 49 13 32
4 46 37 51 33
58 33 12 59 34
6 35 27 41 11
13 23 9 34 24
36 9 40 12 52
33 40 57 24 31
48 54 46 48 39
19 25 58 48 45
36 20 7 22 35
13 27 24 59 56
2 38 40 12 47
40 38 17 28 30
1 47 52 5 39
51 50 48 13 20
52 1 9 45 18
53 53 38 3 54
37 49 5 49 2
42 52 50 49 31
12 25 50 22 45
18 22 22 11 49
12 11 37 21 48
45 42 32 31 56
26 50 22 48 2
3 39 19 49 9
16 49 33 16 55
38 39 40 35 10
38 26 59 50 36
57 2 20 24 19
20 21 52 32 51
26 47 45 34 43
1 41 47 42 27
21 30 53 4 49
23 24 35 28 5
28 2 11 26 36
60 33 41 41 46
40 19 46 54 24
4 43 22 40 42
29 12 19 36 55
38 48 54 41 32
49 50 10 52 46
58 35 53 43 46
39 23 49 4 31
3 18 44 53 12
9 3 8 42 14
33 60 37 50 52
12 57 39 27 49
28 53 25 45 36
42 2 22 26 25
46 17 5 43 13
55 2 17 49 19
12 6 14 10 30
51 19 9 11 47
1 1 50 15 57
27 34 19 3 42
18 38 14 15 36
50 54 5 28 17
35 25 41 60 5
9 23 54 8 1
59 41 36 21 1
27 54 60 5 51
51 4 32 35 41
33 57 44 17 36
40 54 32 60 17
21 37 16 2 32
43 13 7 55 57
37 33 54 45 50
16 9 44 56 1
18 26 21 46 30
48 21 9 1 28
48 50 14 10 1
60 19 3 23 40
10 60 23 41 34
33 48 20 5 27
31 42 35 12 25
57 33 46 46 33
27 59 7 37 35
29 10 46 17 49
9 42 51 20 36
9 20 33 13 24
39 32 47 58 9
55 59 15 9 13
49 25 30 8 60
26 12 36 18 41
58 49 24 58 54
35 50 1 53 3
44 22 22 27 19
53 7 26 38 33
28 1 44 43 15
39 57 52 46 58
1 57 18 39 30
19 47 25 6 56
30 23 6 38 59
46 54 22 54 4
2 36 15 16 57
47 10 58 19 29
27 59 10 35 60
42 33 34 53 49
22 25 54 43 14
29 13 7 2 10
22 31 15 23 13
57 29 6 1 26
32 51 18 29 55
18 40 59 48 5
56 7 23 47 27
10 24 11 30 49
19 58 59 24 55
36 50 8 55 19
24 4 53 48 43
16 44 58 52 26
30 23 34 4 33
14 48 37 33 51
40 20 19 18 24
34 13 48 36 39
40 48 55 40 39
49 14 11 2 27
48 53 28 43 12
10 39 33 34 58
24 5 1 46 26
51 27 43 29 51
5 11 41 50 3
32 4 9 44 53
2 45 8 12 59
19 55 16 60 47
42 3 29 23 45
53 60 36 28 9
7 45 39 33 4
18 25 34 40 3
34 37 54 53 6
33 25 48 7 7
57 8 12 32 16
25 3 11 45 53
59 8 21 9 43
41 55 18 14 46
56 15 24 46 40
44 44 51 35 33
12 14 12 43 31
24 4 21 12 55
38 48 38 6 49
37 7 47 39 10
56 2 44 59 52
11 39 27 35 48
41 2 2 38 59
58 14 9 17 35
34 51 6 18 53
31 36 2 42 20
24 33 54 42 25
30 42 7 48 27
18 33 30 37 7
11 10 31 39 38
36 39 59 35 38
41 56 43 47 46
11 1 38 29 11
48 2 45 45 8
43 16 29 7 38
35 21 12 23 30
8 49 28 27 5
24 20 15 13 58
60 53 30 49 39
46 41 44 56 13
16 39 42 40 3
27 45 23 28 2
31 23 31 21 32
11 42 24 38 54
42 22 1 39 24
22 15 24 30 35
3 47 6 18 45
32 6 53 49 4
36 23 31 39 12
20 31 13 42 2
49 21 51 46 21
28 44 48 16 56
14 56 2 4 14
5 3 9 2 19
59 17 5 13 4
11 26 22 27 2
31 14 22 1 34
20 39 19 43 46
36 9 43 44 53
59 9 41 22 44
52 17 8 58 57
40 54 5 48 24
50 11 39 37 2
27 42 45 34 3
59 51 6 41 22
48 23 44 6 32
30 24 54 30 26
49 20 57 20 53
30 45 43 34 20
34 25 50 7 9
42 32 60 42 14
7 16 55 47 40
1 40 8 28 9
52 10 38 5 22
21 16 22 12 50
5 48 20 17 48
55 28 23 18 47
51 32 37 18 38
54 38 17 36 33
12 9 6 16 31
57 29 60 34 1
51 38 19 34 20
40 44 43 21 7
28 11 53 3 24
42 58 34 32 49
47 15 42 10 46
44 22 20 57 15
8 38 26 17 29
56 52 23 57 36
33 6 20 20 45
46 5 24 10 48
53 16 2 28 4
31 11 38 60 60
38 45 40 19 3
7 49 37 43 45
40 8 41 59 13
55 26 1 10 50
44 53 34 16 36
13 21 23 12 36
2 6 25 46 35
44 39 25 58 34
54 36 14 30 21
39 13 1 41 25
52 57 23 12 15
55 50 17 20 6
12 48 8 14 23
16 12 3 33 29
53 42 48 53 7
8 13 46 24 43
30 14 23 1 31
11 57 38 8 31
10 28 35 52 7
39 39 15 59 51
42 28 48 10 4
32 15 37 18 43
42 26 23 6 12
49 28 4 19 7
2 27 32 41 54
6 10 57 23 42
38 41 16 40 20
12 10 56 11 60
45 52 28 44 48
15 26 56 58 16
22 9 42 12 52
14 13 33 17 60
50 1 9 18 14
10 33 10 41 24
36 60 18 44 55
38 58 55 42 40
47 7 24 39 3
10 11 21 33 8
53 39 57 39 58
8 22 42 29 11
54 18 57 59 60
2 56 35 42 20
35 14 55 5 26
31 57 29 26 8
37 4 53 45 56
7 51 10 15 31
56 38 16 17 11
3 52 15 23 17
29 31 50 56 11
18 12 36 38 41
23 46 31 57 37
41 49 25 30 41
52 32 24 48 50
10 17 43 12 48
54 9 7 3 46
50 30 17 35 53
41 48 5 60 27
2 47 14 28 37
32 22 60 14 49
52 7 57 54 49
22 50 39 1 51
18 19 5 37 41
46 41 54 59 1
9 11 27 32 2
4 39 39 18 19
27 52 5 30 8
49 11 29 58 28
44 23 48 42 10
52 34 2 34 45
51 43 50 15 57
13 25 12 40 5
34 15 12 31 2
53 57 60 30 8
10 43 17 49 33
11 22 27 25 53
30 49 44 57 3
27 55 8 8 32
33 14 20 47 1
17 48 53 54 57
30 51 34 9 11
54 2 33 3 22
1 31 50 55 11
40 1 47 24 21
20 9 4 44 54
38 25 20 32 12
53 1 16 6 57
15 40 42 28 19
1 52 58 24 42
52 26 24 31 34
46 52 22 3 4
12 48 39 30 55
3 56 15 26 44
24 42 56 13 32
56 40 2 30 47
31 29 36 38 55
43 30 10 26 15
14 55 37 28 59
52 52 44 32 54
1 14 26 3 40
28 8 38 2 2
49 56 56 52 21
11 37 4 29 43
17 41 56 37 31
58 27 59 18 29
22 33 36 22 24
51 44 23 28 38
42 30 18 32 58
24 38 50 26 5
55 23 58 54 59
18 51 26 52 18
23 19 7 24 11
7 28 48 10 41
32 53 9 29 51
12 45 39 40 57
56 44 18 11 46
14 58 39 10 2
53 2 36 22 4
45 38 8 23 38
9 15 24 12 37
8 52 51 4 32
40 21 14 1 55
51 43 44 13 36
27 3 47 6 53
28 54 15 1 57
27 41 3 20 57
28 27 12 41 19
59 5 37 44 22
29 8 2 15 5
46 30 53 57 35
14 26 34 51 19
8 10 58 19 60
47 4 39 9 40
15 42 54 54 25
33 34 41 9 10
28 28 46 36 42
22 21 34 58 53
4 23 25 28 9
40 30 44 4 52
16 55 33 12 10
31 14 32 15 41
29 41 47 15 40
23 29 9 30 8
39 42 18 46 13
32 8 28 50 49
35 17 31 7 42
5 24 35 40 3
53 9 47 13 6
43 41 26 46 49
17 27 58 33 25
15 57 31 34 39
32 21 55 54 41
58 16 21 20 10
8 55 19 50 9
25 52 60 44 9
1 50 26 41 44
34 28 40 57 47
59 37 38 1 43
53 30 30 25 23
25 57 58 4 56
16 7 55 41 29
57 38 18 5 57
32 53 22 43 9
25 55 21 34 14
60 7 3 53 20
21 24 57 38 37
18 50 46 19 57
38 48 56 26 42
48 6 40 52 47
43 25 8 36 19
11 55 43 40 40
6 24 43 31 2
1 31 27 39 24
42 48 4 57 50
58 44 21 11 26
35 38 10 44 13
8 58 9 17 10
1 45 48 23 6
3 31 22 30 26
43 29 19 45 23
19 52 22 18 56
7 51 43 14 7
28 27 12 32 32
36 56 11 38 15
7 58 55 29 30
43 14 48 25 56
4 60 38 28 20
41 8 40 59 27
31 49 15 27 13
18 55 2 44 14
38 36 9 25 36
41 18 43 1 52
31 37 25 54 4
13 49 40 8 22
5 19 36 8 21
11 31 43 51 51
38 55 35 2 32
54 2 59 27 21
1 40 46 47 52
51 12 26 29 58
11 42 49 55 38
13 56 60 30 11
42 48 38 42 12
38 34 56 42 34
31 25 25 24 42
12 48 57 38 10
32 11 9 43 47
46 59 20 17 15
23 27 24 59 41
49 39 12 20 20
3 43 57 43 9
45 8 40 8 9
58 41 58 10 10
38 1 8 10 52
54 45 51 42 39
22 44 41 6 6
36 35 58 3 43
17 40 19 23 36
32 22 39 36 36
20 50 39 38 19
36 50 50 31 33
4 7 34 29 17
20 16 11 56 28
47 32 4 37 27
47 25 13 42 44
49 21 4 51 23
48 1 37 1 5
11 6 37 15 43
50 19 37 33 29
2 25 37 26 58
13 33 60 41 33
51 1 27 45 34
26 44 56 39 51
27 7 46 11 26
37 12 18 56 29
13 36 32 10 17
23 23 43 8 34
59 44 19 10 35
27 34 54 22 41
40 52 52 11 24
24 14 28 23 54
29 34 29 49 56
24 56 32 39 12
60 19 50 3 45
58 32 16 54 55
52 40 37 16 6
9 30 50 49 15
51 2 1 18 29
51 18 31 11 14
8 21 39 32 53
9 19 3 11 56
30 19 31 38 6
35 52 49 55 54
8 27 29 52 1
58 5 33 1 59
47 16 51 23 57
28 14 21 13 13
19 25 9 24 29
29 37 17 39 17
57 39 59 41 23
2 51 31 37 49
38 53 34 1 37
34 60 13 44 42
28 2 44 35 31
4 22 28 34 5
59 46 5 53 10
47 28 9 43 16
50 57 10 22 40
10 27 22 47 37
45 40 30 18 13
19 9 53 53 6
49 23 20 14 25
57 46 13 41 10
37 34 23 30 14
47 3 2 8 27
23 19 11 41 34
23 25 10 9 18
47 51 21 10 17
59 23 1 18 46
17 52 37 13 33
24 60 16 52 46
38 2 53 12 43
43 5 20 7 6
17 20 53 4 53
9 34 49 60 47
27 39 10 46 39
58 51 31 41 5
5 21 19 52 30
33 2 59 5 44
35 33 60 5 34
60 1 7 30 49
22 58 10 20 16
16 22 28 6 4
53 6 19 56 60
3 2 21 33 30
2 42 27 4 20
57 53 52 51 52
42 12 22 51 20
36 3 24 19 3
44 49 48 39 2
25 14 56 49 31
33 30 1 35 52
53 6 33 22 12
18 21 22 41 47
12 32 10 46 48
31 38 37 39 48
34 58 48 8 17
55 46 4 8 8
46 35 11 1 60
37 51 33 24 32
20 17 27 2 9
11 57 31 58 18
56 31 17 43 21
32 22 56 52 18
29 4 11 51 4
40 22 8 46 5
8 21 13 57 39
59 48 37 25 52
5 54 40 51 50
32 7 39 49 56
24 14 33 3 1
27 14 22 26 18
30 54 42 18 55
37 27 6 42 32
31 43 26 60 14
51 29 32 12 19
8 55 35 38 39
22 49 36 60 22
52 34 36 39 26
39 10 14 38 59
32 24 53 32 17
12 32 4 47 42
46 5 49 56 17
55 41 13 51 18
27 26 34 38 27
7 45 28 57 7
14 52 49 60 22
5 46 44 19 53
49 45 10 19 7
48 54 23 5 33
16 55 1 22 37
17 46 57 29 46
12 13 17 36 33
33 57 19 46 7
38 19 16 39 34
30 4 17 21 38
58 20 9 46 28
7 31 56 43 45
49 2 1 2 26
41 37 22 23 14
18 46 11 28 12
13 27 20 22 49
58 47 19 23 43
9 53 23 43 6
28 14 17 23 23
38 31 3 42 38
8 35 19 1 17
38 31 48 13 54
55 35 36 42 15
35 20 51 28 8
41 6 36 41 3
13 8 60 51 52
21 15 18 26 23
40 28 60 52 53
53 12 21 30 17
4 27 56 38 19
7 29 27 24 45
32 5 11 20 32
56 17 41 20 1
24 35 32 42 11
16 25 9 52 51
32 47 24 31 19
19 1 49 41 32
11 49 39 28 22
6 8 52 35 56
56 43 54 43 25
6 31 19 56 8
8 34 36 52 14
4 47 4 50 53
48 35 38 44 13
28 10 41 35 54
22 22 23 45 58
59 31 15 57 54
34 53 27 33 60
11 51 50 33 19
11 24 31 46 56
