100 100
35 5 49 9 11 6 12 12 44 52 57 10 12 25 4 33 24 57 28 45 16 11 24 20 16 17 28 34 42 57 30 23 34 58 44 43 40 7 48 45 34 1 49 54 22 18 50 24 47 20 24 9 3 39 57 5 23 22 40 55 18 13 51 13 50 13 39 33 38 25 57 7 51 14 60 31 58 19 7 2 57 56 57 8 22 49 60 13 24 6 48 35 5 53 8 39 46 52 40 14
31 36 4 12 15 46 44 48 12 32 17 32 49 35 50 42 51 57 15 29 25 19 30 21 4 49 54 19 60 47 57 17 57 13 51 38 6 1 9 25 23 39 51 15 52 43 48 17 44 28 42 37 41 4 55 11 43 50 55 24 25 30 3 56 48 46 60 14 44 22 44 26 49 48 49 33 19 52 31 27 38 38 17 17 59 46 51 31 50 25 3 13 58 38 30 7 38 29 6 54
31 2 37 7 37 45 53 7 5 40 47 38 45 35 57 41 22 51 33 28 46 41 10 15 49 45 15 1 19 23 27 41 33 4 32 16 60 50 53 55 24 42 35 56 57 30 32 1 41 58 15 12 35 18 37 45 59 22 56 20 59 33 13 18 4 41 55 42 1 50 21 30 13 26 45 36 1 32 2 31 14 2 45 58 45 42 30 2 56 36 16 20 27 51 12 53 24 40 60 6
4 26 2 3 51 32 17 2 44 41 25 27 5 26 5 51 4 34 11 24 11 8 28 58 43 16 17 9 16 9 40 54 37 20 24 56 18 25 19 39 55 49 37 55 10 37 42 12 25 46 37 47 45 8 15 26 17 22 10 25 33 59 5 41 15 27 22 55 22 55 31 50 12 34 32 18 50 29 46 23 35 33 24 33 45 12 16 13 7 2 48 39 24 53 29 41 29 3 51 7
18 9 30 6 58 59 20 56 18 16 22 58 31 33 1 6 2 26 4 19 19 19 32 39 57 41 15 38 30 20 34 13 60 22 25 55 42 23 2 28 52 11 37 26 60 28 53 28 37 36 50 33 40 47 40 1 20 56 54 32 14 45 50 49 22 47 57 51 59 51 10 44 18 35 46 39 35 56 45 49 27 5 1 18 12 53 37 44 38 31 6 37 3 48 34 26 42 55 44 11
4 48 24 50 17 41 26 44 43 17 45 16 2 2 23 35 58 41 55 30 52 31 22 59 53 48 3 27 16 31 9 7 55 14 56 40 10 7 58 55 48 28 29 57 45 45 18 49 34 50 38 4 57 16 30 21 12 22 58 46 48 36 18 10 8 9 11 18 23 44 34 49 2 6 1 36 11 23 14 21 51 36 37 34 41 44 41 41 56 24 16 53 39 18 25 59 36 28 43 43
33 11 16 26 49 25 58 34 45 40 60 10 39 35 21 29 2 18 2 56 49 11 28 25 32 16 26 53 20 52 49 1 55 53 46 3 50 58 20 19 56 28 7 3 15 59 49 42 49 53 19 28 32 46 27 15 36 40 21 32 11 4 57 60 24 57 36 13 49 42 33 58 33 45 45 52 13 30 45 22 2 24 14 42 4 10 53 25 59 10 14 44 2 20 3 56 52 14 35 40
30 7 45 49 48 51 56 39 5 17 52 19 19 43 9 37 23 48 26 58 28 26 17 51 44 10 17 50 55 48 20 40 22 11 2 52 17 9 8 20 37 35 20 25 10 35 51 12 23 50 31 22 26 12 59 28 59 2 49 6 25 17 1 11 21 55 13 22 47 54 57 20 60 57 24 2 36 9 9 7 52 32 13 9 48 51 45 26 32 23 34 42 9 58 53 53 5 37 57 42
27 17 29 41 58 7 47 37 32 3 1 29 23 56 18 8 45 41 1 22 25 23 35 18 10 2 44 19 48 10 44 45 13 26 27 33 12 8 24 9 16 2 36 49 18 28 23 12 28 31 34 60 35 18 36 32 59 40 22 13 56 47 60 8 52 24 48 45 5 23 26 41 7 17 52 6 14 20 10 13 1 20 60 57 51 58 31 7 45 39 52 39 2 4 43 24 55 60 50 42
22 15 37 1 38 1 1 44 10 1 11 16 59 2 56 47 57 15 31 5 5 10 37 38 40 13 57 43 41 22 48 3 38 6 44 33 25 5 56 52 42 35 49 38 43 42 36 13 8 11 54 42 25 34 40 50 55 47 50 48 7 2 14 22 55 27 8 19 25 15 14 39 11 58 28 30 60 52 25 46 14 55 30 35 27 37 13 42 49 1 47 11 38 43 12 28 8 8 57 27
16 8 24 5 56 23 35 28 56 36 21 47 27 13 26 3 33 33 31 11 43 11 26 43 48 1 15 58 45 57 28 38 47 8 56 11 37 20 20 9 15 14 30 26 14 21 57 2 7 1 50 22 55 38 27 18 26 48 58 35 26 52 18 43 4 8 7 45 42 8 42 14 37 51 50 25 13 9 42 24 21 48 17 13 24 36 27 7 38 54 12 1 33 1 53 52 54 16 25 55
24 49 10 55 19 20 24 5 15 5 26 8 1 38 19 12 1 1 12 26 10 49 13 57 19 38 40 23 21 28 32 11 60 2 54 21 26 46 31 28 7 37 12 4 27 8 21 14 53 46 9 8 36 33 31 33 7 9 24 16 48 48 13 53 42 29 24 59 13 45 17 11 56 14 36 54 22 21 45 27 58 15 7 6 25 15 5 27 58 1 39 11 9 24 24 49 4 40 27 5
13 27 38 5 59 41 54 36 35 1 50 44 5 8 3 50 43 30 29 40 13 57 46 24 26 6 56 10 56 58 8 51 51 42 41 5 48 50 53 3 6 33 29 49 41 8 36 5 31 32 25 34 50 30 29 42 31 55 28 48 28 24 57 53 35 27 40 10 4 56 46 52 10 25 13 27 7 5 11 47 27 7 27 25 22 14 4 10 18 29 27 43 18 6 20 38 57 60 13 22
18 28 35 33 41 13 40 8 6 10 2 58 56 19 21 37 36 46 60 53 8 49 33 7 23 46 57 5 30 24 41 12 56 56 33 57 21 40 31 12 32 41 33 23 47 1 50 14 40 34 50 34 5 9 54 40 2 10 17 27 12 34 44 4 10 27 18 25 57 6 9 59 52 28 38 7 32 22 7 37 53 57 5 16 14 42 9 26 60 32 10 56 52 41 33 50 58 10 23 58
21 19 41 23 54 34 19 3 49 12 52 46 7 36 39 30 42 16 3 18 60 23 40 47 19 36 38 44 44 41 50 24 34 43 53 49 18 19 21 40 7 59 43 29 10 28 39 44 22 14 41 7 38 60 42 38 48 58 32 58 58 42 54 2 48 8 3 56 46 5 13 43 30 54 12 28 28 16 39 59 23 58 59 20 3 26 13 36 46 35 44 57 33 5 12 55 42 50 30 10
21 44 22 42 35 58 25 10 35 16 15 24 46 2 36 7 49 38 2 9 9 53 5 33 13 49 32 1 49 18 5 16 60 27 60 42 21 35 47 58 16 47 10 20 26 50 26 16 38 44 20 10 40 34 46 11 6 50 35 47 54 32 35 30 20 23 58 53 28 20 9 42 13 16 59 56 44 35 60 43 31 59 36 4 51 49 24 2 16 44 40 8 15 55 37 1 25 33 54 11
48 37 33 43 41 19 41 6 43 9 44 51 52 1 43 18 46 59 29 6 11 24 54 58 24 39 18 34 39 38 59 30 24 36 11 49 29 57 30 18 52 7 26 37 55 14 55 8 3 37 33 7 57 15 26 47 41 56 20 20 38 53 1 42 28 22 49 60 8 59 14 46 50 50 58 23 10 49 44 30 11 9 27 39 55 1 35 4 59 21 33 48 46 34 28 33 27 47 48 16
2 16 47 54 8 22 31 46 50 19 42 2 48 18 55 42 17 25 25 28 3 53 13 19 26 46 50 3 59 5 41 52 12 50 10 39 23 23 57 14 52 44 39 20 41 48 40 30 54 35 20 6 52 55 35 45 7 26 13 40 22 4 24 35 29 55 33 44 57 18 36 16 4 50 44 1 33 54 39 23 56 21 14 39 38 51 40 4 10 11 20 49 23 44 60 35 45 1 52 50
26 59 46 1 14 23 48 44 11 36 33 52 37 14 12 22 21 29 12 45 44 21 28 24 26 10 20 26 10 56 25 33 43 48 8 50 46 39 31 58 7 7 11 36 19 59 49 16 11 57 45 57 18 12 58 8 18 56 60 46 22 19 9 50 21 38 50 51 39 24 44 6 8 23 53 30 50 54 27 48 49 13 16 29 34 43 36 46 44 49 11 14 54 15 57 2 33 26 22 47
38 26 36 39 38 50 44 50 38 44 51 36 58 1 34 37 8 8 25 50 6 58 20 44 12 59 31 45 4 59 58 4 45 21 13 26 24 30 60 16 45 52 7 51 21 44 49 50 23 25 19 35 22 55 30 10 58 55 59 26 54 44 36 27 7 40 48 55 9 52 37 36 18 24 26 57 43 57 1 47 18 35 14 45 24 52 55 3 39 47 3 29 44 57 57 45 27 37 23 56
44 42 5 30 33 17 26 17 33 19 56 10 22 5 40 43 27 47 11 26 52 13 41 50 52 10 5 1 9 41 42 47 42 5 37 13 8 40 28 15 19 25 55 9 48 23 29 30 43 53 16 12 53 18 21 29 13 59 17 51 24 23 18 25 35 44 4 6 33 5 57 25 5 31 22 50 38 54 37 27 11 51 15 28 36 13 50 4 20 51 30 39 43 41 22 50 44 17 20 2
10 48 9 20 54 14 31 18 27 54 44 25 17 39 34 10 16 43 38 40 1 32 30 19 23 54 1 33 37 60 10 45 36 32 15 59 36 4 6 18 14 32 29 26 38 9 22 29 27 24 22 47 50 29 30 12 41 36 54 38 31 38 53 26 51 42 39 36 27 19 26 2 52 12 46 34 23 52 17 41 35 19 53 43 14 14 60 53 28 53 40 33 23 48 38 48 23 13 40 10
20 46 39 26 11 44 29 1 41 48 21 6 35 42 40 25 25 4 58 60 1 57 3 52 29 33 19 23 4 33 57 55 47 10 59 34 45 21 10 10 54 54 43 14 18 41 56 14 50 47 49 21 60 36 29 33 11 23 56 20 1 31 59 40 20 36 25 51 21 4 15 26 32 38 20 50 8 52 32 28 7 13 54 51 6 13 48 18 34 53 17 54 59 39 30 52 37 17 40 55
13 24 42 2 2 54 12 60 10 40 22 42 58 3 18 45 43 15 48 30 29 23 6 12 17 52 47 21 5 49 19 16 33 39 38 20 29 30 48 5 42 39 42 60 42 53 33 58 39 40 38 20 18 29 40 60 18 53 5 21 8 1 36 31 36 36 11 18 4 1 34 53 31 40 46 58 41 10 53 3 30 24 48 16 31 36 16 3 45 14 59 34 32 4 36 33 44 49 41 1
12 49 59 50 8 47 47 53 37 26 53 9 38 28 2 56 32 43 39 36 14 51 13 19 10 47 50 12 11 30 14 50 33 25 46 38 55 40 54 56 31 32 53 29 29 47 10 34 29 33 27 6 12 58 46 10 12 18 22 35 57 56 12 8 16 34 54 56 24 29 45 39 34 42 27 46 23 20 4 19 37 8 45 44 7 38 59 1 55 40 46 45 45 7 54 44 11 47 11 47
54 27 8 36 29 48 19 57 15 48 28 60 16 38 32 31 5 19 20 15 14 50 56 54 27 22 2 6 14 35 20 15 10 58 7 4 24 13 55 45 54 55 12 1 13 13 39 28 2 40 8 29 57 12 59 29 31 11 29 54 47 2 23 49 37 49 47 43 52 21 23 36 18 8 38 60 51 9 3 1 32 48 21 20 50 12 59 25 45 47 39 5 32 42 42 37 59 5 49 24
42 26 56 36 10 54 36 35 30 54 24 4 59 20 31 50 40 22 6 21 27 6 16 52 53 7 56 30 22 6 39 58 57 7 50 56 27 47 4 15 28 33 54 59 40 47 1 14 8 53 1 31 48 47 5 41 15 42 14 54 32 18 55 4 35 24 5 24 39 8 33 15 57 59 45 55 43 10 6 57 22 18 4 13 1 56 17 2 16 59 33 57 32 16 20 51 4 33 42 7
24 37 22 29 44 46 15 7 49 55 9 51 15 5 46 60 37 13 40 29 14 50 51 30 33 57 54 2 34 58 57 44 41 51 27 20 43 47 35 25 50 10 58 33 29 15 29 45 37 4 12 4 3 58 59 28 9 55 38 15 51 55 36 17 25 15 6 46 42 23 46 38 34 56 27 8 25 52 56 47 10 7 53 15 35 30 17 53 60 1 34 21 41 43 17 54 3 40 33 24
53 25 11 44 30 48 47 9 53 51 44 16 33 48 9 4 15 6 2 6 43 9 42 23 39 14 58 46 18 3 48 23 46 33 22 53 12 14 32 33 21 30 46 60 39 5 37 34 8 16 50 28 2 15 31 60 27 13 10 49 56 34 5 22 33 33 51 7 54 25 38 52 25 33 55 14 11 20 31 31 45 14 47 42 6 35 38 37 20 56 40 1 24 21 22 1 51 16 35 12
50 53 14 3 30 14 23 56 60 20 4 10 13 26 9 54 17 53 41 31 3 11 36 39 39 37 21 43 31 14 39 50 55 30 23 22 26 50 9 44 57 6 42 7 6 33 11 24 40 13 41 39 15 23 22 51 36 20 48 46 20 56 54 57 7 3 10 45 38 38 24 53 55 2 53 38 19 8 26 2 6 56 25 59 12 27 16 22 59 30 32 56 51 35 18 48 21 27 17 21
50 59 22 28 12 47 55 34 27 4 20 4 11 18 5 44 15 9 36 52 47 44 12 58 3 53 38 11 13 44 2 12 29 10 11 48 12 34 11 27 33 37 29 8 10 60 49 26 53 40 42 47 55 11 28 35 35 12 24 40 20 12 3 37 25 24 2 12 41 4 2 27 54 44 42 37 32 58 54 38 19 42 27 9 25 50 21 46 15 36 47 3 54 38 29 59 41 38 53 44
43 8 32 14 43 28 28 50 15 20 32 9 4 14 54 53 34 18 2 25 45 55 2 19 32 33 41 43 47 31 20 25 26 31 11 34 55 33 13 31 52 29 41 58 24 7 13 34 36 2 33 56 60 15 24 43 11 23 36 52 40 24 50 14 2 16 27 8 5 53 16 26 58 11 40 47 8 20 29 47 20 28 53 37 38 2 37 14 23 57 5 56 23 46 44 40 47 26 12 47
41 32 30 32 5 30 46 51 28 26 58 3 42 50 15 6 30 42 24 21 19 54 21 52 47 20 53 2 5 8 2 5 37 10 55 59 39 32 19 22 48 2 18 2 13 11 1 51 20 39 38 7 39 28 46 41 30 26 3 18 38 48 19 36 47 38 1 59 14 27 26 28 48 11 29 40 46 54 24 56 46 30 5 36 42 49 14 59 31 41 39 29 26 15 26 59 26 53 40 41
29 31 34 44 1 47 24 46 5 37 31 40 43 20 3 45 54 25 16 21 22 35 31 22 5 15 50 2 7 10 30 56 13 46 49 1 11 29 38 3 55 53 56 42 52 38 27 49 34 41 12 52 30 6 53 48 55 29 45 26 1 5 23 28 42 38 37 51 22 58 27 58 55 1 35 55 50 12 30 29 11 26 52 59 40 29 7 33 45 53 32 7 37 28 58 21 5 41 31 12
39 25 6 11 20 8 27 32 10 33 52 53 5 45 43 40 9 42 38 46 11 4 3 37 52 13 44 40 60 24 32 17 16 30 51 30 5 5 58 47 48 53 11 29 51 16 11 36 40 35 55 30 49 7 16 16 38 5 12 13 23 10 10 19 58 24 15 52 36 51 45 50 18 47 9 54 2 56 24 60 60 38 41 15 22 40 33 2 51 44 32 29 20 60 57 35 21 53 56 10
20 40 50 30 39 7 50 17 48 19 1 33 36 25 12 27 40 28 28 6 42 6 42 5 13 2 36 34 18 32 47 15 55 49 13 43 52 59 34 17 40 38 54 24 34 26 11 7 52 42 56 10 14 48 42 19 47 27 35 51 57 2 19 59 53 59 33 25 41 26 35 16 30 50 36 8 19 15 44 11 47 22 38 50 10 18 32 2 8 36 37 47 28 1 10 44 14 5 25 21
37 19 18 23 54 47 53 31 50 16 1 56 22 33 21 3 58 37 25 50 33 20 46 55 1 36 3 50 38 26 7 37 20 60 58 44 59 37 51 51 10 36 7 40 16 37 8 5 53 50 33 6 60 58 24 12 4 35 24 54 50 21 43 21 9 34 28 16 5 40 58 15 39 26 14 34 12 16 46 42 23 41 11 26 48 31 4 28 2 12 26 3 48 50 30 50 4 43 2 44
43 18 38 4 55 21 57 13 56 22 27 8 49 42 27 34 33 2 14 29 16 44 48 43 7 23 6 51 8 46 14 33 60 49 11 38 44 17 18 32 9 37 9 44 10 21 38 11 38 10 10 5 18 7 12 57 22 26 2 43 17 27 23 56 60 18 17 28 17 33 50 35 38 46 19 26 35 6 34 14 54 26 2 25 27 5 4 11 40 2 45 45 23 56 42 53 32 41 27 33
59 2 38 32 31 59 15 30 25 14 55 22 4 44 23 50 36 23 40 29 35 17 40 13 29 59 54 23 8 24 42 21 45 5 6 21 27 48 59 29 52 46 8 29 5 22 36 49 18 35 9 17 53 19 28 7 40 6 13 52 56 57 35 28 39 7 57 41 37 47 43 43 47 17 3 51 18 37 51 54 20 14 23 11 6 30 46 55 34 21 16 15 51 24 55 25 30 48 44 40
10 49 40 38 34 23 49 51 39 16 51 45 21 33 19 6 42 13 52 46 42 56 14 12 18 34 29 37 4 14 29 54 49 52 51 8 14 18 39 37 15 17 53 31 10 45 26 4 30 51 41 56 29 18 11 30 54 25 3 24 1 34 51 60 12 36 1 56 11 27 4 6 48 22 38 7 21 6 33 37 52 36 34 34 34 10 60 37 41 51 9 21 58 2 48 32 32 27 3 47
33 2 11 55 55 41 3 27 49 51 17 18 14 28 41 57 7 17 23 24 8 38 48 17 12 23 20 56 6 13 5 12 6 2 7 6 22 47 60 38 23 55 42 31 42 41 14 8 53 57 18 51 51 11 28 54 23 7 55 60 58 60 27 25 4 23 49 28 18 13 22 46 38 31 60 50 15 9 22 57 37 26 59 59 52 56 34 42 46 37 53 33 35 59 41 21 41 24 25 21
18 54 43 58 8 56 14 54 29 45 12 35 1 58 26 15 27 11 21 30 58 44 48 23 28 28 19 37 34 52 53 13 35 57 8 27 42 55 42 4 41 40 39 18 37 28 22 57 13 7 23 21 37 59 12 11 33 20 21 45 58 1 12 53 33 3 38 45 47 15 38 41 7 29 52 6 1 39 31 20 30 4 46 60 28 22 57 11 6 24 23 17 51 17 20 47 41 21 17 30
17 32 8 20 40 4 16 27 19 42 44 32 57 29 28 30 28 45 60 14 53 51 12 4 4 51 23 28 43 50 52 45 48 41 10 3 40 8 18 45 48 32 5 24 25 7 35 22 50 20 52 60 24 19 29 40 9 23 18 25 56 40 8 22 6 18 24 35 52 42 34 19 44 11 48 60 4 58 58 22 46 1 28 29 59 24 23 25 33 28 21 60 2 37 12 54 36 35 35 24
22 57 13 45 26 34 33 59 25 27 44 55 32 56 35 37 41 9 31 48 32 20 25 13 18 34 45 31 23 21 50 43 35 21 49 44 60 26 15 15 47 4 41 30 23 29 18 50 45 44 16 8 43 10 33 56 14 25 39 35 4 31 21 24 56 51 42 24 13 2 51 13 38 12 54 20 1 18 22 25 16 4 18 47 59 7 9 17 28 51 5 21 54 19 17 21 34 21 24 35
16 16 27 36 17 11 59 24 47 25 16 36 2 10 25 1 52 59 6 38 8 15 54 16 9 40 13 13 15 27 56 6 58 54 22 48 45 38 48 22 58 7 53 2 18 53 10 11 1 3 7 53 44 54 56 34 16 6 57 52 49 29 60 46 27 53 40 16 14 32 28 26 24 40 15 38 8 5 58 21 22 11 21 49 51 12 3 3 45 32 19 52 8 21 53 59 27 14 3 53
51 48 46 55 30 12 8 24 2 13 27 4 40 45 39 53 15 3 57 27 9 1 48 28 12 46 5 47 41 48 9 41 11 48 50 30 17 4 34 31 20 41 53 43 44 37 13 43 48 46 37 47 55 8 33 38 48 49 60 47 11 49 42 60 50 5 17 34 59 7 31 19 35 23 39 33 40 58 37 7 4 44 2 32 57 17 59 39 35 42 60 51 56 11 31 3 25 47 30 38
49 59 60 46 51 19 5 14 7 6 16 30 18 33 48 22 16 16 33 53 1 49 29 59 46 38 17 10 1 11 45 50 16 38 36 3 39 8 9 45 35 11 1 35 6 24 21 59 17 15 28 50 52 49 31 39 34 2 25 15 1 29 39 49 54 13 56 14 38 2 55 15 15 24 51 43 22 33 32 43 37 1 16 3 35 38 34 20 2 57 60 22 27 15 29 4 6 49 56 57
52 8 56 16 4 19 28 48 33 33 22 60 3 19 12 31 19 37 55 7 36 48 6 33 17 10 13 18 31 35 21 24 37 53 29 18 57 37 21 54 20 12 9 2 58 30 39 58 19 21 49 29 47 13 53 4 52 43 54 21 41 22 46 37 35 47 22 21 32 50 8 35 41 38 4 23 57 53 5 52 44 37 1 42 34 1 6 2 54 11 47 51 48 17 10 58 19 47 15 59
46 4 23 11 24 29 57 13 57 39 30 55 56 22 52 40 27 37 42 20 37 49 22 12 15 59 45 38 2 21 33 45 53 53 7 56 5 17 8 40 57 50 43 39 17 26 7 23 11 46 38 29 27 38 3 5 5 17 2 14 55 53 27 11 32 43 43 56 47 46 45 10 38 56 8 4 53 15 25 16 37 49 1 47 24 41 36 26 43 58 38 27 51 33 48 18 5 27 14 55
52 26 25 6 39 37 40 49 35 46 56 3 40 12 43 44 22 15 44 43 48 8 38 29 7 50 41 14 28 37 12 58 20 35 12 58 28 25 38 14 30 22 50 44 51 33 51 4 37 5 4 46 52 5 26 42 3 29 48 18 39 53 24 59 18 21 17 25 26 11 43 38 4 9 13 29 60 20 7 48 32 57 51 59 2 11 11 59 14 5 55 44 1 16 5 5 34 32 42 17
31 50 46 18 28 43 39 19 58 45 58 10 32 28 57 2 56 27 12 26 42 57 11 40 34 20 11 44 36 40 56 29 53 18 55 7 43 49 55 25 57 59 41 11 24 58 20 56 28 28 2 58 17 21 22 5 26 15 5 55 38 37 39 14 30 57 37 5 10 49 53 18 22 1 7 18 10 42 49 46 51 42 14 58 19 56 25 6 45 15 12 48 22 10 48 42 35 41 23 57
45 40 46 57 5 17 10 56 47 8 8 32 39 21 7 48 37 50 51 48 18 55 42 37 45 4 28 1 21 57 22 11 18 18 13 13 33 38 52 46 20 6 28 12 22 39 22 45 5 19 39 46 25 53 9 49 20 45 51 7 5 52 55 6 60 12 26 60 19 20 26 36 16 24 4 46 6 26 46 36 35 16 42 37 14 21 8 37 3 9 53 25 26 18 57 5 5 10 39 52
24 10 60 4 56 58 22 11 14 5 24 2 52 59 29 16 20 30 23 35 35 59 50 54 51 42 18 4 41 25 33 44 25 55 50 45 6 55 49 8 4 52 12 58 12 57 31 50 21 2 50 27 5 50 53 24 40 49 48 31 11 37 32 9 58 39 56 6 42 28 14 59 57 56 20 16 50 47 34 36 15 3 40 53 56 6 18 38 14 47 60 54 14 8 52 11 22 39 60 34
12 16 31 24 46 39 14 15 6 43 50 27 51 9 1 46 10 46 29 26 44 32 4 34 9 39 3 15 30 38 11 46 30 49 19 48 36 55 57 51 37 20 25 41 16 49 60 50 28 22 35 31 18 24 30 26 35 8 27 28 27 16 53 1 16 9 6 52 22 48 10 43 14 35 19 60 21 20 26 50 38 38 38 3 8 24 45 47 22 58 25 21 18 8 39 52 21 36 20 56
55 60 9 29 14 40 32 49 50 44 31 57 42 27 15 59 34 14 4 28 13 40 11 38 51 5 31 21 55 14 31 46 9 52 50 11 59 44 10 4 12 30 30 57 5 11 20 22 40 44 25 38 36 57 56 60 31 47 10 18 15 35 49 17 52 9 59 43 52 52 35 45 30 36 14 1 60 22 18 17 1 18 19 21 44 26 46 46 38 13 11 23 50 51 41 45 52 49 26 1
14 29 30 21 51 11 18 59 15 30 34 42 36 32 55 42 49 51 35 38 32 8 14 58 11 25 6 25 49 38 59 52 43 39 5 8 44 16 27 53 60 28 60 30 56 9 4 13 54 54 21 7 53 7 13 16 50 41 41 23 49 18 3 57 37 29 43 12 8 19 47 27 20 14 54 21 3 32 11 12 5 22 15 27 42 22 30 36 46 43 28 7 16 3 9 56 55 37 54 31
43 45 16 38 45 14 29 16 14 34 59 22 51 15 2 2 26 21 47 1 56 17 21 48 24 46 54 53 15 53 36 48 25 30 37 4 4 6 32 30 23 23 42 55 49 43 26 24 52 34 22 39 59 13 11 45 49 11 5 9 43 46 48 21 48 60 24 8 53 32 37 8 12 19 23 5 51 8 59 26 38 41 50 10 47 16 28 50 21 31 55 46 24 6 4 45 33 34 53 54
34 15 16 8 56 9 49 1 2 3 17 11 18 25 31 21 31 46 40 30 23 55 4 34 13 9 6 55 49 46 35 21 8 1 32 53 8 46 60 22 43 35 11 42 57 54 27 57 56 57 34 54 5 49 34 16 43 60 49 22 31 41 47 51 13 17 60 20 44 25 60 52 19 30 16 51 46 33 33 17 32 16 18 39 24 43 19 40 43 60 26 47 54 50 29 23 7 35 37 33
20 33 54 23 46 27 15 30 18 46 28 50 15 29 58 3 29 26 39 33 40 31 15 54 29 1 59 30 41 48 39 38 39 1 13 35 8 52 40 21 11 2 7 4 52 25 34 18 11 56 36 37 37 5 28 29 27 39 50 20 42 56 7 33 31 21 17 33 37 18 19 5 2 44 31 4 48 25 45 21 10 13 33 36 55 23 22 16 2 25 43 60 1 5 8 56 42 34 26 7
44 47 12 51 5 44 6 38 24 19 54 6 53 51 2 4 3 53 38 37 10 53 52 44 39 6 29 18 2 45 44 59 18 36 38 59 38 59 55 27 24 26 47 41 1 32 33 57 40 22 55 55 52 55 47 10 16 41 31 53 29 7 33 46 37 48 13 39 54 34 24 3 9 41 49 20 54 56 17 59 10 19 8 59 22 18 14 6 9 23 28 60 37 35 25 37 4 19 58 60
49 21 18 45 18 8 6 15 30 59 35 31 22 27 15 33 45 8 58 25 11 34 53 60 8 43 3 35 58 52 25 16 4 25 14 44 20 17 16 32 11 24 19 32 18 8 51 46 2 14 19 33 10 3 35 15 20 22 38 23 26 24 47 38 37 16 33 35 12 47 24 40 27 36 56 59 14 49 17 50 30 20 23 60 7 52 16 6 16 35 20 58 28 5 56 35 33 34 26 1
11 28 43 56 7 31 38 32 15 21 33 28 23 53 18 14 43 11 50 54 40 48 1 53 17 38 5 7 42 27 9 51 46 60 47 36 41 24 56 59 28 52 15 57 60 31 16 40 27 19 37 37 37 34 3 20 41 2 22 49 35 4 38 47 57 9 49 47 36 27 43 16 9 2 2 1 37 26 43 18 22 5 56 22 31 7 60 12 13 29 48 26 55 32 47 40 44 10 32 45
8 8 4 38 29 41 21 10 1 30 26 40 5 28 40 27 59 11 21 36 12 27 34 48 26 34 37 48 19 8 1 10 37 29 24 48 13 60 46 19 3 14 23 3 29 54 55 26 60 40 41 41 32 29 3 34 26 40 2 46 52 42 25 40 50 54 18 3 32 39 52 4 5 3 18 14 21 8 1 54 30 37 28 50 36 23 59 10 26 42 44 58 60 40 31 38 21 3 22 50
38 44 1 48 55 50 4 13 52 8 4 4 14 6 57 51 19 35 44 30 4 3 45 52 50 1 2 16 42 42 37 27 33 33 14 54 6 54 2 2 19 43 46 22 36 7 10 6 5 9 43 17 21 60 15 53 6 57 22 38 13 13 52 48 54 2 60 34 39 12 24 52 19 39 60 36 28 21 12 45 2 22 44 41 27 26 20 5 27 22 4 45 5 15 6 16 4 60 44 60
29 33 3 36 15 41 43 2 52 22 36 15 38 3 47 58 51 51 1 29 23 39 30 37 54 52 16 9 45 32 28 47 17 10 27 2 50 33 42 56 10 44 15 52 34 1 47 15 25 9 24 31 12 19 25 59 43 19 38 31 15 14 32 20 6 3 20 60 37 58 56 47 50 43 3 16 49 35 18 45 50 26 49 8 21 27 58 51 40 7 37 32 4 10 60 14 59 22 18 49
20 52 27 4 16 27 45 44 2 45 12 54 47 24 10 45 16 16 39 31 53 36 33 36 26 38 3 45 4 8 16 18 43 30 20 16 31 10 50 28 48 15 37 36 4 18 43 6 21 50 36 37 58 27 43 29 4 18 54 50 51 46 47 35 22 17 1 23 28 35 34 2 28 10 9 27 5 36 28 34 10 3 44 34 2 45 53 56 11 59 19 41 28 42 56 44 38 58 45 15
39 13 10 54 11 48 18 19 33 38 36 24 49 4 17 39 25 26 41 30 32 14 60 17 48 18 49 33 44 22 54 27 42 35 4 12 40 40 1 28 51 32 25 59 16 60 55 45 42 36 7 34 43 33 32 18 15 47 56 54 3 1 23 9 54 24 37 20 55 56 23 12 55 21 28 14 8 28 41 37 39 59 18 1 30 54 38 20 57 10 58 7 50 41 28 44 34 17 7 2
10 35 23 47 5 22 59 43 38 26 8 22 58 33 13 3 26 4 14 32 10 40 20 20 30 39 53 48 41 36 35 5 7 29 9 6 1 32 58 19 30 39 5 18 33 28 37 19 52 2 12 21 48 3 15 24 20 36 41 39 51 41 12 27 7 26 56 27 19 29 8 52 35 32 37 53 52 3 23 1 45 48 7 59 56 42 57 33 41 23 35 25 12 18 14 52 32 52 12 47
56 37 16 2 43 1 32 54 6 41 13 34 8 45 16 17 36 37 56 12 6 2 50 56 45 11 47 26 18 37 19 6 46 58 32 49 31 31 51 53 26 56 7 46 26 7 37 58 33 9 37 41 3 45 43 38 12 17 58 52 4 56 43 59 16 29 28 9 14 49 31 31 60 14 23 52 46 57 6 52 51 44 55 7 51 9 11 3 15 29 5 26 33 1 58 10 29 8 45 52
22 1 11 19 13 43 34 1 25 52 28 52 5 9 24 6 26 54 18 53 17 16 19 58 32 9 43 12 14 6 26 44 60 4 49 55 46 24 44 57 22 41 53 42 43 3 55 47 55 17 47 55 50 41 27 38 20 2 12 33 24 50 41 10 15 41 15 19 49 52 46 42 12 42 29 56 35 34 9 56 50 14 20 4 51 13 46 41 35 39 28 44 42 46 54 51 49 11 18 35
51 56 20 32 30 14 42 35 46 10 49 19 27 16 60 34 30 32 37 53 29 51 26 4 33 16 53 46 5 13 46 50 40 58 25 25 21 18 3 52 45 26 27 18 19 58 14 24 59 27 37 24 9 33 26 32 3 5 53 20 10 53 38 8 28 10 2 54 52 28 10 34 6 28 55 12 45 35 44 20 27 27 42 45 1 50 44 23 46 10 59 25 36 50 47 46 19 15 55 45
19 52 60 27 58 26 36 40 31 12 30 5 40 21 3 31 36 42 9 22 23 5 50 35 49 3 2 25 31 13 59 20 33 17 33 30 4 32 53 17 56 9 28 39 30 53 13 10 58 60 11 24 57 51 37 15 50 49 31 55 52 57 31 6 56 36 9 22 32 38 14 3 31 24 10 40 27 8 47 50 12 57 16 23 9 5 4 50 6 17 28 19 27 3 31 31 5 54 34 8
57 17 57 42 27 15 13 49 39 56 52 56 11 43 43 15 60 13 38 48 23 10 43 4 29 2 47 34 1 13 27 30 23 46 19 14 16 24 9 49 33 26 16 2 50 32 54 11 25 32 1 11 14 15 22 34 40 11 49 30 5 33 36 34 25 26 16 9 2 57 28 16 32 33 15 18 21 2 6 45 53 48 30 15 38 36 51 58 45 59 17 39 7 31 14 42 56 26 44 9
20 18 27 49 38 20 11 36 4 47 43 57 33 42 36 11 2 52 34 17 9 35 25 25 57 33 5 50 13 56 13 4 34 40 42 10 20 51 37 49 36 22 5 18 39 50 12 12 39 57 31 20 14 26 58 15 31 3 31 1 6 32 42 54 3 14 35 10 32 42 5 27 28 56 57 36 39 60 38 29 30 37 49 58 33 4 25 31 39 20 53 44 55 11 55 19 8 54 58 31
32 32 20 40 25 20 6 1 10 30 2 15 20 29 48 14 31 14 35 34 7 25 13 60 17 18 17 51 54 5 25 19 4 60 10 27 1 47 30 49 18 8 58 31 58 51 49 20 35 12 39 58 30 4 19 49 60 1 15 53 27 50 39 33 1 23 10 25 46 54 1 6 21 44 45 38 49 60 28 44 21 34 38 49 21 35 47 44 18 17 21 6 42 24 31 36 25 8 51 51
60 49 37 54 19 25 4 17 9 17 5 11 26 25 26 31 19 58 40 54 6 8 19 38 25 36 17 54 46 12 42 46 12 45 59 10 46 31 50 44 9 23 52 21 31 15 10 57 8 14 1 55 30 37 15 1 54 60 6 59 28 18 17 37 17 22 59 44 27 9 6 23 58 33 14 13 28 9 19 23 12 34 4 23 34 40 28 55 46 11 39 18 43 32 38 22 15 7 31 26
34 60 13 24 40 36 35 24 58 38 7 50 7 4 19 25 16 14 47 12 46 7 46 43 21 15 38 37 53 3 13 20 13 43 48 60 58 2 31 3 14 60 52 55 26 58 51 60 3 59 52 10 35 52 32 37 55 49 26 56 36 36 6 2 49 51 22 1 36 57 9 19 57 1 3 30 21 17 11 55 22 53 31 16 26 55 49 53 58 21 11 12 30 5 12 25 11 33 38 1
11 10 54 49 43 25 29 34 28 6 21 40 5 30 54 32 14 49 37 59 18 6 59 17 27 52 20 38 35 54 59 30 15 46 20 44 29 14 32 53 3 9 53 25 59 41 23 47 16 28 14 56 25 51 3 4 38 59 10 10 22 4 55 25 20 33 43 58 27 51 4 31 37 3 56 18 3 43 32 51 35 60 7 30 9 18 33 29 52 44 55 36 7 1 32 41 10 20 13 58
27 27 42 51 41 55 7 11 36 45 8 11 59 9 4 23 43 18 40 56 32 42 29 37 53 54 38 30 28 6 14 2 54 25 16 23 35 30 24 10 59 1 15 1 23 15 55 13 53 31 27 27 49 37 7 38 18 1 12 49 4 49 44 4 52 58 56 32 17 55 20 11 26 57 39 2 2 43 28 24 27 23 28 37 6 37 16 29 2 27 18 34 33 6 55 60 2 60 1 23
11 27 14 15 45 34 21 24 45 30 45 16 4 28 21 9 46 27 34 37 56 27 3 44 20 47 60 44 44 47 41 59 34 9 46 54 31 47 54 52 22 51 12 29 40 54 51 51 23 51 18 44 23 18 46 55 33 23 29 17 25 36 30 2 36 6 40 14 6 26 7 20 42 56 39 44 33 29 54 16 13 16 33 34 29 40 45 40 38 30 30 19 51 15 54 57 47 3 17 41
49 27 34 10 32 53 7 24 49 48 26 41 15 5 28 12 55 31 22 35 55 11 18 4 41 46 31 22 32 37 50 36 49 27 47 18 4 52 21 31 37 56 50 24 4 32 55 54 24 56 6 39 31 53 17 24 12 57 58 6 59 40 20 56 46 60 13 7 15 52 47 30 22 14 38 45 15 34 33 5 49 29 23 45 50 1 51 36 41 3 51 22 24 15 18 6 47 51 39 55
10 16 19 17 7 57 5 59 51 59 45 15 30 58 54 43 39 10 9 1 48 42 14 33 29 43 17 22 20 52 32 50 55 55 11 24 10 9 32 46 54 56 32 55 31 28 42 53 9 35 34 48 3 10 17 54 14 59 58 2 15 51 40 42 13 46 38 2 31 57 1 6 8 19 26 45 26 12 39 20 12 19 35 25 41 53 20 46 33 41 45 57 32 52 15 39 23 31 47 34
58 55 5 50 15 26 11 52 9 28 12 44 27 12 45 22 5 54 15 28 34 8 25 9 7 33 23 9 52 35 24 29 21 56 15 11 44 39 15 19 46 50 19 55 57 57 38 13 27 28 48 27 33 46 35 42 32 10 56 24 13 51 35 31 55 4 44 25 41 41 14 42 48 30 45 44 12 48 5 41 15 43 30 16 50 54 55 48 55 58 23 57 3 45 12 57 26 9 7 20
15 5 19 49 12 52 25 35 19 16 53 58 58 39 57 30 30 39 48 55 3 20 57 7 45 17 7 26 28 53 28 39 21 54 47 38 40 46 51 15 37 46 52 39 57 24 32 20 9 38 16 20 36 9 53 19 59 11 60 1 43 22 12 22 5 6 51 9 39 36 35 9 9 56 17 28 54 59 28 57 36 29 28 19 58 49 39 36 56 30 31 8 55 44 11 23 13 46 49 3
57 51 57 53 6 29 11 44 11 18 10 58 33 31 2 9 50 58 16 32 25 30 43 40 12 44 15 19 11 17 11 29 50 1 12 46 29 47 31 55 38 59 5 17 54 25 30 4 50 4 43 29 21 20 55 42 50 50 34 49 44 18 44 30 45 49 56 59 55 4 12 2 52 19 34 17 47 26 21 53 38 44 48 34 51 26 5 59 9 52 36 55 17 48 46 17 56 25 11 37
37 7 60 3 58 26 24 35 45 12 45 39 5 19 60 42 6 19 49 18 38 56 8 8 51 28 60 14 46 41 44 58 5 16 22 59 54 3 59 43 54 34 19 56 41 3 11 52 20 54 41 48 9 30 14 59 6 43 37 5 50 29 8 19 56 6 60 48 4 38 41 51 24 25 42 2 5 9 12 22 7 4 2 51 25 58 1 25 31 29 22 19 5 57 50 42 23 27 10 44
18 37 38 27 54 54 56 18 35 12 2 37 32 36 23 52 11 20 59 44 49 52 12 47 42 34 24 48 8 23 42 13 24 57 58 30 60 4 3 54 59 26 54 34 18 2 25 51 7 1 44 32 43 27 46 49 3 7 33 31 37 46 60 50 58 32 12 23 15 19 21 27 12 39 53 4 43 59 36 4 35 51 37 36 1 59 2 31 37 49 54 16 16 15 44 24 4 19 13 41
25 29 44 19 8 52 54 19 37 10 42 28 54 16 29 13 57 15 22 15 51 28 18 4 31 46 45 41 56 22 36 21 8 48 42 23 52 22 49 28 44 20 24 28 8 25 22 34 45 18 29 58 29 26 26 14 44 44 53 25 6 15 36 49 55 47 39 50 46 16 50 28 27 35 38 28 8 31 40 23 59 15 45 32 29 48 32 11 46 17 48 14 52 51 20 32 48 42 6 42
49 33 45 26 1 18 60 8 8 33 9 4 42 22 12 27 16 60 57 52 27 44 40 58 27 7 1 14 18 24 32 39 19 52 50 52 3 56 29 43 49 5 16 4 34 6 17 45 47 14 2 25 16 1 5 52 48 33 13 3 23 37 26 16 55 15 47 22 54 32 32 28 40 28 53 7 3 14 60 40 37 43 49 40 29 36 37 44 6 19 14 58 34 37 1 51 57 20 30 40
34 14 43 12 24 59 5 13 55 57 7 22 1 55 22 9 16 43 10 7 46 3 44 17 47 46 4 10 35 59 58 16 30 47 2 46 23 43 46 47 11 16 28 12 46 19 42 22 45 40 34 18 36 59 25 52 3 15 55 16 5 38 20 30 23 2 52 1 49 8 28 53 18 47 15 39 27 59 45 2 47 58 29 7 58 58 12 29 33 33 59 31 35 6 30 45 16 4 58 53
38 25 59 32 24 57 15 17 39 5 25 3 8 59 18 28 47 11 31 44 53 45 6 24 43 3 24 34 27 55 30 37 59 48 52 3 26 25 25 10 38 7 52 49 49 38 28 44 35 49 49 32 15 16 40 15 34 11 17 41 33 20 9 22 6 29 13 30 50 50 40 9 22 3 33 42 23 34 54 25 23 37 43 3 25 47 25 47 9 39 36 10 57 40 49 44 39 10 35 24
57 51 50 34 35 26 4 43 27 10 39 35 7 53 55 56 6 3 23 5 36 43 47 54 45 49 34 20 12 40 7 36 56 11 37 12 9 6 18 20 7 10 48 51 17 42 31 48 33 54 2 50 24 39 2 55 44 9 35 41 17 4 7 43 24 42 45 24 50 33 23 21 23 53 38 52 51 9 15 38 17 23 16 25 13 38 40 56 2 51 37 20 1 15 46 24 54 21 58 29
47 48 30 29 46 47 9 30 55 59 13 3 44 43 45 16 17 48 39 8 59 1 31 31 48 45 4 47 21 25 33 10 10 23 15 33 57 6 51 41 32 39 21 54 6 23 33 22 51 45 27 46 54 35 2 50 14 31 36 13 53 25 52 41 31 60 18 5 17 14 2 38 10 37 13 24 33 11 1 54 38 45 22 25 43 18 23 45 1 9 22 26 42 49 56 1 53 53 9 33
32 37 43 23 10 44 23 27 36 2 55 21 38 13 23 23 31 38 53 43 56 4 58 7 50 36 56 10 39 11 16 26 57 8 6 18 40 8 15 10 39 33 54 33 19 40 25 49 12 25 33 5 60 29 29 3 39 8 7 56 52 3 19 31 36 21 22 58 7 36 34 18 57 39 6 45 37 50 50 42 30 57 4 37 12 31 18 38 46 21 52 53 23 2 57 40 33 17 39 10
33 11 46 17 43 32 56 10 34 56 3 5 21 21 12 24 43 26 57 9 22 48 25 17 7 23 43 8 53 55 10 59 23 21 4 5 3 36 30 38 7 33 49 24 3 47 31 6 26 45 25 46 2 30 12 14 14 57 16 15 27 37 39 15 48 50 18 7 51 21 5 51 10 31 8 46 19 1 34 18 16 7 13 49 34 7 7 39 58 18 11 47 34 19 45 6 9 42 37 23
40 23 4 48 16 5 14 4 41 25 39 28 56 14 43 26 48 54 34 48 43 35 3 49 33 55 30 45 32 14 31 41 23 34 55 17 50 14 22 42 41 32 15 28 6 51 30 58 1 23 49 56 7 22 39 44 37 48 16 12 43 56 6 51 59 55 27 13 3 58 57 2 24 18 3 60 56 9 31 47 56 53 7 5 25 22 48 47 47 1 13 11 51 37 29 18 7 5 31 43
50 57 18 56 38 12 14 56 2 51 16 32 8 29 34 42 41 8 29 1 3 29 51 16 47 51 41 41 44 53 21 1 59 56 18 21 46 19 47 21 8 17 46 5 15 15 9 38 10 6 15 52 26 53 36 22 18 19 17 48 21 33 48 44 45 6 54 18 22 41 22 6 14 28 32 16 26 24 58 59 55 60 26 28 21 48 46 22 36 10 37 10 24 22 24 19 43 8 12 39
31 5 19 10 49 46 11 11 15 1 38 14 46 50 15 19 27 20 41 56 43 46 59 34 50 49 34 30 60 3 34 13 48 33 17 10 5 26 46 22 5 40 43 41 37 35 21 3 27 2 49 30 27 2 52 28 30 48 33 53 52 3 29 40 42 25 59 42 43 31 10 14 35 42 46 41 47 45 14 47 59 25 57 34 8 37 22 52 36 33 22 47 25 10 25 27 53 28 32 32
34 20 35 58 27 47 54 2 20 49 21 10 34 44 46 34 13 29 53 52 37 56 12 29 43 30 58 29 12 35 41 34 33 24 56 38 51 39 31 19 14 45 5 7 9 13 14 11 14 60 43 6 59 17 27 25 23 19 60 38 39 39 33 15 41 33 40 24 44 37 56 35 31 59 25 15 41 48 51 28 33 45 57 18 3 2 22 58 56 24 20 8 49 36 20 31 56 40 22 20
32 33 12 1 31 49 22 50 10 6 45 39 45 42 30 26 43 11 56 29 40 46 33 53 52 23 13 56 40 37 6 13 2 57 2 13 42 10 1 4 56 44 7 56 56 56 10 8 8 16 39 33 57 31 13 5 30 32 56 17 12 41 2 55 25 2 47 44 21 43 46 16 19 25 43 38 25 45 20 8 47 29 37 8 51 24 31 31 58 25 56 21 56 10 12 41 8 38 16 39
