100 50
10 1 6 7 40 35 15 58 57 1 34 42 47 59 14 55 27 4 9 23 5 39 12 1 21 54 34 35 54 9 36 19 30 25 36 1 23 33 3 40 36 5 6 59 19 59 57 34 59 36
36 40 15 17 57 47 18 5 20 39 38 18 54 25 17 27 15 10 9 19 40 52 58 51 3 23 36 60 58 29 20 32 59 44 25 6 28 11 22 43 59 21 23 26 1 56 46 27 48 53
38 38 59 58 11 16 37 38 11 58 52 34 19 6 43 43 51 5 10 29 7 49 36 6 14 39 28 17 43 17 41 41 5 51 47 37 39 45 24 5 47 29 5 35 39 13 31 45 59 12
55 48 6 26 5 31 60 22 42 28 32 42 13 33 28 21 27 50 33 7 3 26 34 46 37 4 59 7 27 46 56 31 36 26 57 60 39 28 14 20 15 37 19 10 27 46 60 22 21 13
10 42 25 35 46 23 9 5 49 43 17 30 1 55 57 7 32 36 8 21 60 59 39 12 9 16 22 5 1 20 11 45 48 54 42 54 21 47 14 23 29 52 10 51 34 8 47 32 21 8
48 12 16 13 59 13 1 21 58 27 58 42 47 9 9 26 41 6 48 22 41 41 45 18 42 13 8 27 44 8 3 32 18 19 38 26 59 3 53 45 36 15 37 3 9 34 8 48 7 20
58 3 3 41 41 31 29 24 40 2 26 3 13 56 58 9 1 49 3 39 42 42 59 20 35 39 9 8 43 5 9 17 48 48 10 24 8 34 51 56 46 17 46 40 6 13 25 25 39 55
26 43 9 22 11 11 3 59 36 36 11 55 29 14 51 36 27 22 22 18 40 42 51 19 48 1 58 44 28 48 59 31 53 4 22 22 36 21 37 32 40 51 52 42 28 3 15 41 7 19
17 16 43 60 40 3 41 57 41 30 46 4 34 48 4 60 43 1 54 33 38 26 56 58 2 52 28 57 44 57 13 60 41 20 27 36 42 38 60 15 30 38 12 33 24 31 16 39 23 7
18 49 55 18 6 42 40 9 42 6 18 56 3 41 1 17 28 53 45 27 8 54 7 23 3 13 27 10 16 29 35 40 37 16 23 33 60 46 1 10 35 18 10 56 47 49 49 44 20 8
35 29 5 31 29 22 30 37 37 53 22 2 20 5 17 8 5 15 9 31 31 50 31 4 48 1 38 1 39 57 22 55 42 10 54 12 40 43 27 46 9 59 50 7 25 54 21 27 37 44
45 28 48 3 7 48 11 11 49 29 29 33 58 6 21 26 47 20 56 25 40 55 39 45 49 2 4 19 34 49 32 29 4 27 51 20 33 39 25 45 26 47 7 56 12 7 29 57 28 8
52 46 41 49 18 42 14 51 13 12 25 57 23 47 30 37 35 22 50 30 22 45 26 54 6 50 45 9 55 3 39 57 44 7 60 16 28 45 3 37 4 23 43 57 2 9 25 33 24 23
40 9 43 29 10 44 21 43 29 4 13 9 30 39 12 45 54 16 4 19 45 28 37 31 20 50 4 31 3 9 57 43 53 53 5 14 16 1 40 7 60 1 43 26 11 28 44 55 48 28
1 9 41 14 18 56 22 51 14 12 53 39 12 43 26 10 4 50 46 43 7 39 11 60 6 27 46 4 31 4 14 12 50 22 34 24 4 15 39 8 28 60 16 10 49 6 39 26 47 20
30 40 13 21 57 11 60 16 13 30 50 42 2 22 23 3 11 54 53 36 51 17 15 52 59 60 9 42 51 39 59 24 45 23 13 12 54 27 36 31 7 54 45 9 23 5 50 15 56 11
16 23 40 21 9 26 60 5 54 16 52 41 30 58 1 51 1 37 54 54 8 4 39 23 11 15 13 52 48 41 13 49 51 35 33 24 57 38 36 34 54 29 58 59 16 12 5 32 40 49
53 57 31 30 29 28 51 4 38 19 13 21 29 20 44 58 40 51 16 54 56 60 40 50 34 49 50 16 2 11 38 2 8 31 6 1 51 8 57 24 37 43 54 20 35 45 52 2 29 6
49 33 5 7 33 17 46 44 58 13 8 11 57 7 4 38 28 5 22 36 47 31 19 10 27 17 16 8 31 7 24 13 24 50 50 6 13 16 30 57 27 39 47 46 8 27 21 43 24 53
22 56 8 48 52 35 35 1 16 59 27 9 53 16 14 34 4 37 23 56 6 1 45 11 9 46 7 9 18 43 51 50 27 12 48 21 52 30 59 10 12 1 19 58 29 54 59 55 46 24
46 30 22 35 49 58 60 18 42 32 39 52 40 33 9 40 22 46 28 41 60 47 35 22 58 37 35 34 32 15 32 14 37 5 58 35 25 34 34 18 34 5 41 54 1 11 29 20 28 3
19 40 60 44 26 30 12 16 60 56 56 46 3 54 12 48 39 18 31 26 41 57 34 1 12 16 9 50 18 57 5 20 20 45 34 44 53 33 35 40 54 22 18 20 36 1 12 60 58 29
22 5 10 53 3 22 58 39 8 59 28 38 3 12 27 37 24 26 55 27 30 59 59 57 20 44 36 31 5 36 35 41 19 34 37 58 34 16 42 48 14 18 47 39 9 55 25 22 6 44
50 27 15 22 55 25 43 38 32 33 39 42 21 53 48 43 36 13 17 22 27 4 7 35 35 8 10 8 23 51 35 29 3 23 17 18 22 56 51 1 14 6 47 16 25 36 6 46 12 6
55 30 30 25 46 26 57 13 25 52 58 40 25 53 59 15 36 33 56 41 49 20 14 57 16 59 34 44 46 1 48 20 19 8 56 10 28 51 44 48 16 33 24 33 12 37 41 25 34 13
27 47 59 44 14 33 14 26 6 49 53 17 43 30 52 19 58 27 51 7 7 59 45 1 4 36 10 30 33 28 4 27 40 8 20 9 30 37 48 17 20 25 1 17 39 55 25 26 21 14
51 18 58 58 41 44 46 35 5 42 19 59 45 8 24 9 41 28 17 50 58 56 22 2 18 30 8 18 44 11 45 25 48 49 37 48 28 43 53 16 33 15 47 27 54 35 47 16 23 41
23 4 34 28 57 20 3 7 28 40 26 17 6 58 21 23 57 58 33 11 18 20 47 8 57 14 31 22 49 50 42 54 48 56 51 8 7 15 26 27 11 35 5 42 25 13 18 9 18 14
44 54 2 16 26 52 34 12 32 7 57 53 37 21 56 19 47 20 50 24 42 15 15 1 43 14 48 21 12 57 41 1 38 42 17 25 57 25 28 3 53 11 7 13 16 42 31 48 25 4
52 44 44 56 44 43 59 47 25 6 34 42 24 45 45 48 12 18 54 43 26 32 48 6 57 56 10 32 48 53 23 42 17 8 58 27 13 32 3 5 51 47 11 40 23 21 29 51 43 49
55 59 44 49 15 3 52 13 39 35 30 9 14 36 21 13 52 49 26 9 56 7 43 58 9 1 26 1 33 37 20 60 40 32 34 11 22 15 14 28 19 35 38 17 10 21 52 56 25 48
20 10 60 20 37 58 13 13 18 36 10 49 3 27 21 34 12 38 59 30 55 21 39 20 27 36 11 48 15 41 12 50 36 59 39 43 23 37 30 23 35 2 15 38 36 20 36 32 56 9
45 38 43 13 44 54 8 8 39 46 11 30 22 15 21 28 20 18 12 15 42 11 48 58 28 51 59 57 43 11 44 10 27 13 1 2 30 16 18 53 40 52 9 28 3 49 5 59 54 24
42 41 12 25 12 13 19 36 32 58 27 39 53 52 45 55 3 14 55 44 45 16 16 31 33 41 27 46 28 50 34 52 19 32 25 41 3 56 47 25 20 29 37 32 41 17 3 34 1 53
14 59 8 56 42 13 5 5 42 14 24 42 4 33 38 49 14 46 30 25 2 42 17 1 41 52 58 11 58 20 37 16 12 35 8 49 6 37 15 15 59 34 9 55 48 35 23 51 18 42
25 15 44 32 38 36 30 55 16 29 5 48 2 3 44 1 27 11 33 11 51 57 5 55 54 29 50 57 1 6 58 39 30 43 3 48 12 39 6 51 29 52 34 41 29 5 41 29 41 52
3 47 27 2 45 44 15 60 3 21 42 58 59 33 46 34 23 26 2 34 26 5 18 31 28 13 17 40 27 3 32 21 51 29 4 11 14 15 7 42 57 26 49 34 53 26 4 19 40 41
9 9 49 10 42 36 33 9 28 34 32 13 8 17 37 16 4 11 28 30 23 31 2 59 57 44 38 50 24 12 36 55 49 20 50 46 8 21 25 11 5 33 12 28 19 35 54 22 29 54
33 20 2 54 34 38 2 19 30 9 60 43 37 4 8 52 14 19 8 46 2 34 6 46 8 25 38 41 26 42 54 36 35 31 17 4 11 34 23 13 6 33 24 5 29 10 25 9 58 59
50 9 3 46 7 43 20 14 56 3 18 18 50 11 35 37 45 7 20 49 18 38 1 19 2 19 58 28 31 55 12 37 4 42 46 26 16 46 26 56 29 2 48 25 45 46 34 31 37 42
55 19 39 38 59 33 10 26 44 46 21 48 42 49 44 41 36 5 6 24 44 13 13 23 27 22 38 1 40 48 17 39 39 15 24 52 8 54 20 14 24 8 2 34 25 15 22 34 10 16
40 44 36 33 32 43 45 55 32 54 25 35 6 24 5 5 58 31 48 60 41 31 33 55 47 28 40 52 34 30 16 49 16 4 7 2 55 32 30 47 2 42 24 6 20 31 50 46 7 10
48 44 31 43 9 48 1 12 25 26 51 15 12 53 41 50 28 2 58 4 18 4 46 45 17 49 1 25 37 23 51 54 48 35 55 36 25 19 21 52 34 42 26 33 4 45 44 32 21 13
8 18 29 59 47 33 16 44 52 43 21 49 25 39 22 22 57 24 24 51 22 7 33 3 48 22 49 47 31 17 30 24 42 38 55 11 8 39 30 39 30 55 49 15 9 28 56 59 34 21
25 9 14 49 16 15 4 23 3 17 17 51 35 50 10 38 27 11 41 20 56 58 2 25 38 34 25 39 13 55 22 9 47 51 53 41 4 1 29 18 6 60 20 8 44 42 22 54 14 43
16 41 23 21 29 53 7 2 32 8 24 29 14 2 8 5 50 41 38 23 40 2 41 27 12 20 26 54 43 15 8 58 58 16 51 21 60 31 17 57 1 20 55 29 45 46 21 52 48 19
42 25 8 44 42 38 16 22 53 35 9 59 4 43 52 7 35 45 17 9 37 7 32 52 2 3 10 3 56 1 31 14 60 20 58 30 20 30 33 22 23 48 29 24 28 48 7 37 7 18
46 5 2 22 24 58 13 49 3 32 33 47 1 31 8 34 14 53 42 35 35 43 58 50 2 15 16 54 58 13 21 28 59 20 54 57 5 53 53 58 18 40 36 37 25 25 14 24 21 5
39 17 1 15 27 13 2 24 12 8 44 54 46 26 15 42 42 39 15 14 17 41 51 21 47 8 4 33 28 3 51 58 21 22 6 48 56 40 15 31 18 21 9 3 27 50 56 19 6 35
27 42 45 15 60 31 41 22 25 54 31 51 16 49 23 11 22 4 18 54 17 2 19 30 17 56 35 34 35 35 55 2 55 57 15 38 32 26 6 37 9 11 37 50 34 27 10 36 20 34
24 35 33 6 52 21 40 32 16 5 56 11 2 45 21 50 33 44 37 14 40 5 20 5 43 4 22 60 3 39 4 24 48 23 43 56 23 29 8 3 14 43 39 12 56 49 32 19 58 25
13 28 48 54 5 50 26 23 29 8 22 34 12 19 22 42 47 36 17 55 8 57 52 22 15 45 23 42 20 11 40 5 53 53 10 44 32 3 8 34 33 35 4 17 46 45 10 31 15 53
7 30 53 28 12 56 37 18 15 14 16 53 30 53 26 11 35 36 10 1 35 11 50 51 39 60 11 49 29 42 2 2 57 57 57 21 8 31 2 40 31 10 60 7 22 38 31 10 26 14
16 26 22 12 46 39 25 15 51 17 55 47 26 47 3 40 2 29 6 2 10 60 25 23 48 51 45 22 43 41 23 35 6 56 38 32 47 12 14 18 47 47 41 29 21 26 31 43 26 27
18 50 13 29 33 27 53 51 16 36 8 45 12 18 9 5 40 1 50 29 15 13 26 39 14 9 43 44 23 15 56 21 57 8 8 38 34 41 60 27 13 52 2 43 10 7 18 6 7 33
1 26 21 52 44 36 40 37 31 49 38 53 60 7 19 33 32 33 3 58 17 21 13 52 20 18 38 41 41 11 4 15 50 10 60 56 44 35 55 24 27 49 30 41 10 1 10 46 52 30
27 21 9 57 9 55 35 39 8 44 21 32 1 2 21 43 9 40 23 7 33 1 21 4 55 58 14 25 57 53 45 11 48 59 34 35 35 40 44 5 30 13 19 39 39 58 36 21 31 34
27 38 7 49 22 28 56 13 1 25 45 52 15 7 8 4 43 50 56 43 29 6 33 18 18 52 49 25 14 56 29 38 14 1 52 42 14 3 23 35 32 53 24 2 50 32 42 56 19 6
60 45 30 22 11 24 30 34 51 52 50 28 25 1 50 2 31 37 38 35 28 16 27 36 34 22 17 49 35 54 56 58 20 33 55 56 52 13 48 10 11 30 45 54 36 17 45 16 22 58
37 32 23 15 25 38 38 3 30 58 58 4 53 53 51 15 26 52 14 23 12 55 47 6 55 60 9 37 50 24 33 8 28 30 43 48 48 36 60 51 32 57 37 3 40 31 13 45 27 16
55 25 12 12 60 22 4 28 54 55 46 60 60 3 59 42 56 8 34 43 38 23 52 50 58 60 22 39 60 26 57 37 43 33 20 11 19 12 40 28 28 27 2 22 59 30 7 54 13 10
50 32 37 5 24 9 27 27 5 24 19 24 56 45 41 12 19 6 11 29 13 58 31 6 18 24 13 31 5 40 46 24 45 17 19 12 17 30 49 53 59 48 20 12 21 2 2 43 53 18
8 22 16 47 35 35 6 45 33 21 4 11 58 23 4 42 43 59 22 30 9 6 43 58 8 33 10 59 51 45 31 60 49 11 48 54 46 47 49 30 34 60 58 17 11 40 12 27 35 34
44 16 32 31 6 18 21 56 18 30 24 57 30 8 33 10 59 56 5 30 10 47 34 3 46 7 49 46 38 51 40 59 58 6 2 17 18 38 48 29 30 55 29 3 45 43 10 21 6 39
36 44 35 21 58 22 13 44 25 40 55 51 35 51 47 4 48 26 6 5 32 36 38 18 26 32 43 18 15 17 10 24 32 38 45 4 51 45 23 25 58 14 3 6 30 46 6 57 38 26
56 14 28 6 7 26 38 8 37 6 55 49 16 27 42 21 35 48 42 8 49 33 49 51 37 27 40 24 55 13 58 22 10 33 23 43 39 9 18 22 22 35 20 10 34 18 39 44 40 54
18 22 51 55 6 58 10 7 2 24 52 55 26 20 18 4 48 13 55 10 40 6 19 52 60 33 17 29 49 34 6 51 20 8 49 44 46 46 31 28 7 55 20 57 49 44 40 17 43 51
19 28 41 59 60 2 7 17 53 32 52 13 58 25 5 6 39 25 28 43 28 20 7 12 12 9 42 60 11 27 5 30 49 1 24 32 8 5 8 19 24 54 20 33 37 41 24 19 30 3
2 39 6 25 27 29 25 24 52 39 58 8 48 19 16 14 6 8 32 2 16 17 10 3 27 27 6 31 18 57 49 34 20 46 6 7 32 35 37 35 6 10 47 3 7 10 8 31 30 3
46 41 21 56 10 52 11 40 21 56 50 28 32 57 55 49 7 11 24 51 49 29 44 50 28 6 49 42 22 2 41 58 29 49 43 11 58 54 36 55 37 23 59 17 49 54 5 10 21 21
1 10 22 59 48 8 24 33 34 44 26 41 10 11 19 46 32 28 37 6 10 32 48 14 1 57 44 46 24 24 11 55 45 37 42 52 55 9 35 28 14 42 6 3 55 4 11 46 25 33
24 39 42 16 51 48 52 53 3 11 53 18 30 17 34 3 51 14 35 3 53 9 54 46 43 23 39 52 54 33 39 5 22 59 8 41 50 13 53 34 10 4 5 18 19 53 52 6 8 48
56 16 29 48 12 1 5 11 56 5 37 30 16 16 58 23 49 8 57 20 46 36 54 24 10 5 19 8 51 35 37 53 54 58 46 56 57 20 44 22 3 42 29 11 56 44 34 17 1 59
50 52 2 19 21 8 5 47 1 41 4 17 4 14 5 9 15 13 1 34 14 11 30 41 29 31 24 9 37 34 4 31 24 17 45 54 27 9 1 38 35 58 26 58 59 34 7 45 3 21
8 38 40 54 40 37 37 18 23 39 2 24 35 14 32 39 31 19 4 34 46 27 1 52 58 59 15 54 54 15 44 6 46 48 48 37 6 55 56 34 56 55 4 18 20 34 28 11 29 48
2 5 40 23 31 28 16 39 58 20 48 23 44 47 12 19 53 32 53 44 39 38 18 20 41 6 34 25 39 2 3 47 48 45 42 14 20 54 36 23 31 18 45 30 50 46 47 57 3 39
38 6 16 32 28 45 40 31 9 4 56 17 60 42 57 22 16 60 22 18 47 52 9 18 38 36 54 31 8 55 50 30 27 52 59 5 45 50 48 23 45 58 37 55 38 7 19 13 34 3
13 30 54 24 47 27 26 49 4 34 25 7 42 43 50 1 54 23 54 26 58 40 56 60 10 7 56 47 48 5 49 54 35 19 8 18 32 16 54 36 15 21 24 34 8 10 37 4 40 11
59 4 33 25 55 20 4 20 15 28 12 49 47 45 38 52 25 27 34 20 19 45 4 31 22 33 5 54 6 37 40 3 49 33 27 44 52 16 22 34 2 26 41 44 24 60 37 23 32 60
23 9 10 31 6 51 51 29 49 36 10 5 7 29 14 37 12 13 10 42 49 13 11 52 33 41 17 46 4 21 15 42 21 13 14 39 6 42 41 47 51 44 29 49 15 14 32 16 33 17
56 20 30 39 12 24 33 43 12 23 22 27 22 11 58 30 47 31 56 48 45 46 48 45 31 18 38 30 35 24 53 19 34 19 16 53 44 36 49 20 27 22 19 15 27 31 58 4 55 37
39 23 11 47 48 55 46 58 31 7 41 13 7 14 16 46 51 11 54 47 5 9 33 33 23 57 49 51 37 47 34 33 2 10 30 49 5 39 57 3 39 16 50 57 56 50 33 1 24 30
51 18 54 11 38 34 9 42 27 46 21 15 52 19 24 50 38 5 19 19 20 18 57 17 50 37 34 2 36 51 9 8 32 48 35 53 16 23 42 26 20 26 19 46 4 7 24 4 34 27
10 33 1 19 31 35 37 57 8 41 19 1 15 53 29 17 10 57 26 36 23 12 32 4 52 59 36 15 47 8 36 34 40 13 39 28 42 27 39 15 7 46 46 17 8 47 11 30 20 46
19 35 37 2 55 20 11 34 56 53 25 28 22 23 43 6 59 26 14 5 19 11 23 42 12 46 10 22 45 37 39 52 43 59 17 5 4 19 2 52 2 32 29 15 50 44 43 42 6 1
43 26 2 28 34 43 49 22 25 3 11 17 5 49 2 49 14 11 43 50 32 5 25 39 8 44 24 43 53 2 47 45 29 27 17 30 8 51 13 29 18 18 46 1 26 28 18 41 33 20
12 41 58 52 23 1 54 34 52 20 60 28 24 54 55 15 50 20 32 45 31 45 42 16 39 47 47 26 17 10 12 3 49 20 33 55 15 26 19 42 8 21 16 50 51 27 32 53 17 46
12 17 32 57 20 33 1 49 18 21 54 43 49 46 14 23 14 39 22 25 60 22 38 8 38 30 38 58 8 1 45 24 34 14 33 59 50 25 7 3 21 14 7 41 59 36 30 28 6 31
55 26 30 6 54 46 15 38 18 36 14 14 18 60 45 52 10 37 23 47 36 14 20 27 18 47 46 33 24 51 30 57 11 22 11 52 30 38 52 38 28 39 2 51 26 32 31 37 1 13
47 28 2 50 60 1 3 33 46 50 21 52 43 45 45 40 16 16 55 34 53 54 39 41 32 10 8 43 35 7 53 39 17 50 12 37 18 49 30 40 9 50 31 10 48 2 35 18 31 29
8 32 44 27 5 52 42 5 33 58 58 30 43 23 38 48 41 11 32 57 16 55 14 57 10 24 33 2 45 37 51 51 22 34 51 26 10 17 5 6 6 38 1 8 9 6 7 8 38 50
23 14 16 39 19 34 39 31 17 22 44 59 14 32 9 60 59 43 4 53 10 2 13 1 18 26 60 42 4 1 42 28 18 30 60 7 28 55 8 15 56 18 6 3 9 6 4 27 27 18
41 48 3 12 32 39 3 9 1 48 6 40 57 30 12 49 12 8 46 8 28 22 53 16 53 46 8 52 12 15 50 6 19 5 45 45 44 4 15 56 37 1 10 29 21 29 18 21 21 46
22 54 17 7 12 27 14 3 29 40 2 27 48 17 18 1 19 7 42 33 13 39 59 16 31 5 7 39 36 34 14 4 46 36 5 28 33 54 50 56 56 39 46 18 4 48 52 43 54 25
39 30 46 6 25 9 54 23 32 2 8 38 60 51 34 53 5 26 26 1 22 50 10 3 12 26 30 3 28 38 43 2 55 59 4 3 57 20 31 10 3 55 30 10 5 29 37 8 46 18
8 60 42 19 27 40 46 12 23 19 55 26 53 23 18 47 26 44 27 60 59 5 14 20 49 25 50 3 46 17 44 37 43 23 54 13 1 46 3 44 21 36 8 23 49 1 49 1 17 34
27 27 11 41 59 23 13 59 28 46 43 21 54 51 17 46 26 2 52 17 48 9 18 42 45 9 32 20 3 2 2 58 7 23 40 3 33 55 52 48 7 28 23 34 6 43 50 55 9 26
37 32 45 39 56 52 19 42 29 47 8 30 50 23 54 58 7 25 7 48 34 21 49 37 49 33 11 24 47 41 58 54 40 28 34 52 6 41 39 44 39 20 44 53 21 20 11 37 18 3
55 5 34 24 25 40 58 50 15 3 30 20 38 18 7 58 44 49 39 14 54 29 47 38 44 1 31 16 22 50 58 16 57 21 55 29 60 11 21 59 32 2 24 15 17 28 56 59 48 53
42 21 16 33 52 20 48 20 30 55 48 30 26 17 3 36 14 57 39 14 7 50 48 47 53 54 7 27 27 9 3 20 57 18 60 57 12 10 1 46 57 51 1 58 39 7 24 12 10 36
