1500 5
23 60 49 18 27
22 13 44 38 8
51 42 38 18 60
13 59 21 59 49
32 12 30 20 52
26 9 51 59 9
57 57 57 10 32
29 36 31 19 56
58 24 12 53 20
27 29 53 23 51
10 2 25 42 8
15 38 3 36 15
43 41 21 36 16
35 59 16 28 39
3 48 36 31 34
38 23 36 60 35
34 24 54 11 7
25 54 49 23 54
36 29 28 50 19
60 42 29 5 1
20 44 3 1 35
20 10 32 20 43
11 55 29 30 10
26 26 16 1 2
17 6 27 18 60
19 33 60 12 19
2 45 42 50 29
39 52 48 51 3
36 22 37 22 11
55 60 24 46 36
25 39 30 6 40
48 40 15 53 8
21 2 35 28 39
56 14 11 18 35
13 24 43 33 16
23 13 44 34 54
17 36 15 52 8
25 15 37 7 1
29 5 5 32 27
12 18 50 36 20
55 14 27 1 40
47 38 10 15 37
4 43 4 24 38
22 16 13 10 15
4 48 49 4 45
41 14 53 36 29
33 34 53 22 1
34 49 36 22 25
24 22 37 32 7
32 36 41 57 53
54 4 9 6 21
39 58 36 30 44
40 19 24 44 45
22 53 43 19 40
46 1 27 41 59
5 17 2 36 31
18 23 5 26 17
50 3 11 10 23
7 57 21 28 46
9 57 22 52 45
43 27 50 43 5
12 18 43 54 36
53 8 47 33 8
8 7 45 9 29
6 38 31 6 46
52 43 23 37 46
19 21 41 47 10
14 44 16 18 60
32 14 30 1 39
42 7 19 34 11
12 56 1 12 32
51 20 10 9 11
13 23 45 25 60
13 59 8 57 48
4 15 16 43 50
20 29 14 48 29
12 34 26 24 45
17 36 34 23 32
58 2 17 42 12
29 39 25 15 20
8 43 36 7 25
32 2 52 17 13
46 57 5 28 46
47 12 27 4 30
26 24 18 52 40
58 56 3 19 53
59 45 51 14 60
39 45 44 29 14
7 25 29 37 21
37 59 49 35 6
2 1 57 19 48
27 10 38 15 9
37 31 47 23 44
49 34 7 46 55
59 55 43 32 8
25 5 15 18 29
44 57 17 32 33
18 38 33 39 16
22 53 19 8 35
18 25 14 58 57
19 24 25 37 5
59 19 22 48 34
6 10 1 30 27
17 33 42 43 54
3 4 17 31 32
27 53 17 16 16
50 23 1 12 59
35 32 15 24 55
31 36 60 26 43
25 43 38 47 47
39 58 38 18 29
3 60 29 51 1
24 56 34 37 45
17 30 1 24 30
43 56 5 32 17
11 11 49 36 38
27 17 11 8 9
19 29 9 59 5
55 25 57 3 8
23 57 47 57 25
60 14 31 3 57
54 40 30 28 24
22 54 32 11 37
41 11 16 7 29
57 51 7 25 49
12 21 50 60 25
35 23 59 19 39
26 20 36 27 22
12 1 11 18 51
38 47 50 53 41
20 43 4 51 34
47 50 20 1 54
60 59 26 45 13
5 38 12 11 32
7 41 6 48 41
3 32 38 2 32
41 43 38 38 59
39 17 42 18 35
49 1 18 16 19
59 8 48 15 4
50 45 35 55 25
56 8 44 49 53
18 24 42 1 23
26 23 23 19 46
4 12 50 12 11
2 54 43 53 53
37 48 32 41 22
21 9 23 52 57
51 1 60 11 17
32 40 27 16 47
22 35 35 3 3
52 16 51 22 18
60 46 58 46 46
43 35 43 37 44
6 17 2 1 1
18 1 8 41 49
35 46 53 22 43
32 32 11 31 21
34 58 37 43 14
10 42 42 42 50
22 32 8 10 9
53 47 4 58 12
54 28 60 34 42
15 20 23 22 35
40 54 40 50 8
55 20 11 60 16
7 30 18 13 52
5 38 25 51 16
12 52 42 2 25
28 57 33 25 59
42 10 44 10 26
38 28 48 19 15
11 42 16 55 44
42 22 28 29 36
1 60 10 12 59
47 4 38 46 55
54 35 8 39 12
60 23 45 40 56
55 40 52 58 36
30 42 44 41 4
16 22 20 33 31
27 1 17 41 38
45 1 51 57 12
45 2 31 35 18
27 17 43 23 33
6 50 22 7 25
44 29 21 6 22
29 4 20 29 41
25 6 28 12 44
30 56 22 42 53
51 50 37 40 49
26 31 8 38 15
58 37 19 51 48
27 17 9 8 48
39 38 60 3 43
26 36 34 4 24
10 31 21 39 52
30 5 39 47 26
53 51 55 16 37
20 45 23 10 51
35 54 39 35 16
41 36 6 1 19
15 7 27 11 26
25 43 56 23 43
47 23 22 24 4
15 32 42 28 8
55 13 49 46 58
58 1 7 56 55
14 38 2 53 34
53 37 21 48 54
8 5 2 2 7
48 4 12 54 1
40 32 56 3 12
55 13 23 12 44
44 30 55 8 58
24 2 11 46 58
34 46 40 48 31
57 17 7 1 27
15 17 49 55 10
60 59 1 29 46
41 9 53 51 8
59 23 13 34 47
45 2 19 36 49
3 5 28 49 13
58 16 27 49 9
32 51 47 2 24
55 23 2 30 53
29 21 48 19 49
20 26 55 10 12
6 5 16 37 26
10 20 2 17 17
29 55 42 9 55
44 48 34 22 58
12 18 13 11 1
50 7 28 54 38
8 53 54 36 41
60 28 41 10 50
55 29 54 33 47
60 18 24 35 11
1 57 43 31 1
43 28 51 30 43
58 49 60 41 47
31 44 27 52 42
17 52 35 55 59
7 16 53 20 59
52 35 22 59 19
41 6 3 56 54
47 14 52 54 42
21 2 58 7 24
1 57 32 39 22
40 44 18 50 6
3 45 48 14 26
2 6 3 52 15
46 12 37 10 31
29 31 36 4 42
41 7 33 38 34
9 5 52 31 30
28 33 34 23 50
45 7 40 38 16
15 38 52 37 41
53 18 16 7 22
29 45 16 8 23
3 15 57 9 16
3 26 47 2 39
17 26 18 12 41
57 45 13 3 46
11 53 57 21 51
23 36 16 13 7
44 27 21 51 41
17 32 39 8 29
4 13 29 3 42
23 44 11 59 22
41 50 13 9 38
54 14 11 48 30
19 18 58 35 56
40 5 26 23 35
20 15 24 21 43
15 54 10 9 45
38 21 17 8 30
47 43 55 54 56
41 59 34 57 51
33 12 54 5 43
36 29 60 19 18
15 36 34 19 51
28 6 51 4 29
8 36 54 18 41
33 53 13 37 49
22 26 23 25 50
48 38 10 28 2
50 54 21 26 7
5 43 2 39 2
26 42 57 20 50
2 43 34 49 43
48 25 45 27 49
33 30 15 22 17
41 35 20 13 59
9 34 46 59 51
4 58 14 54 13
57 1 56 4 20
40 23 23 44 37
18 30 48 12 11
44 22 6 45 24
17 16 60 2 25
42 26 47 54 31
26 42 37 2 21
19 39 44 58 4
19 20 54 44 13
52 21 3 53 40
8 5 57 54 58
9 31 59 46 56
6 38 18 35 40
48 49 53 47 45
56 53 5 51 6
12 33 28 57 1
53 9 2 38 8
2 24 30 37 16
18 13 1 11 5
56 45 2 29 54
47 8 51 28 49
35 45 34 45 1
52 13 9 34 38
5 40 11 21 17
17 21 5 20 50
8 47 6 32 46
2 12 38 58 10
44 21 43 7 60
39 17 43 51 36
44 33 57 37 11
54 27 8 19 54
28 18 12 33 31
46 38 47 49 41
47 60 34 26 19
45 12 2 21 56
59 26 15 42 24
4 2 47 39 8
12 38 8 33 42
58 15 48 12 5
13 24 12 30 32
24 49 56 53 53
30 11 43 35 31
7 54 38 16 22
45 49 53 6 36
45 36 16 14 48
34 20 12 40 8
41 22 2 18 53
16 17 40 4 27
6 52 23 35 34
28 25 33 59 47
32 48 17 27 48
6 51 58 24 20
32 40 38 50 49
28 5 25 18 34
3 46 33 58 47
6 51 17 23 14
3 17 7 25 19
43 40 46 3 24
26 3 7 20 52
41 13 49 25 10
48 50 50 28 58
8 41 53 34 45
1 45 54 15 43
15 19 58 24 33
16 38 38 20 43
5 48 21 31 32
33 7 3 5 47
4 2 10 28 54
37 30 30 24 59
25 9 12 31 55
22 20 7 23 1
43 46 27 31 52
32 15 53 46 53
15 4 54 48 60
44 35 7 20 55
13 7 38 43 32
57 17 57 44 59
11 20 53 59 7
53 27 47 53 60
16 58 41 31 6
45 52 21 39 58
23 45 57 33 36
24 20 9 17 35
58 43 34 31 22
44 53 43 47 5
35 54 49 47 28
36 45 21 46 59
25 28 31 23 38
15 56 39 56 6
44 11 44 2 39
28 53 39 59 4
6 34 7 45 46
21 23 53 15 15
12 18 15 12 46
58 10 38 58 4
47 41 52 13 40
43 42 59 7 54
56 3 18 12 35
48 30 8 41 59
5 22 12 10 52
26 9 21 35 55
55 52 31 6 43
30 34 28 53 17
39 55 15 27 10
55 15 24 11 38
7 6 54 6 43
42 4 6 14 41
54 1 1 32 60
30 6 25 14 10
15 34 55 30 44
1 32 60 7 23
53 16 55 48 43
3 5 46 10 51
29 29 12 37 34
30 39 18 9 45
40 43 51 54 60
44 2 21 56 34
8 49 10 18 56
4 4 33 33 47
46 37 47 5 34
49 54 6 41 38
20 8 10 35 49
42 32 52 59 13
31 46 43 46 25
15 18 57 2 56
42 50 25 1 36
7 20 53 8 51
14 20 51 59 37
47 23 20 38 59
29 3 25 21 23
9 43 29 21 38
12 48 14 60 16
50 14 41 54 26
19 18 59 26 22
35 59 15 5 58
13 15 40 53 26
52 29 21 10 54
5 33 44 26 2
37 8 28 5 23
37 47 15 8 39
35 59 49 11 37
10 22 36 27 16
36 37 28 12 60
2 56 43 23 7
11 57 57 28 13
45 41 15 15 8
35 47 41 38 47
41 36 22 21 48
19 30 10 36 34
40 48 39 24 27
27 2 12 56 28
30 5 37 2 25
6 22 48 59 45
3 29 4 58 11
36 6 23 13 3
40 4 16 56 36
41 20 7 38 57
54 32 60 47 51
27 26 49 8 31
36 31 18 8 11
58 40 21 47 30
50 29 22 51 14
41 4 20 34 37
49 58 28 8 14
42 28 45 14 31
14 2 45 49 38
12 20 35 18 4
54 51 35 54 58
54 31 36 4 50
11 37 39 28 4
26 6 19 54 20
2 3 15 5 13
14 46 26 33 3
49 40 27 38 34
44 12 4 40 58
1 50 11 25 41
33 13 18 3 8
4 3 49 16 13
38 36 12 36 6
44 29 6 59 6
3 57 42 8 55
47 16 9 16 2
57 18 3 47 48
2 27 16 36 25
47 39 26 13 48
51 33 42 50 15
57 11 23 12 5
20 37 43 31 17
20 34 14 51 9
23 39 20 57 55
58 44 46 53 12
28 58 23 59 52
5 39 38 23 34
10 40 1 19 36
38 29 52 49 33
32 30 26 18 32
36 21 18 59 58
33 15 20 2 9
55 39 20 18 10
23 41 51 52 15
32 23 36 6 10
36 17 54 14 19
49 43 16 42 38
13 8 26 29 36
9 44 39 51 13
11 35 48 14 24
57 28 54 11 40
20 26 1 2 55
48 18 6 47 18
9 21 3 26 40
10 21 2 3 45
12 29 22 46 22
55 37 35 22 21
16 38 47 52 56
10 5 20 29 56
22 30 13 25 53
21 46 50 47 53
60 12 54 52 55
4 24 5 8 26
21 29 51 45 46
25 43 47 52 18
52 48 39 20 13
1 38 24 4 16
23 58 17 18 54
9 49 1 12 51
41 29 16 32 51
43 17 51 52 29
11 16 41 21 35
1 20 34 37 27
3 24 31 38 27
13 21 41 58 54
21 20 14 28 31
20 37 21 35 51
31 51 50 14 34
57 33 13 12 13
41 24 29 47 26
8 9 4 43 21
54 58 41 53 39
19 47 7 40 27
16 29 47 25 16
34 18 4 1 58
7 21 32 53 34
1 47 1 25 2
50 57 19 33 3
59 26 51 29 8
32 58 9 12 46
41 44 59 28 56
4 23 12 15 36
40 25 26 10 38
32 39 59 33 59
47 17 57 32 34
6 57 2 60 28
28 59 39 36 15
44 43 30 37 56
55 49 47 29 16
11 46 34 7 58
4 40 55 24 33
55 59 45 1 48
11 10 2 53 21
6 1 5 60 43
43 15 9 43 44
59 22 56 43 5
50 35 1 23 54
8 40 54 49 41
40 34 4 29 37
33 37 7 44 9
19 36 4 10 37
59 31 11 24 57
21 12 16 13 54
48 1 39 25 36
44 15 20 29 35
60 21 8 56 20
18 57 35 17 12
45 48 56 31 16
60 32 36 8 56
30 27 23 8 15
12 56 18 50 26
30 49 40 45 11
49 37 34 2 58
58 25 5 21 50
46 41 35 6 26
13 38 48 58 9
16 49 13 4 29
2 51 34 58 52
40 29 45 28 60
13 1 32 49 3
17 7 23 44 34
46 29 51 25 54
32 47 58 4 34
39 25 48 13 20
25 6 17 37 38
1 55 13 21 20
34 53 19 41 39
41 30 19 55 39
30 20 18 43 60
8 52 32 35 34
44 51 58 18 6
37 55 25 60 19
5 57 54 36 35
29 20 38 28 36
2 37 7 26 25
50 10 52 4 57
36 50 31 54 38
9 18 18 6 10
48 49 56 33 47
3 10 4 47 56
22 44 9 22 44
24 54 38 2 18
38 38 46 43 41
58 11 44 20 54
13 12 42 26 27
18 16 8 38 12
21 58 26 3 32
12 35 21 29 34
39 31 10 35 46
26 42 7 34 39
18 30 41 38 56
15 8 10 56 44
45 46 35 1 9
28 37 12 52 16
9 30 13 53 48
7 45 50 43 51
18 27 31 28 44
52 31 44 1 13
6 21 26 37 20
33 43 29 55 6
33 4 8 29 2
48 59 5 37 44
33 28 14 58 26
59 32 33 7 15
25 52 26 47 54
12 23 23 2 53
44 14 28 34 39
31 14 9 17 8
21 54 37 38 28
15 11 1 34 1
25 53 47 17 44
39 28 3 38 26
4 44 27 51 40
15 47 42 46 14
42 46 59 48 39
49 19 15 36 59
35 51 46 49 26
33 5 56 13 55
54 21 1 47 19
30 26 35 17 48
50 22 58 23 44
43 17 15 11 32
22 35 9 48 7
56 34 22 52 35
20 29 16 21 49
34 59 24 52 39
2 53 19 57 33
34 8 1 28 25
45 24 56 44 49
33 18 2 51 9
36 22 32 39 36
31 52 21 44 5
6 20 33 52 14
38 58 23 41 42
48 51 53 29 31
47 51 27 16 9
36 23 45 59 30
59 15 4 10 32
27 14 58 47 55
55 11 18 29 2
30 59 35 42 49
48 15 25 44 54
50 36 57 10 7
14 25 30 50 30
39 59 40 8 11
9 28 5 45 14
14 33 59 3 50
43 50 34 60 18
39 34 59 43 44
9 40 5 15 58
48 33 31 8 7
44 31 23 20 54
32 20 29 14 45
6 21 12 27 44
50 19 17 54 53
18 21 59 24 12
37 3 48 49 22
2 42 14 43 49
4 16 21 30 20
15 31 2 60 55
41 23 12 9 42
33 35 16 15 3
41 48 25 13 25
5 4 24 14 33
6 8 58 14 10
58 13 47 45 8
37 51 51 51 49
30 13 41 56 10
4 52 58 57 43
45 2 5 7 50
40 28 38 30 4
57 48 29 58 5
17 45 18 7 32
30 57 38 17 8
33 11 53 22 38
15 23 32 17 2
52 25 19 45 9
29 49 21 17 51
35 7 1 41 4
24 56 5 25 34
26 7 23 52 31
40 49 14 46 50
15 53 6 33 27
60 13 38 53 4
22 17 16 24 39
60 51 28 40 25
25 60 8 6 10
34 32 51 30 31
22 30 21 36 8
51 56 23 12 26
10 58 1 41 37
9 45 57 1 10
50 30 26 35 40
15 13 34 38 18
1 18 13 7 53
17 50 37 14 60
22 9 13 30 20
50 16 25 42 47
10 53 4 43 28
48 40 11 53 11
38 16 15 23 59
36 49 31 51 24
17 28 39 16 15
25 16 12 11 1
57 50 57 17 26
41 27 11 28 18
8 47 60 20 23
21 18 32 43 1
22 7 1 28 13
35 56 29 36 52
26 23 21 35 12
28 57 1 11 17
46 14 30 25 57
55 51 2 51 44
27 2 29 6 21
47 10 23 6 19
14 6 40 54 42
23 17 9 4 15
28 50 20 45 57
52 29 37 54 47
2 28 27 32 50
59 37 20 50 34
56 45 25 41 19
60 46 19 14 55
50 47 10 58 3
16 46 36 33 28
4 58 23 8 9
11 16 33 22 55
52 25 22 12 38
10 3 52 33 40
3 5 36 27 4
48 27 19 40 2
49 42 39 13 1
56 17 40 29 29
5 9 52 22 1
42 15 43 56 14
38 51 60 4 29
31 40 18 39 20
4 9 9 55 47
35 60 16 41 8
13 12 30 9 60
20 37 17 57 45
46 5 48 59 35
31 48 32 26 11
45 11 42 40 38
51 8 32 14 35
2 26 2 28 13
20 32 12 12 59
1 41 33 6 10
6 32 13 49 44
51 31 25 39 18
9 32 11 40 2
31 36 40 5 47
29 28 46 40 46
17 23 41 47 19
37 44 59 19 8
12 27 39 39 1
18 25 56 12 14
13 51 28 25 31
3 5 41 58 24
48 20 32 14 60
29 36 2 10 8
15 35 33 10 2
4 48 1 7 21
40 20 43 24 36
7 15 53 7 43
28 47 21 40 28
3 48 11 27 14
28 11 26 48 32
60 22 44 10 8
49 4 37 16 53
8 47 26 29 57
40 14 12 38 11
3 30 5 12 44
21 26 49 31 29
36 16 4 50 6
23 17 44 31 41
44 54 53 35 35
17 33 36 48 41
52 26 23 50 50
42 31 41 34 8
21 9 46 47 19
42 3 3 4 53
45 53 40 32 58
17 44 2 37 56
49 6 41 2 8
4 9 39 54 48
28 41 28 50 33
59 54 13 60 19
34 25 26 17 30
54 30 60 15 19
18 18 3 28 42
40 53 50 1 39
21 45 36 36 40
1 1 44 1 24
36 11 42 2 59
10 6 31 27 31
56 56 53 31 34
4 25 28 54 1
19 18 8 42 46
56 25 36 29 30
16 59 14 5 30
33 54 10 24 44
42 51 41 42 38
51 18 5 43 2
32 60 36 16 41
13 51 57 36 53
34 21 31 13 22
7 21 7 58 49
52 19 52 26 52
40 38 52 1 11
35 49 3 2 29
4 39 35 60 41
14 25 34 45 28
54 29 57 51 45
7 56 10 44 44
4 59 22 57 42
45 21 41 2 28
44 1 52 33 13
31 47 58 36 52
30 36 9 30 32
4 54 31 39 31
28 7 38 47 5
40 32 32 4 19
39 37 18 17 1
30 44 19 26 3
60 12 25 51 11
52 19 59 37 28
23 57 4 51 16
50 9 16 11 53
56 15 5 3 48
57 29 25 20 50
41 51 38 36 25
28 54 36 18 35
28 7 59 50 1
30 39 9 48 20
12 15 43 33 39
57 32 3 25 20
37 53 11 48 7
15 42 46 2 31
25 17 14 17 60
15 43 16 53 13
16 30 13 45 30
26 11 22 56 37
23 19 26 10 43
58 12 25 17 39
20 43 10 34 36
8 18 44 31 55
25 30 33 17 53
2 31 60 11 39
8 17 46 56 40
38 25 4 19 33
2 39 56 17 6
21 26 14 43 49
55 53 20 35 53
12 8 53 3 47
46 54 16 12 33
55 39 8 46 20
44 33 14 49 2
8 13 51 48 29
19 7 43 57 27
38 5 55 60 41
58 22 55 60 2
60 48 39 30 20
60 37 29 17 1
32 29 7 24 32
20 31 35 34 51
23 51 11 52 26
24 43 4 60 10
58 50 8 38 34
40 47 15 2 33
53 37 19 17 25
29 27 34 36 60
42 39 56 5 41
55 8 21 58 33
44 39 17 7 39
12 56 35 12 41
27 35 34 46 13
28 27 22 43 30
11 3 39 50 22
5 39 39 45 21
42 52 44 36 55
42 1 49 47 55
27 45 52 31 29
9 10 16 40 59
7 28 37 22 40
43 57 20 35 57
37 28 11 53 45
35 9 40 50 59
41 60 7 39 11
24 11 5 26 13
46 33 40 42 4
33 21 52 9 15
60 43 37 47 18
20 37 50 19 34
14 45 24 25 30
5 11 41 28 57
34 26 60 59 3
59 38 13 30 34
10 36 18 52 7
12 4 25 44 25
42 56 21 15 32
7 35 56 59 42
21 40 49 50 43
38 22 5 60 60
55 32 51 59 26
55 7 51 26 44
46 5 10 24 43
2 22 17 11 47
34 51 11 40 58
55 8 60 43 26
43 32 33 16 14
49 39 50 12 21
41 7 15 56 25
7 5 60 8 33
38 46 19 31 57
50 6 9 11 1
19 53 43 57 51
5 41 27 50 4
60 15 53 55 54
30 51 59 24 10
51 39 8 16 21
50 32 9 59 44
17 16 10 1 47
47 60 38 60 40
31 17 3 28 22
22 6 28 17 46
25 3 37 55 7
52 34 28 19 53
14 1 32 5 18
58 34 5 47 32
40 19 24 41 37
32 31 52 39 37
36 38 17 4 11
44 43 20 18 19
16 20 6 18 11
45 8 8 26 45
17 59 24 45 12
16 42 34 34 32
39 23 15 32 57
19 54 42 25 6
34 12 11 29 33
32 21 49 51 31
41 51 26 21 40
5 12 14 19 24
42 1 18 52 9
16 19 57 33 1
4 44 19 55 52
12 20 17 57 14
10 22 40 29 40
57 24 42 44 9
40 58 47 35 18
12 2 13 48 60
38 17 25 56 46
27 15 58 59 37
9 23 52 14 31
49 38 44 36 24
22 60 39 47 36
26 57 58 35 19
57 19 32 56 14
3 53 48 4 12
10 45 44 17 15
50 2 18 17 37
55 18 1 59 27
54 40 14 24 11
30 22 26 7 23
21 11 57 11 51
31 33 59 32 23
39 22 17 50 12
1 12 43 4 14
21 25 23 16 25
42 44 45 54 51
37 23 11 52 35
17 18 18 28 20
25 52 54 19 51
13 59 28 46 31
46 28 11 29 32
24 36 5 54 22
56 53 11 7 26
49 59 1 45 18
2 48 6 22 35
37 35 42 38 40
9 18 45 43 46
1 17 24 15 18
8 27 14 37 42
49 23 55 14 42
43 16 4 2 31
60 60 49 44 45
37 5 25 57 54
27 45 54 17 58
58 24 9 56 56
45 46 9 51 21
5 56 31 34 46
17 35 29 14 37
11 12 35 11 11
8 56 13 12 25
21 38 37 48 46
60 27 14 8 11
23 56 44 33 40
46 16 55 38 31
22 40 22 50 34
35 60 22 8 15
22 35 19 6 48
44 54 3 14 46
47 20 50 10 16
49 55 14 38 50
24 31 26 35 41
27 12 38 3 27
38 40 4 37 49
43 11 47 21 12
26 2 19 10 56
10 48 54 7 4
3 23 24 57 47
22 55 38 2 17
47 47 17 5 42
39 45 10 51 48
20 23 49 28 31
6 38 13 18 30
37 11 30 39 12
21 4 38 43 12
32 16 6 15 17
15 30 12 3 48
20 3 55 27 47
16 5 23 36 3
5 59 28 45 52
5 30 60 41 40
60 21 25 28 5
34 4 55 43 5
49 18 29 14 37
32 22 43 40 45
8 57 41 23 21
56 21 38 35 59
45 51 46 31 27
50 40 2 55 47
36 37 3 24 18
4 28 29 5 13
41 20 17 7 21
53 52 1 27 36
52 57 29 18 53
33 16 12 8 2
33 53 43 51 9
1 41 49 11 47
53 39 44 46 30
52 38 29 30 15
37 37 36 14 6
28 6 16 26 41
24 21 39 18 30
44 2 46 17 18
42 55 42 42 5
43 14 17 10 52
27 19 27 12 23
50 31 36 10 53
53 33 50 34 13
32 27 16 16 36
29 43 3 54 14
35 33 19 43 4
32 41 32 13 41
12 54 21 12 14
8 5 33 19 2
50 27 42 44 51
27 11 21 7 42
47 54 35 53 60
7 20 6 43 58
34 26 16 32 4
34 51 17 54 38
58 32 16 53 4
47 33 29 3 26
13 15 24 48 44
22 4 51 54 42
45 5 25 24 34
45 54 36 55 20
54 21 32 11 3
17 23 1 40 42
28 19 39 27 3
40 5 24 10 46
14 58 5 5 45
1 25 22 31 9
58 38 40 20 34
3 9 11 11 29
16 41 16 16 25
3 20 3 42 43
43 24 25 52 57
29 18 40 41 51
59 41 39 40 54
47 39 8 34 14
59 1 6 31 15
12 43 57 50 37
18 6 49 41 24
47 58 9 13 27
31 50 16 52 12
25 30 14 37 21
43 56 19 60 54
20 60 23 54 39
47 18 1 24 38
30 35 51 12 14
25 21 15 12 5
24 51 56 46 20
7 44 21 39 52
48 29 28 54 46
23 48 59 39 60
48 30 2 38 3
37 49 13 53 54
41 50 10 41 46
57 20 23 32 56
31 12 54 27 19
15 9 20 24 18
55 28 5 8 47
13 8 9 57 55
18 8 33 48 10
58 47 20 41 3
28 35 7 3 12
56 54 42 10 3
15 31 26 18 27
17 54 5 44 13
12 54 21 7 25
50 26 58 38 6
53 6 58 16 13
38 36 5 51 47
11 33 59 17 56
38 13 57 11 55
25 39 8 31 43
17 60 35 29 10
50 27 59 39 28
34 23 22 47 42
23 30 56 60 59
35 39 48 14 47
28 31 36 22 13
2 59 11 32 37
40 17 56 28 25
11 58 26 24 59
19 13 8 13 42
19 28 8 22 56
12 20 46 59 1
55 13 11 19 59
38 32 10 18 60
20 20 28 21 31
37 9 57 37 30
13 37 24 32 1
29 35 21 28 14
35 21 33 27 28
37 46 35 41 5
39 1 39 16 28
3 17 17 38 50
25 50 56 12 11
55 21 34 16 8
17 44 58 54 60
10 6 28 54 9
12 42 27 29 45
14 35 29 30 59
14 4 17 42 4
2 9 59 45 60
17 24 49 6 28
41 45 7 42 16
5 15 35 45 20
4 41 12 11 60
56 20 43 34 15
2 14 8 16 38
56 27 4 43 20
53 24 28 56 26
32 23 9 30 49
14 32 6 1 44
15 52 25 42 29
57 60 20 55 41
32 58 44 5 36
17 23 17 47 46
4 13 31 1 54
22 53 6 20 56
40 38 16 48 34
43 29 36 26 4
33 48 50 36 23
24 15 30 3 2
47 27 36 49 35
45 53 48 51 25
55 52 2 33 50
34 47 42 40 34
5 3 33 20 31
5 38 57 32 55
15 11 14 51 38
44 10 6 24 24
47 10 57 13 51
24 20 57 59 28
7 25 53 51 2
35 58 17 18 15
44 22 18 27 31
41 19 53 30 11
3 46 11 55 10
34 35 5 21 41
58 42 12 28 46
58 57 43 51 20
21 44 25 57 30
35 53 11 1 2
35 53 24 12 40
2 55 55 35 7
13 44 47 51 20
26 21 46 13 47
35 4 1 58 6
1 19 4 53 49
60 20 50 36 27
21 9 41 7 3
34 41 35 55 9
44 11 4 32 13
57 6 17 6 60
8 48 59 34 56
41 27 45 7 30
19 14 27 10 41
18 23 17 30 31
14 30 48 21 5
22 53 44 4 20
48 60 18 5 56
48 30 9 12 5
7 34 40 38 35
27 50 28 51 27
21 16 37 13 55
20 41 21 28 52
19 8 9 15 2
43 3 31 19 35
41 47 34 30 15
41 51 49 36 46
43 23 15 18 14
37 60 18 47 53
49 27 60 23 2
34 24 24 15 55
39 31 40 25 56
58 35 58 23 31
49 12 23 40 44
39 6 33 54 22
24 22 13 53 18
16 40 21 2 34
25 51 10 59 59
23 4 29 1 42
37 30 44 51 32
57 53 9 26 30
23 47 45 44 55
16 50 15 25 54
14 36 24 44 48
48 53 33 59 42
46 28 20 26 16
44 44 5 4 51
11 19 37 1 53
38 15 25 59 19
54 1 45 28 38
41 39 32 42 47
14 12 30 32 23
34 60 9 3 38
18 21 58 19 58
35 1 39 21 43
20 44 20 36 5
29 17 33 35 59
46 19 57 19 2
20 42 36 31 43
40 60 39 10 26
58 47 15 18 44
58 6 23 32 44
52 23 17 56 45
36 1 54 1 21
20 20 42 29 40
2 56 43 42 52
45 50 57 40 53
36 44 48 3 2
60 21 12 24 46
54 21 27 20 29
7 9 5 42 59
8 49 50 41 29
1 44 2 38 50
6 60 46 18 25
45 35 44 8 39
55 42 29 35 21
36 38 7 41 20
13 60 36 49 42
49 13 6 57 12
16 46 30 20 18
28 33 7 55 38
15 38 52 16 25
44 46 32 37 49
45 41 46 1 28
15 17 50 34 53
41 30 59 4 2
34 17 40 9 32
31 57 52 44 45
48 6 17 36 7
40 12 43 27 26
26 1 10 36 41
59 25 59 55 5
39 29 6 44 11
53 43 49 56 51
38 55 20 6 27
34 60 14 47 38
38 59 33 41 59
4 38 9 32 48
34 11 39 36 56
27 31 22 23 48
55 14 51 24 39
6 5 60 41 36
57 54 44 4 21
8 8 53 46 27
29 57 46 37 52
52 18 46 47 52
6 48 21 48 4
57 47 5 12 33
19 9 10 60 21
46 28 7 40 50
28 5 26 14 54
1 13 12 46 21
10 18 41 8 12
44 41 50 29 15
39 19 49 48 57
54 34 27 52 18
9 18 39 4 42
36 40 33 42 7
55 33 52 7 11
12 27 60 4 32
39 7 52 33 49
39 47 12 50 28
33 18 45 59 27
52 19 1 6 3
59 6 14 16 3
14 25 2 14 7
20 60 50 15 55
57 54 32 47 52
54 18 51 59 44
43 4 32 30 49
53 6 42 18 44
3 40 28 39 15
18 53 8 35 42
44 32 43 58 38
7 37 18 13 25
53 22 24 18 41
57 10 11 9 7
17 52 36 54 5
22 45 53 44 15
54 12 1 53 2
53 19 1 43 29
25 9 51 51 26
29 58 2 40 22
40 57 52 44 7
53 60 16 59 54
58 39 11 50 56
2 36 47 27 57
30 54 44 18 10
34 59 43 60 48
58 20 33 52 28
22 27 35 23 13
6 29 38 26 29
60 4 6 27 60
19 58 44 15 15
56 38 31 32 46
37 38 55 56 31
28 37 34 35 38
27 34 52 6 5
56 16 48 6 12
53 28 18 60 10
53 22 60 33 49
3 50 32 58 30
1 40 60 46 20
1 10 56 50 9
16 14 1 46 58
50 9 57 42 42
19 58 54 16 45
58 25 36 40 37
43 31 41 27 25
24 9 22 56 38
24 48 3 60 40
50 58 59 59 14
57 33 21 11 2
18 60 16 1 10
42 28 39 57 46
31 28 23 53 17
14 3 43 47 8
44 30 32 9 60
51 10 6 55 48
2 33 44 6 48
4 45 27 57 15
37 24 43 7 19
15 2 10 6 48
55 17 40 33 49
47 48 45 42 31
18 21 9 25 44
51 29 58 25 44
4 26 4 48 8
18 45 50 44 39
26 34 22 13 33
6 49 29 59 23
27 57 31 43 13
52 52 35 3 30
40 35 21 23 30
50 43 16 5 54
36 14 19 9 30
13 38 2 59 17
19 6 48 16 56
43 32 15 22 12
34 8 24 7 27
17 6 52 51 53
4 17 15 29 16
10 10 3 1 19
21 42 42 39 30
1 45 11 22 15
45 23 18 15 20
25 60 59 10 45
52 52 38 18 57
26 44 43 10 35
48 41 38 42 48
3 11 12 5 23
39 15 26 54 43
7 57 57 48 42
26 9 55 21 48
6 47 44 32 42
49 49 4 35 49
37 60 51 20 2
15 13 51 21 28
54 27 51 19 48
28 27 18 30 13
36 59 27 18 35
21 47 3 37 21
48 51 58 60 26
51 4 5 25 51
11 35 47 4 5
27 44 9 38 11
31 21 3 29 21
31 59 52 55 9
22 11 21 10 43
39 48 41 12 57
27 26 46 55 22
13 52 38 55 46
36 53 22 52 56
55 16 47 23 37
48 33 60 37 15
2 4 17 21 59
52 26 41 27 14
28 33 52 31 33
41 13 51 26 59
44 3 52 59 54
41 33 8 8 9
42 30 46 12 13
13 49 36 22 31
35 11 42 10 25
60 27 28 1 34
49 52 34 13 2
46 50 3 40 27
27 49 36 3 41
57 4 46 30 34
39 18 37 46 7
40 5 34 45 19
43 12 55 35 13
59 5 25 31 23
42 11 4 37 24
1 60 35 2 36
31 26 46 28 7
38 19 8 10 56
32 37 3 45 24
36 51 56 53 31
55 25 32 4 1
36 5 16 43 12
27 51 13 6 17
35 52 18 36 24
46 5 42 45 48
53 4 16 44 17
55 1 19 4 33
26 10 13 5 20
13 60 17 20 16
45 26 36 32 37
30 43 51 3 47
50 46 22 50 58
7 44 51 40 30
37 37 26 22 44
22 14 19 22 6
30 43 10 5 17
54 19 46 54 6
49 14 9 42 25
7 50 33 45 20
4 12 40 47 20
12 2 1 55 24
48 24 3 33 21
38 11 36 38 17
56 8 51 56 28
42 14 24 7 58
6 27 18 49 21
