200 5
27 12 9 40 37
24 4 24 27 57
37 22 60 21 9
9 52 30 34 6
9 11 19 42 38
1 15 34 42 14
57 1 34 34 6
28 50 43 60 20
43 25 20 50 24
28 10 15 31 38
32 36 47 11 33
41 53 17 20 30
47 8 37 58 25
10 39 30 10 20
12 30 57 21 37
23 40 50 4 28
55 31 9 32 17
51 7 40 41 22
36 40 31 3 6
35 27 35 45 17
6 60 45 47 56
52 55 7 59 3
19 48 16 44 11
58 33 15 29 60
57 37 9 58 41
42 12 12 55 34
47 22 48 15 52
40 20 11 29 42
50 51 33 43 27
21 43 51 57 13
32 53 40 5 43
1 45 5 53 49
43 44 45 41 32
14 54 57 13 35
20 59 9 33 42
11 50 12 26 8
35 26 43 25 49
22 9 45 49 5
28 5 60 37 10
8 38 20 14 44
53 32 50 32 33
5 54 12 2 23
58 33 20 30 9
36 55 16 50 18
16 53 31 57 45
44 37 3 6 7
49 1 22 13 39
53 15 56 29 58
54 37 8 24 7
53 41 56 27 36
3 10 21 29 20
15 60 36 45 57
31 12 18 32 46
50 42 40 12 53
3 19 31 52 28
5 47 59 18 11
39 9 10 53 24
47 25 27 34 23
9 42 31 7 21
19 44 13 58 48
5 46 7 21 6
29 34 37 49 39
3 3 49 59 60
47 58 48 32 29
38 16 6 13 8
48 40 34 60 59
4 7 48 25 60
54 56 35 6 21
32 27 46 38 31
14 43 59 57 37
14 60 17 8 22
45 44 39 53 52
37 58 29 17 5
23 24 33 28 45
37 31 40 42 15
41 34 60 8 55
13 46 59 42 8
23 28 45 45 53
28 51 43 2 33
25 39 42 37 58
12 55 38 46 38
51 20 37 23 25
18 14 60 56 47
22 20 20 48 37
40 14 51 44 11
8 7 24 15 15
10 38 6 51 42
28 41 58 1 42
50 36 47 41 48
23 58 55 29 19
29 57 41 59 42
35 58 23 20 15
42 58 34 29 13
15 10 38 38 8
57 10 54 24 9
22 26 12 60 11
3 34 43 57 2
59 38 42 14 41
12 37 16 50 22
58 49 58 22 46
39 15 51 13 26
44 35 47 58 49
38 49 55 16 7
36 16 22 31 42
26 4 1 59 8
7 29 30 13 18
50 32 49 49 52
42 23 47 4 58
8 60 14 44 31
24 32 19 50 40
3 32 31 41 8
57 41 36 41 20
37 5 59 17 6
53 54 44 31 56
2 4 1 60 9
41 56 57 22 39
50 53 50 45 58
26 55 20 7 42
59 4 13 52 50
20 54 17 60 51
25 33 27 14 11
3 1 60 17 23
23 47 54 2 38
42 19 42 28 1
12 38 5 38 48
39 35 30 26 7
52 29 14 17 46
33 44 7 33 56
1 11 2 28 43
7 12 56 49 48
16 26 19 23 53
47 12 35 50 33
48 2 53 21 60
18 45 13 21 1
22 4 8 35 7
56 18 10 1 59
35 32 34 24 22
19 58 7 59 1
31 32 9 16 34
1 39 21 4 45
16 21 38 30 48
23 33 30 36 7
15 24 34 58 33
9 8 32 9 41
54 10 56 47 21
27 47 55 32 12
50 49 35 23 13
23 36 3 43 54
30 51 35 16 27
52 44 5 45 53
4 54 18 19 57
30 22 3 20 44
46 17 59 20 48
22 2 57 2 47
37 25 5 30 43
14 11 4 3 13
4 11 4 60 38
41 13 31 14 60
10 55 26 1 59
59 32 58 56 5
24 60 51 53 49
2 39 7 17 32
30 60 12 21 31
4 11 43 57 30
56 21 4 30 54
5 24 50 60 18
38 56 23 6 48
54 7 29 30 38
35 55 35 1 52
44 56 50 41 40
6 38 43 57 58
15 46 30 38 51
23 12 52 17 46
29 51 48 53 23
54 8 49 1 8
14 51 59 10 59
35 20 17 37 60
60 19 28 31 4
10 50 32 33 34
34 57 53 54 41
16 33 36 57 4
1 16 29 30 7
29 53 5 2 35
14 43 58 21 16
27 35 44 24 60
52 10 60 55 11
56 23 14 46 55
30 19 5 43 29
39 60 54 43 45
6 51 22 8 41
39 11 54 7 10
51 50 20 29 8
12 48 8 18 59
46 25 5 57 12
47 54 51 42 19
50 36 44 57 14
4 14 46 17 56
55 35 31 19 15
10 24 58 50 34
48 44 11 53 38
