200 10
45 43 58 2 45 6 15 31 57 1
36 31 59 18 55 1 11 55 50 9
43 3 58 48 4 4 2 29 50 60
23 38 57 36 41 28 59 28 8 22
15 10 56 19 30 29 20 31 3 30
58 45 53 45 46 60 20 57 43 59
42 11 57 58 39 52 27 55 14 52
2 32 36 3 38 53 46 27 1 22
40 16 16 39 55 40 53 25 46 39
47 19 25 25 27 9 59 13 37 40
36 6 55 18 33 57 13 32 44 34
29 39 31 37 2 25 60 36 43 57
56 58 58 7 5 24 13 3 56 45
9 5 16 50 3 24 41 43 6 50
31 44 15 34 14 14 20 53 8 4
49 22 27 23 30 9 13 41 29 7
45 35 16 12 25 36 5 6 43 31
44 28 40 46 56 6 15 6 1 3
31 43 24 29 17 37 7 42 29 34
8 22 5 1 3 33 28 36 42 58
47 41 6 45 11 24 44 35 51 29
22 57 25 46 47 31 45 35 37 50
52 48 19 18 52 17 18 35 47 43
41 31 26 28 13 51 41 47 21 3
32 56 20 42 20 25 60 23 48 4
44 35 48 38 22 40 28 8 28 39
35 31 41 28 1 17 33 24 32 42
52 6 56 19 14 21 21 31 57 24
58 52 26 15 60 31 5 25 41 20
4 12 35 19 26 31 41 55 45 30
25 39 43 57 38 46 14 43 42 15
35 45 21 33 13 43 39 25 2 54
15 11 47 59 32 44 44 45 42 16
56 23 4 54 15 49 50 30 56 49
49 22 54 24 28 60 2 26 55 47
59 31 4 46 11 2 40 40 11 7
56 37 32 12 37 36 57 25 43 5
18 23 45 28 35 10 18 31 21 42
18 18 49 2 56 29 26 9 16 59
40 24 47 56 9 4 54 48 38 30
7 30 8 8 34 6 49 12 42 60
58 35 5 7 12 45 34 17 38 2
54 55 6 9 2 34 53 31 26 40
9 1 32 11 55 54 2 56 57 54
17 21 32 57 55 37 21 53 26 13
58 41 31 3 25 31 48 49 5 6
46 17 32 30 2 38 38 48 19 4
50 36 58 55 59 12 53 45 57 56
5 31 26 11 41 60 4 35 18 19
54 15 51 3 5 12 36 1 18 35
20 60 27 56 10 4 28 6 19 54
48 38 41 33 11 33 8 38 36 2
36 32 60 18 56 5 60 23 55 45
4 35 18 4 27 48 50 57 38 38
35 23 34 29 18 18 24 44 32 20
57 1 29 57 5 48 9 4 36 50
54 38 49 39 46 56 39 55 47 30
32 20 16 11 41 15 16 49 2 22
10 59 38 57 9 31 1 4 8 53
30 1 17 36 24 5 36 51 18 58
51 22 46 30 53 57 34 26 54 29
53 1 47 32 54 5 11 50 32 15
5 37 27 27 18 30 59 56 30 8
31 1 25 11 49 39 21 31 1 52
39 35 49 23 7 53 28 55 29 29
54 19 3 59 42 14 14 39 29 7
48 5 43 47 40 45 46 4 24 53
52 29 12 28 60 59 47 49 55 5
32 36 4 5 40 55 21 28 16 54
15 53 22 4 18 22 25 6 58 46
50 39 18 32 43 32 59 13 34 43
48 18 35 46 51 54 43 9 50 19
27 22 49 27 1 44 9 15 7 56
38 28 23 56 48 14 6 28 39 42
37 19 36 48 20 58 28 54 17 5
2 27 43 59 14 39 55 35 22 56
42 7 47 11 9 30 22 18 18 25
40 58 24 36 16 57 42 55 25 18
52 27 1 14 17 36 54 54 40 10
41 5 31 30 20 45 28 27 11 42
49 13 47 43 53 29 45 19 57 17
35 22 4 36 57 23 58 22 54 54
35 2 33 25 47 43 1 41 39 40
26 55 1 2 10 7 52 33 38 10
60 25 49 1 10 11 19 1 34 60
28 14 13 6 44 45 34 43 43 46
51 15 3 4 56 11 52 56 49 10
18 31 22 24 55 18 32 2 48 58
8 9 54 50 33 3 16 16 16 27
25 36 19 23 50 33 13 31 22 24
19 2 49 28 22 43 47 11 27 36
26 12 11 17 2 26 33 35 27 15
18 12 2 9 51 60 42 28 54 33
5 1 60 44 46 15 39 10 6 20
4 19 3 5 8 29 26 57 59 29
4 19 38 34 15 6 40 8 1 11
5 18 50 35 20 29 2 9 41 9
52 51 53 36 49 56 37 18 48 58
51 53 56 36 31 3 4 46 6 45
43 55 28 46 55 42 31 43 45 48
45 39 13 7 36 20 20 14 10 40
16 55 21 12 50 20 20 54 21 7
47 22 39 37 51 47 44 10 37 43
56 21 52 23 16 17 41 45 17 56
27 14 47 59 56 17 54 23 55 9
39 13 14 46 48 51 45 50 56 50
59 31 38 46 52 42 8 53 53 18
41 45 28 36 2 48 4 20 55 10
44 23 23 21 48 13 14 10 47 31
18 37 52 19 22 18 31 50 32 27
43 24 33 36 23 37 2 17 1 8
43 35 29 44 4 59 18 49 17 56
36 33 49 13 21 13 5 39 9 10
11 8 50 36 16 16 38 28 18 47
28 50 38 43 6 2 15 16 2 59
50 5 53 31 38 59 34 32 26 54
35 41 24 3 12 4 39 49 23 53
20 23 40 54 51 13 22 27 26 42
46 23 60 43 35 30 46 28 2 14
54 12 37 15 50 39 23 59 27 27
39 34 60 14 28 59 23 21 52 42
25 2 38 29 16 27 36 36 17 23
6 20 24 22 36 55 52 34 31 34
33 30 42 22 17 50 24 54 50 41
16 12 43 9 15 30 35 59 37 36
3 38 39 59 7 12 26 41 26 41
35 29 31 4 51 12 25 4 6 17
14 40 1 26 23 60 3 20 46 6
24 41 11 54 2 41 31 32 46 53
24 4 39 10 14 21 4 50 40 45
25 28 40 24 46 37 60 27 33 5
52 33 48 50 38 5 60 8 28 37
42 9 15 21 37 41 7 14 18 22
33 36 14 23 18 52 59 12 59 10
25 3 27 33 33 43 53 32 36 35
39 24 48 47 40 39 43 16 14 28
13 36 54 35 30 38 22 42 5 3
44 57 20 54 40 47 28 47 12 1
47 57 27 59 49 49 44 15 52 1
30 12 21 42 28 8 21 34 3 40
33 39 52 7 26 22 55 17 9 33
15 58 22 10 45 58 8 24 29 19
46 11 51 54 33 16 44 25 45 14
28 26 12 50 44 10 56 15 19 45
23 40 17 44 23 52 45 34 56 3
58 3 9 25 7 1 32 9 38 31
59 56 56 22 15 2 49 28 27 20
12 54 23 32 34 9 58 55 10 49
35 36 1 31 42 3 11 31 28 32
36 38 17 55 44 23 57 41 53 12
6 15 7 49 36 1 49 25 24 38
7 59 22 11 34 25 44 14 47 33
26 38 34 55 36 43 49 44 48 40
54 57 40 31 6 10 6 43 4 13
53 33 24 58 28 7 31 24 38 33
4 37 27 34 44 49 53 59 33 55
3 52 17 35 60 58 57 49 53 59
56 18 39 5 34 15 34 53 3 20
12 38 31 11 10 3 54 1 37 38
44 36 39 28 59 24 38 30 44 30
51 19 18 13 24 19 36 17 24 32
7 6 8 18 11 59 43 11 7 8
41 46 24 56 20 16 15 45 49 54
7 13 7 8 8 25 50 37 38 33
53 35 39 51 22 26 45 55 19 39
37 17 31 46 38 53 22 7 14 38
56 25 59 29 6 14 27 31 24 2
14 18 32 15 17 48 47 34 5 55
47 9 15 25 40 31 16 2 43 60
59 48 8 11 28 1 14 14 1 59
11 1 50 50 27 5 26 22 9 37
1 20 28 37 60 21 12 45 39 10
25 52 20 50 37 10 26 28 60 42
12 6 49 5 41 34 33 31 39 4
2 13 41 44 6 5 23 1 3 47
3 60 31 30 32 26 53 43 45 51
9 41 32 34 43 15 13 49 5 14
42 2 20 46 57 23 23 1 41 24
28 21 53 44 53 3 23 38 57 38
36 36 7 40 60 22 17 25 33 51
39 29 35 15 54 27 28 46 24 5
59 43 40 30 49 19 54 36 58 43
52 42 16 55 13 45 7 3 37 7
41 34 1 35 34 3 28 24 31 42
45 52 60 50 51 55 29 2 34 11
39 41 55 24 51 13 33 14 25 27
26 25 10 13 49 34 16 14 45 20
22 31 43 20 27 30 39 21 7 41
58 34 13 41 12 50 53 53 43 29
43 40 56 7 38 23 27 35 49 35
14 36 36 18 7 60 9 39 28 44
36 59 51 52 9 30 6 28 37 37
36 58 3 29 37 50 15 12 22 58
58 41 44 50 11 23 42 2 7 48
3 17 18 29 35 9 18 11 7 6
56 53 4 38 44 21 33 49 40 16
39 37 53 3 40 1 36 26 41 51
42 36 42 11 19 37 25 5 52 9
54 10 44 40 50 28 49 54 32 48
27 24 25 28 4 57 54 57 2 59
