2000 10
2 36 17 26 17 11 42 42 51 10
46 24 36 51 54 59 28 51 26 51
29 60 13 46 39 25 32 51 3 10
15 57 28 19 50 32 10 49 47 54
44 47 57 18 13 24 52 26 23 8
13 3 59 2 14 42 41 40 2 60
40 37 16 51 37 42 58 28 14 14
13 1 11 36 44 50 32 36 24 11
22 22 32 22 39 21 11 38 27 2
12 52 25 27 26 20 16 41 48 23
13 21 56 25 36 13 37 6 49 3
30 34 32 18 46 24 60 25 47 32
18 3 13 22 45 43 12 13 52 53
17 1 15 53 29 52 31 43 8 52
59 44 40 1 37 36 49 11 21 55
12 19 20 17 60 16 57 10 4 52
43 20 17 29 3 31 57 46 46 38
22 30 55 60 16 22 30 41 47 11
20 38 24 39 22 31 16 59 39 54
47 30 48 30 11 17 28 58 13 21
1 23 42 51 43 27 38 33 52 12
16 38 35 30 48 22 49 19 36 18
35 58 37 29 27 1 45 41 18 1
24 5 33 25 50 60 49 29 25 18
50 36 23 28 30 7 12 2 13 31
1 9 57 25 10 31 43 60 8 36
44 52 42 43 57 19 26 9 40 41
17 28 21 34 9 54 30 58 10 44
59 7 24 29 13 10 23 2 49 21
38 4 37 35 51 11 45 17 42 15
57 26 30 39 17 32 13 28 38 23
18 3 53 23 52 30 4 26 47 7
32 17 27 20 23 15 16 51 25 33
54 13 29 58 33 37 54 15 5 41
60 31 43 38 1 60 18 15 33 24
23 23 59 26 15 58 44 32 17 48
50 50 16 47 53 46 55 26 30 36
27 22 46 38 60 48 14 46 43 5
27 6 35 55 49 54 59 60 54 58
37 12 29 20 49 55 1 33 5 48
39 29 13 50 20 24 29 8 52 45
20 24 10 45 60 7 11 60 50 38
6 33 2 26 40 47 15 19 54 28
59 4 16 59 8 46 56 56 32 58
22 45 28 20 36 33 2 56 32 35
2 52 39 28 6 24 11 29 28 40
39 60 33 24 53 49 55 51 14 42
47 44 53 6 24 4 32 28 5 14
8 22 24 7 39 14 38 29 45 37
11 47 42 39 9 48 17 39 51 60
41 26 50 11 5 53 33 36 16 25
7 39 29 18 29 16 47 42 29 7
27 15 21 33 56 42 13 33 26 36
34 53 8 7 38 10 47 36 9 59
47 18 12 15 7 25 27 47 52 19
2 31 28 47 59 54 55 30 34 23
4 32 1 45 15 11 44 33 47 12
52 54 12 39 8 42 37 4 6 50
43 29 24 18 31 30 47 46 5 18
11 37 37 36 57 14 20 43 34 56
56 11 35 19 36 9 13 57 23 60
19 41 10 18 58 54 6 57 12 14
35 7 18 22 43 31 37 27 19 39
59 12 34 41 45 10 48 24 34 28
54 27 51 54 25 51 53 47 39 24
7 55 60 18 15 30 24 47 16 44
24 33 31 34 7 11 27 14 13 32
16 57 19 23 51 29 21 18 33 40
18 27 9 55 7 37 60 11 29 17
31 17 34 48 43 36 27 23 46 5
10 26 45 44 51 31 13 44 29 3
25 36 30 2 37 37 3 27 22 9
28 47 53 7 16 42 52 14 3 59
6 16 49 44 8 24 2 12 58 22
28 40 38 25 12 40 23 42 3 6
52 48 38 30 49 15 38 54 48 60
13 6 6 54 13 11 1 22 4 21
4 12 19 29 2 46 58 11 35 48
38 50 60 31 49 1 39 33 30 13
52 43 47 58 18 49 56 6 16 32
59 31 13 27 34 33 22 44 50 54
16 21 33 39 31 26 14 42 49 44
7 10 6 3 38 25 50 3 20 47
2 55 60 58 41 42 58 52 3 26
27 33 16 30 30 34 55 10 3 50
7 28 35 44 58 16 53 52 58 27
21 39 45 32 51 55 47 46 14 37
9 5 20 55 13 30 16 18 55 4
8 18 25 4 13 34 39 36 26 24
36 48 50 53 49 41 51 60 22 43
43 2 55 2 12 57 2 28 1 46
54 1 43 26 56 9 2 20 8 26
45 47 20 59 13 53 56 24 49 31
11 58 36 26 59 27 29 27 47 35
11 4 36 3 52 38 6 1 49 20
9 14 57 42 30 44 58 33 10 44
3 32 6 26 32 51 2 23 3 21
30 28 17 39 12 37 25 1 55 39
46 30 16 54 27 8 23 50 30 16
17 7 6 1 25 7 4 30 14 33
50 58 53 10 34 30 2 56 45 6
21 53 29 37 50 21 39 39 35 20
29 58 17 21 15 8 1 48 19 2
43 11 45 33 10 49 56 8 28 24
11 40 34 44 52 44 10 49 53 42
27 56 33 45 26 18 9 13 24 34
56 38 53 50 47 41 53 39 2 56
26 25 54 57 20 3 45 3 56 21
18 43 40 52 2 38 42 54 3 60
7 53 26 33 46 26 23 27 16 23
26 51 24 17 45 11 33 45 21 30
8 10 5 37 15 10 42 38 12 56
19 13 28 29 2 40 36 5 20 2
41 45 57 53 29 57 18 46 50 30
16 3 53 13 6 12 9 35 3 8
45 52 25 4 15 22 33 31 13 11
52 31 38 10 21 6 3 23 34 12
14 43 15 41 4 10 47 7 27 57
23 15 41 10 56 16 29 26 3 19
57 52 23 48 55 17 16 46 8 35
22 49 35 44 5 9 48 35 7 38
52 24 10 3 47 43 26 57 43 33
12 39 2 4 6 39 60 16 56 45
55 50 10 8 31 32 47 26 25 19
20 35 32 47 43 54 31 49 47 37
43 15 46 52 33 17 10 50 53 57
36 38 38 15 60 43 59 33 21 37
43 2 44 51 9 34 46 26 1 7
48 26 49 17 56 16 25 22 30 12
21 36 10 23 8 48 45 53 31 23
49 5 20 22 58 60 16 44 60 38
28 19 30 36 33 30 9 41 4 31
33 27 40 32 17 37 41 32 27 56
42 60 22 33 37 46 26 38 11 48
16 12 43 55 27 41 7 57 27 45
46 34 47 59 24 50 42 60 4 4
26 15 40 43 10 5 22 24 52 54
60 42 15 16 3 41 24 6 32 45
17 20 17 39 9 8 11 10 4 10
42 13 52 49 11 1 29 27 1 44
55 46 16 30 28 47 59 1 55 34
40 58 12 48 41 2 21 34 41 39
58 60 34 34 49 52 59 23 24 36
8 28 27 42 19 56 57 41 30 58
43 21 54 16 24 45 2 22 37 32
15 56 20 37 22 21 33 29 44 29
32 19 27 36 17 20 47 39 3 1
41 27 37 3 28 47 32 12 11 36
34 50 45 50 1 55 16 22 2 10
53 44 54 7 53 18 6 42 21 47
58 21 29 39 10 3 25 46 56 52
40 58 3 5 55 20 42 33 58 41
14 53 22 52 2 23 41 39 40 4
22 33 25 12 53 42 42 35 6 59
45 11 43 58 34 56 9 44 4 53
53 35 8 23 58 17 13 46 58 57
8 25 57 31 52 19 32 11 22 53
42 7 11 3 30 25 56 5 46 53
43 49 18 30 35 13 59 51 49 47
40 27 8 32 45 33 9 1 39 6
8 50 41 8 33 43 32 57 39 9
57 8 54 7 60 28 53 6 57 21
4 52 40 38 15 49 20 24 37 26
42 21 2 24 31 51 26 14 51 39
51 57 59 17 22 11 23 48 31 54
13 6 53 22 43 59 14 52 20 48
53 50 12 54 27 5 54 7 26 27
6 2 39 25 54 5 18 27 10 32
59 55 34 19 26 45 55 52 48 47
55 9 54 48 22 45 46 48 48 28
53 51 40 14 48 23 57 19 19 51
35 15 21 30 1 21 2 35 24 23
34 28 21 58 39 35 19 32 23 46
50 59 40 41 19 60 53 58 17 30
27 23 50 34 4 9 42 9 45 47
2 47 42 4 13 7 18 26 36 7
31 30 2 54 17 48 23 38 51 34
13 53 5 2 46 11 33 14 6 30
3 49 9 41 51 22 42 1 17 60
10 47 54 4 59 34 10 52 18 2
19 49 41 51 50 42 16 14 46 19
34 2 50 30 24 6 24 32 29 39
24 42 42 50 35 11 12 23 45 15
45 26 26 49 51 42 28 50 55 22
31 49 33 2 35 44 9 24 45 27
11 37 41 52 12 10 59 50 31 16
52 29 25 34 34 16 46 43 34 50
37 55 49 52 41 54 29 10 24 11
22 24 46 43 29 44 6 10 10 14
25 13 18 35 39 22 13 53 43 60
60 9 17 23 50 6 41 22 12 23
2 1 5 54 35 15 59 12 10 34
10 57 10 18 15 55 18 3 36 36
14 25 48 23 44 31 11 21 59 57
1 43 38 13 40 34 33 33 32 28
46 23 57 5 4 58 23 13 3 42
44 49 60 4 30 43 29 44 26 35
60 51 58 59 25 10 52 46 30 30
18 38 37 42 11 1 41 44 9 43
54 44 15 50 19 40 34 1 41 38
7 4 7 58 13 53 57 31 9 7
46 31 14 32 8 28 12 32 21 25
9 18 25 55 8 4 34 19 56 12
17 13 4 19 4 55 3 18 16 60
39 49 37 29 44 20 16 31 8 12
22 48 22 19 58 22 54 33 13 42
49 14 37 17 17 33 60 50 10 26
17 4 5 27 54 58 15 43 24 24
28 33 27 50 54 57 14 38 23 6
59 20 27 9 56 44 30 52 35 38
35 42 16 27 8 34 60 45 8 14
4 22 46 7 13 52 57 33 48 13
48 39 54 42 40 59 7 19 39 44
3 5 41 33 33 55 45 16 43 59
8 3 16 31 13 23 3 42 53 42
60 46 33 32 50 41 21 22 14 34
46 2 12 20 48 14 7 30 46 38
36 59 7 24 39 3 14 46 8 4
57 34 7 2 40 28 38 54 45 46
22 44 46 28 38 30 36 51 38 21
44 9 2 15 46 7 11 13 51 17
27 29 11 30 52 60 15 60 37 15
53 25 44 16 44 28 7 37 49 6
4 6 18 36 36 39 54 41 29 5
33 5 7 35 39 19 36 48 39 29
19 41 19 25 25 19 43 11 26 40
7 36 20 19 60 46 14 37 50 6
1 43 20 30 33 9 37 13 54 33
3 45 15 34 5 9 5 15 9 55
4 35 26 38 46 23 58 11 34 31
29 42 57 8 13 30 16 24 23 50
45 57 54 2 57 39 58 42 40 37
44 48 26 17 35 7 4 27 31 41
57 31 32 20 15 15 6 45 26 8
24 49 27 49 41 47 12 47 4 17
40 46 44 7 32 15 46 24 12 8
40 33 12 38 44 54 5 26 41 26
29 51 2 56 10 28 31 60 8 17
24 18 33 20 21 9 21 41 38 54
5 10 46 16 53 9 41 58 41 51
45 48 20 15 35 21 9 44 31 23
37 25 15 43 41 40 44 51 25 21
15 22 3 43 12 30 50 51 50 5
42 53 22 16 23 21 19 5 43 24
41 52 50 19 26 17 13 32 21 32
60 46 36 2 32 46 56 33 20 33
54 15 33 41 45 45 38 13 34 35
18 4 6 1 49 2 28 19 12 1
30 31 39 29 39 46 11 53 2 39
52 37 2 24 28 45 38 39 44 16
16 11 54 43 28 15 49 55 23 35
10 26 44 53 38 17 16 10 39 35
16 32 40 57 41 26 7 24 52 30
59 13 5 16 57 54 60 4 9 25
20 12 12 46 39 23 50 26 22 55
56 49 12 13 1 37 50 25 28 32
55 30 20 49 12 31 23 12 4 4
19 40 3 42 59 59 50 34 4 31
1 32 23 60 1 50 56 18 30 1
15 12 14 54 40 43 59 42 49 48
33 37 26 6 16 50 42 6 20 1
52 2 28 29 53 8 54 22 32 13
58 5 12 34 8 35 33 43 1 19
28 35 30 24 1 8 9 1 39 54
41 46 9 45 25 46 57 23 50 53
1 31 27 21 18 38 12 16 44 40
2 10 45 38 3 21 41 59 1 23
50 24 29 60 20 21 31 30 4 51
35 34 14 18 8 1 43 52 18 47
35 20 1 52 41 31 2 26 55 14
39 20 51 10 55 34 41 59 18 36
22 56 17 60 12 29 3 2 20 21
58 13 48 3 51 11 22 39 36 9
28 2 30 48 29 41 33 37 36 19
35 7 33 58 46 39 54 6 48 55
16 44 46 4 15 28 41 6 19 29
60 39 32 26 31 37 38 46 48 16
35 40 56 46 8 35 32 22 1 27
3 18 18 3 2 33 4 18 47 14
37 19 50 17 14 34 56 60 55 25
24 49 23 36 42 28 46 24 13 47
14 34 25 10 27 54 25 35 46 6
43 45 24 53 29 52 57 55 14 1
17 19 28 40 19 20 55 51 14 24
3 5 59 41 5 39 45 58 14 34
54 2 5 56 33 24 19 60 27 19
35 53 17 26 3 58 30 48 19 47
25 15 25 39 23 6 3 4 14 36
44 56 9 59 34 33 45 18 18 20
8 60 3 43 29 4 24 11 48 46
25 25 22 51 60 4 10 54 19 17
24 5 56 12 53 20 42 40 50 26
53 56 33 16 1 49 5 17 54 43
35 17 25 22 51 56 50 10 7 53
13 14 19 32 43 49 54 25 14 5
27 56 45 5 11 22 38 2 3 55
40 12 18 56 6 14 51 4 24 37
47 11 54 19 28 27 7 20 32 19
15 48 44 18 30 60 23 57 26 52
49 51 36 59 35 53 23 43 29 46
37 46 10 11 6 49 8 47 29 45
28 30 46 4 36 42 17 49 31 59
56 35 8 60 18 44 25 16 28 50
55 26 31 4 57 36 53 24 49 59
58 51 55 2 15 8 15 59 33 29
24 13 25 29 51 26 23 23 2 34
28 18 58 2 47 2 33 7 55 60
30 23 10 31 37 7 12 31 24 29
52 55 38 6 41 48 6 60 32 47
38 41 58 11 48 45 55 6 23 25
7 47 51 18 2 38 38 23 9 50
57 56 11 50 9 35 43 37 38 60
8 25 38 36 50 44 2 10 1 8
22 45 36 24 38 5 24 55 45 28
2 28 5 44 51 45 53 13 47 37
55 56 17 1 40 18 8 59 32 3
51 27 7 47 50 45 5 1 12 46
17 3 34 37 20 51 30 41 11 7
16 59 28 59 45 50 55 22 29 54
1 38 16 9 2 17 34 9 46 25
37 24 60 25 41 7 2 60 31 8
54 42 11 37 21 11 34 25 54 13
48 46 34 51 25 47 37 1 4 50
3 23 59 58 48 49 38 48 5 9
52 53 14 37 13 57 20 15 3 31
7 53 44 8 3 58 17 2 23 44
13 52 23 28 2 40 25 45 42 34
51 41 41 23 37 31 54 12 4 15
31 28 29 17 30 9 40 53 26 30
20 31 58 25 46 42 35 11 42 27
14 18 17 4 42 21 26 41 60 40
19 51 40 15 12 50 59 21 5 39
26 45 43 22 18 4 15 55 3 5
9 50 22 24 48 52 22 15 44 54
7 30 12 9 51 22 12 33 37 4
27 43 8 4 32 34 33 11 24 8
13 45 51 17 17 38 12 41 46 14
6 35 39 33 56 27 29 23 47 59
57 21 31 57 52 49 33 5 40 54
29 49 58 37 17 9 34 30 5 37
47 38 26 19 49 22 46 44 25 29
39 27 6 5 39 16 30 25 45 16
37 54 15 42 15 55 53 58 36 59
45 24 54 15 17 13 52 26 8 38
12 27 46 4 6 47 56 31 50 45
59 55 33 35 24 58 59 24 59 32
2 51 11 49 14 31 45 26 39 48
55 40 34 20 40 29 50 31 36 45
15 9 52 51 22 14 52 44 45 43
41 1 54 24 38 19 30 15 13 49
34 43 15 36 60 48 41 46 51 2
12 34 46 35 15 10 11 13 60 37
42 20 12 56 19 47 38 5 52 55
20 55 18 43 20 6 12 36 9 5
25 18 51 32 6 43 50 52 59 9
8 40 3 58 8 40 10 38 48 38
28 28 9 33 53 38 7 57 8 34
41 35 18 51 56 2 41 60 38 38
39 22 5 28 11 54 9 59 6 41
26 26 37 52 2 55 21 15 54 11
4 45 34 14 49 13 22 45 60 8
57 42 55 20 39 8 16 41 55 11
5 8 10 16 30 8 23 41 48 49
6 12 31 43 28 2 30 15 8 2
4 6 4 34 60 36 9 36 56 14
45 14 4 25 45 42 5 17 16 52
9 19 56 10 7 41 18 11 56 19
10 53 34 6 23 7 18 32 35 33
42 4 42 24 15 1 40 53 55 9
17 27 59 14 54 21 51 27 37 7
50 46 38 13 9 38 9 18 14 25
44 17 29 16 43 1 44 4 47 6
16 46 34 46 30 57 55 1 38 38
60 28 58 16 38 11 8 17 46 31
60 36 6 9 18 52 36 37 51 53
60 8 39 16 7 57 50 27 21 28
8 25 45 10 18 31 6 46 56 19
22 11 45 23 46 17 8 22 16 36
15 44 57 1 37 18 15 33 58 17
44 38 40 36 4 6 23 57 27 39
52 40 4 26 12 30 38 38 2 43
2 32 50 3 18 56 51 12 19 47
56 54 40 12 32 3 50 52 53 39
8 41 29 6 7 8 2 40 38 33
10 36 31 36 48 47 9 3 47 49
57 58 36 51 37 3 24 31 53 3
32 40 42 44 37 55 6 27 2 4
24 46 44 40 40 13 58 31 15 31
46 23 22 25 19 49 49 12 50 21
10 11 46 53 7 44 32 55 9 28
27 35 27 16 37 32 16 45 12 31
33 39 9 55 42 59 22 9 27 48
18 53 30 26 26 57 37 54 18 21
15 58 22 21 2 3 54 39 27 38
33 45 19 41 60 56 36 19 55 21
55 5 51 38 46 18 54 17 8 21
13 24 35 35 50 54 27 54 59 21
9 54 55 16 52 22 45 17 16 4
4 21 42 48 3 57 24 5 22 40
34 41 16 59 6 21 31 13 18 57
6 36 23 38 56 24 1 39 47 24
30 24 20 30 55 53 56 58 23 21
52 24 31 40 8 4 41 19 33 14
44 21 22 23 52 39 2 40 2 59
19 55 39 30 50 9 59 58 37 26
25 45 38 60 57 47 3 35 6 34
6 33 13 59 26 36 27 56 13 33
24 51 59 26 19 4 37 30 4 12
35 5 24 42 18 15 47 40 49 25
41 39 22 9 28 36 10 4 35 36
33 8 53 45 34 6 58 24 53 28
50 58 8 60 11 25 31 34 33 33
27 12 25 21 27 14 49 37 50 45
21 52 14 56 34 37 14 35 41 31
16 36 28 52 43 10 59 5 41 37
58 13 49 57 59 54 27 25 54 57
29 17 58 20 35 41 23 38 54 27
37 48 22 36 59 39 44 42 28 48
35 24 14 16 17 52 5 33 35 48
35 12 11 13 1 16 11 21 36 2
13 26 6 48 30 27 15 38 7 4
7 38 25 50 57 39 57 26 45 12
53 33 37 14 33 37 6 43 30 14
28 31 55 41 54 18 13 1 40 22
51 34 47 35 47 21 16 1 22 1
50 60 25 32 50 22 46 40 7 50
52 36 50 1 21 25 41 20 44 35
34 44 32 41 53 32 58 8 54 40
36 17 2 11 32 20 8 37 5 36
21 9 39 56 49 54 25 43 7 19
49 40 58 13 27 1 4 59 36 24
37 29 17 57 42 38 22 11 34 13
48 26 8 25 47 53 59 39 17 49
26 35 26 18 4 6 23 46 22 40
14 15 50 21 16 13 51 12 30 2
47 27 38 21 50 2 27 16 43 59
52 49 28 54 2 38 24 34 32 19
49 25 39 59 13 2 7 42 36 4
27 26 39 16 19 59 35 33 3 21
52 57 51 8 48 14 13 10 39 47
25 45 24 22 4 16 29 4 59 29
53 37 17 3 59 5 6 5 32 27
55 51 40 7 5 14 3 39 43 29
8 45 20 17 20 6 52 24 42 48
16 44 25 15 18 37 34 21 36 18
17 55 37 46 32 50 57 9 34 50
37 11 29 50 42 60 20 30 52 29
48 40 14 57 23 45 50 45 39 45
12 26 14 22 59 9 4 28 10 51
10 12 34 41 16 30 55 39 21 37
57 56 52 53 42 29 1 20 8 14
50 35 39 49 29 42 20 43 5 14
26 25 52 32 46 9 40 20 17 32
34 7 31 16 53 5 39 49 39 11
25 19 10 4 19 50 39 55 12 23
51 40 38 47 30 42 47 49 36 16
5 46 49 60 16 15 48 6 1 15
37 1 15 20 16 36 47 41 53 19
39 5 34 20 27 3 50 7 24 17
20 52 30 8 23 39 11 25 28 49
44 56 6 30 22 32 5 2 41 17
36 29 10 8 39 52 23 4 13 38
25 24 51 21 36 55 7 32 48 20
30 50 38 32 43 17 24 39 37 12
54 30 59 22 45 42 1 20 38 27
2 60 5 41 3 34 22 4 32 58
43 16 17 52 33 56 3 46 50 3
49 22 6 16 28 29 31 16 13 31
36 25 20 10 21 18 22 47 60 49
30 17 51 20 53 47 40 26 45 57
60 31 33 34 55 53 41 54 27 8
26 26 42 29 29 44 6 6 31 31
49 28 38 50 6 3 23 56 19 34
56 30 8 60 32 18 36 15 23 34
7 58 58 4 39 7 13 7 12 30
16 43 47 4 7 56 6 35 50 33
53 49 53 54 20 17 35 37 21 31
48 1 41 33 18 20 22 46 39 35
59 20 1 36 5 21 11 36 60 46
35 45 7 7 24 40 59 6 53 34
43 49 19 51 33 51 22 40 3 12
38 30 23 20 10 29 29 9 8 59
17 29 53 20 6 44 40 19 43 50
1 43 53 7 23 29 24 28 14 55
42 26 32 16 5 1 2 53 38 2
44 49 49 53 4 12 50 14 6 34
28 24 16 41 29 9 21 51 33 19
12 18 50 28 27 28 19 17 50 24
15 39 49 24 11 29 1 58 18 7
20 12 59 10 41 50 51 21 6 41
44 52 30 30 36 26 41 40 1 8
45 59 40 57 54 31 13 25 36 31
50 39 48 18 2 4 5 50 13 31
10 3 7 51 45 43 56 24 13 9
31 23 47 46 6 54 18 1 3 43
40 28 18 3 46 44 19 20 34 8
50 18 10 51 39 29 29 24 29 51
22 24 9 16 57 35 21 21 30 15
28 5 25 49 42 32 12 1 60 3
4 18 4 40 54 43 49 29 44 1
8 49 2 45 34 37 32 57 12 43
18 12 36 42 59 16 28 57 53 54
31 1 51 41 24 30 57 16 8 10
19 5 50 58 51 17 58 46 56 17
57 23 16 49 58 4 24 16 10 7
26 42 29 7 22 50 2 29 60 51
58 33 11 3 57 33 6 11 51 25
37 30 56 33 58 59 22 59 41 38
25 7 7 32 16 9 9 41 53 6
54 39 2 26 36 24 40 57 45 32
23 41 3 55 51 2 56 26 38 31
13 40 38 31 50 37 28 53 58 29
41 15 39 4 48 31 49 27 9 9
23 17 46 22 10 18 6 24 12 47
21 25 6 44 11 35 42 54 2 39
40 33 19 51 25 25 51 26 5 17
7 51 33 4 27 23 9 52 34 60
33 27 35 3 46 11 35 2 11 53
44 7 50 35 21 8 4 9 29 29
4 37 29 52 14 40 6 43 26 21
56 5 15 45 39 54 33 20 6 41
3 10 55 14 24 17 37 38 45 38
36 54 16 1 27 6 22 26 22 24
43 50 37 54 7 32 31 27 4 32
30 43 4 6 34 55 36 36 31 21
15 9 37 11 17 25 14 29 7 28
10 18 27 28 14 47 51 45 47 21
6 17 17 29 22 22 2 16 10 60
53 16 3 42 6 36 14 32 14 5
58 59 7 56 17 46 22 43 43 53
1 50 52 50 3 40 24 37 44 5
44 40 40 8 30 41 28 19 20 33
31 3 29 17 30 22 20 23 19 2
44 49 13 43 41 50 41 9 38 35
47 1 12 11 52 44 3 6 6 44
3 56 8 48 17 60 55 30 2 57
49 22 19 8 12 45 18 2 57 55
27 34 25 54 4 4 49 35 43 14
57 17 43 13 15 5 9 55 46 15
9 57 32 26 3 59 32 9 9 31
32 57 45 21 56 29 2 47 8 9
20 60 30 9 57 40 7 55 14 52
42 48 43 29 50 5 28 51 53 34
39 5 44 3 45 3 15 16 36 40
11 51 24 19 8 17 15 40 27 58
55 33 20 56 10 5 15 20 7 31
55 24 3 27 57 15 57 36 33 5
29 59 4 47 50 52 31 45 1 32
17 4 51 4 36 22 36 36 26 4
54 54 49 20 42 29 47 28 55 22
31 31 30 56 37 30 37 25 22 41
58 18 45 22 33 13 4 56 31 46
43 14 2 19 30 11 40 29 47 25
1 14 41 44 55 15 19 7 54 37
5 32 38 22 20 24 31 55 57 43
24 44 25 51 35 58 8 29 20 32
16 12 54 46 24 9 57 43 5 49
28 43 33 59 16 48 13 58 58 10
47 47 59 32 7 48 53 51 58 45
26 8 13 10 53 53 24 5 14 4
2 20 27 28 24 39 19 27 59 16
52 49 45 52 56 46 30 34 47 41
54 25 22 1 20 43 26 11 37 39
31 46 55 48 29 29 23 15 3 26
52 39 3 23 53 5 25 47 42 42
13 12 14 5 45 30 40 13 51 46
43 30 46 54 37 2 38 13 43 33
33 36 59 39 40 28 54 21 43 31
19 22 50 58 25 11 54 4 5 42
44 30 27 53 36 24 9 29 15 16
42 7 7 52 11 1 39 55 28 46
36 37 58 20 54 33 55 60 19 22
54 6 4 52 32 10 59 43 7 10
47 50 57 16 7 24 12 51 19 36
32 43 14 3 46 54 42 44 2 60
14 31 43 11 34 48 16 28 26 40
13 44 50 1 31 59 24 9 60 5
2 36 46 41 19 3 53 4 52 40
16 8 6 9 1 15 9 59 53 52
18 36 17 40 40 13 39 58 50 15
2 23 6 13 19 6 50 48 29 38
49 59 2 9 13 33 40 14 7 42
53 18 17 48 43 17 15 40 50 25
3 12 13 48 10 53 45 8 12 19
40 31 49 6 56 30 41 42 43 32
37 7 48 48 24 37 24 34 15 51
11 19 47 3 6 18 13 29 10 60
2 48 10 60 13 47 21 11 16 21
15 32 45 7 10 55 32 42 11 39
43 48 10 19 30 11 20 23 51 41
29 42 2 20 33 21 30 49 57 24
49 15 43 5 12 17 40 28 35 39
30 59 16 37 48 40 25 44 11 15
46 20 28 5 41 2 60 37 49 45
37 20 51 9 53 7 56 59 23 18
43 33 21 26 3 34 8 37 21 8
46 25 17 53 39 60 37 47 44 48
59 26 35 57 26 14 54 45 28 12
47 23 35 22 4 26 3 8 18 4
58 45 22 7 30 20 16 41 52 54
7 24 35 22 48 11 56 5 21 19
13 49 37 33 26 48 33 36 23 60
18 48 11 30 48 59 42 33 35 1
27 30 46 41 2 14 59 36 24 58
39 46 58 5 35 32 19 26 26 48
56 42 21 37 14 23 39 49 38 58
19 19 4 37 3 46 10 57 18 38
33 51 37 55 15 56 47 2 58 48
10 37 32 25 48 45 32 58 34 31
9 59 45 36 36 40 19 42 43 9
41 57 34 18 22 26 23 42 55 12
57 56 5 30 46 5 19 17 53 60
33 8 28 34 44 50 5 2 48 56
55 29 40 5 48 24 17 20 17 22
12 55 14 20 8 26 59 30 49 27
35 47 9 16 21 9 17 13 29 45
6 4 19 7 8 46 1 58 50 8
49 38 40 59 53 47 38 55 2 13
34 53 3 21 42 7 19 40 24 6
18 37 37 40 28 28 6 35 49 13
28 40 13 12 17 15 13 52 34 35
12 18 23 1 40 5 18 42 18 48
42 22 23 24 41 35 10 22 8 23
37 31 2 13 44 37 26 5 60 26
56 12 18 24 23 35 11 52 6 50
45 53 46 32 39 9 31 32 59 21
32 40 10 20 19 30 45 4 25 13
17 40 17 48 38 4 17 39 19 31
60 6 26 16 8 42 20 47 48 26
53 32 35 40 3 49 60 38 27 23
6 7 39 22 16 23 20 29 32 16
50 12 50 59 37 21 15 58 11 14
48 42 12 29 4 60 55 33 32 49
35 23 16 17 27 24 38 42 56 47
49 38 43 36 10 19 5 27 2 18
33 40 11 8 41 25 58 21 30 21
40 52 53 60 45 58 45 32 47 28
39 32 8 4 58 14 58 55 12 25
34 38 5 40 11 17 40 26 14 17
42 20 36 21 29 34 3 3 54 58
54 19 59 19 16 35 29 10 6 52
14 56 5 54 47 22 30 36 31 50
56 24 59 6 48 6 28 3 18 9
37 10 8 26 13 11 15 30 10 12
35 20 59 22 29 14 41 19 21 43
28 41 19 11 38 50 26 8 11 32
29 45 51 14 49 42 57 60 15 48
15 39 40 23 15 7 3 30 50 14
39 34 56 43 52 12 25 6 32 59
51 56 58 5 9 36 49 21 57 46
24 18 31 2 40 23 11 35 7 42
35 51 35 20 23 22 45 38 12 38
51 24 50 3 12 30 29 28 46 12
52 37 45 46 54 16 51 2 10 17
20 52 60 15 16 54 7 54 31 14
54 13 15 46 52 17 9 50 34 16
4 12 55 44 3 14 3 31 3 9
11 15 15 16 49 21 11 15 19 10
12 44 18 18 59 21 51 18 23 7
24 7 8 43 56 20 31 42 22 14
2 19 54 12 30 2 7 11 7 23
29 10 42 12 12 18 34 32 58 42
54 57 36 29 16 20 5 50 6 60
50 26 10 3 55 30 41 56 12 7
22 35 48 35 5 26 28 21 53 28
1 48 25 32 33 46 51 39 56 38
4 48 58 46 6 3 39 32 18 7
19 12 46 7 51 57 24 43 29 54
39 10 58 36 55 3 45 15 35 37
58 12 7 54 45 3 56 52 32 46
11 60 53 10 48 19 5 27 30 12
45 4 52 34 13 25 40 41 23 46
47 1 12 47 4 11 56 51 37 25
21 31 1 22 12 43 26 29 23 47
48 14 8 25 40 16 37 49 51 16
5 30 38 17 58 48 3 31 5 57
53 15 22 39 4 35 11 2 59 55
50 41 23 28 10 19 59 15 11 16
56 11 44 23 28 38 43 45 48 32
48 28 48 3 24 31 55 52 30 53
25 2 58 51 60 58 1 13 2 49
12 53 16 7 26 2 37 46 4 4
2 35 55 12 31 51 9 19 45 54
14 49 30 58 21 52 11 57 18 43
36 18 21 9 7 57 1 13 17 5
43 38 26 56 46 59 16 40 53 5
42 15 25 42 1 45 9 39 44 47
32 4 58 20 9 51 42 20 43 26
18 5 13 7 25 19 50 43 21 53
18 19 45 21 1 35 42 38 55 4
21 18 47 35 31 11 16 10 26 11
7 46 48 13 45 14 7 59 34 5
4 31 3 13 39 5 29 30 4 52
45 16 38 43 45 54 3 1 59 8
52 60 3 24 9 12 35 46 17 2
29 52 34 27 1 5 48 54 20 11
17 35 43 32 54 40 31 44 11 51
36 56 5 50 59 11 27 46 41 35
36 24 14 8 29 43 5 23 35 8
38 59 36 41 8 31 5 22 46 43
38 30 32 57 57 17 40 6 42 34
60 19 33 44 24 40 17 16 27 10
37 35 47 57 13 36 38 11 41 56
47 52 40 12 31 47 12 27 2 59
53 49 46 31 59 44 14 47 44 42
2 33 12 24 19 45 52 14 37 59
48 54 21 38 27 2 24 54 26 39
58 46 23 6 58 16 30 53 23 60
6 12 30 55 8 4 50 27 18 54
7 17 18 20 33 16 58 42 1 50
31 16 11 32 11 59 38 47 40 51
22 57 48 24 37 57 46 29 27 50
13 40 2 48 28 49 27 23 22 29
54 14 13 11 23 8 18 36 38 15
5 39 10 35 58 54 41 25 36 22
30 19 53 39 13 16 3 9 16 3
10 38 54 56 27 54 27 48 13 8
34 42 37 44 4 53 42 39 26 9
51 12 6 35 1 53 20 16 49 2
42 1 37 22 21 53 54 2 10 46
11 35 8 10 56 3 34 49 29 5
17 56 19 36 27 57 27 41 44 12
34 46 52 59 53 45 16 28 48 20
38 6 31 25 46 25 51 52 32 9
40 27 52 44 17 3 46 14 6 12
54 32 37 43 15 32 13 54 41 25
14 41 14 25 51 42 14 53 50 60
38 12 50 37 23 31 23 38 23 28
13 31 12 14 13 24 8 33 43 41
2 5 53 12 10 12 60 10 7 31
28 48 20 1 14 33 3 21 47 16
1 40 22 26 26 42 35 5 17 3
26 33 55 54 48 5 49 30 18 36
38 52 32 23 11 60 48 55 29 24
47 49 33 38 16 33 34 28 8 9
19 36 48 47 31 25 31 59 21 36
37 43 55 20 15 7 55 31 59 10
35 54 44 30 45 9 47 48 5 15
16 10 52 23 39 47 10 44 54 35
32 50 59 9 41 21 31 16 22 32
11 24 55 13 7 60 13 42 31 37
18 57 16 12 2 11 43 40 38 17
49 58 6 43 2 24 1 49 29 57
36 38 18 50 26 33 10 59 19 23
18 41 20 1 6 39 4 11 2 27
3 49 44 8 35 28 9 21 59 8
26 9 48 53 19 43 34 33 35 33
58 8 49 31 36 33 60 9 45 4
46 27 38 5 3 59 10 2 55 9
9 37 34 37 37 14 50 39 57 6
2 50 32 37 23 25 51 10 32 29
20 13 57 3 54 21 29 25 37 23
11 53 40 20 52 43 30 4 31 50
17 41 2 38 2 60 52 6 22 6
3 58 53 7 52 21 45 15 44 12
27 55 5 38 36 24 11 22 42 6
6 27 35 26 27 50 41 58 21 47
53 52 16 38 54 51 13 47 2 6
58 40 32 14 36 60 32 39 56 18
39 20 54 45 6 35 48 1 59 44
45 26 24 13 59 21 59 34 36 33
51 54 38 48 60 37 48 36 1 55
16 57 15 57 20 26 49 40 28 51
15 10 21 32 4 25 31 1 10 54
57 5 23 40 56 44 27 43 8 23
39 48 22 1 7 2 40 48 32 31
30 32 46 22 46 17 38 42 6 36
46 48 2 24 52 24 34 31 11 53
3 35 53 12 29 58 15 37 18 47
37 9 9 51 60 26 21 3 22 32
11 35 8 29 15 11 39 32 9 42
16 42 36 21 34 32 14 5 53 2
48 30 44 27 43 24 30 49 24 41
30 44 40 57 46 54 51 30 32 20
39 55 46 60 60 9 57 40 57 13
53 9 10 39 11 30 47 47 47 53
19 2 19 7 25 42 15 24 27 53
50 14 31 32 59 16 1 59 37 58
27 51 6 22 60 49 11 31 29 56
29 11 4 30 27 18 6 27 15 22
51 24 43 20 60 21 32 31 54 40
4 15 17 17 33 38 23 39 13 36
8 34 59 6 37 53 12 45 4 52
8 33 19 40 26 16 46 57 15 10
30 58 13 49 42 17 38 2 58 13
4 31 21 24 16 39 60 41 43 35
48 1 25 29 32 27 27 14 4 5
51 4 33 6 36 5 60 54 28 58
38 50 53 15 14 21 46 54 23 47
18 14 49 48 49 54 37 37 16 8
57 56 9 35 54 35 44 44 51 21
58 58 60 17 58 34 42 40 31 29
34 18 30 7 43 44 40 56 2 8
49 17 48 32 25 11 32 51 26 17
23 37 44 42 13 7 31 17 34 26
45 28 52 11 26 14 59 53 57 35
18 17 25 27 43 21 19 16 11 13
57 1 19 58 13 57 10 25 5 23
9 35 27 54 31 40 54 12 36 56
13 15 10 51 59 30 16 55 29 57
57 40 29 14 8 15 42 7 45 49
29 25 17 31 52 41 22 55 39 14
27 8 30 2 50 44 32 2 12 41
36 8 1 41 22 12 52 29 14 60
1 29 35 32 23 29 1 20 15 14
56 33 53 51 58 56 4 9 23 27
43 20 11 28 60 40 60 11 39 7
16 24 32 50 57 1 32 9 27 40
29 8 38 25 53 34 24 5 49 1
35 1 36 28 12 48 20 4 29 49
58 4 60 35 46 2 8 21 12 22
12 20 37 51 54 22 6 28 45 52
40 51 35 39 58 12 28 38 50 31
42 34 54 47 23 22 42 45 55 46
27 32 52 52 37 30 59 2 22 56
14 10 29 20 39 40 33 4 45 45
33 45 35 27 3 40 28 27 53 36
60 57 15 3 48 18 60 52 59 40
19 39 7 44 8 48 2 46 7 43
41 10 47 41 14 1 23 44 49 18
26 43 19 11 28 38 7 30 31 56
41 59 48 57 7 41 12 29 44 29
36 45 41 34 17 32 36 49 45 39
10 6 28 51 9 29 26 41 53 16
3 10 11 23 27 35 9 2 17 7
48 1 48 20 23 19 25 2 44 41
48 37 38 34 10 47 48 1 57 46
9 48 32 55 2 25 1 2 29 5
29 53 57 29 42 42 17 47 23 30
28 34 16 14 17 58 57 2 7 23
51 46 57 14 52 6 49 60 30 11
50 58 40 18 55 30 53 32 48 15
41 16 38 48 58 35 10 20 60 59
2 54 59 8 9 36 45 1 41 4
33 50 32 41 23 46 32 45 45 32
25 3 3 41 9 57 15 17 8 10
36 41 42 17 29 2 57 17 42 4
51 58 4 35 25 44 35 14 16 13
49 7 57 18 57 60 8 54 14 28
43 18 48 11 5 46 46 23 25 47
52 2 25 37 16 25 58 39 35 47
26 40 58 34 46 54 8 44 41 33
34 46 12 18 4 4 37 28 49 27
5 20 57 23 11 39 21 55 30 51
44 11 59 7 25 51 38 55 17 6
36 4 3 3 27 14 39 53 22 16
21 48 33 3 37 40 25 45 9 47
31 3 12 22 53 16 3 28 3 18
42 36 28 32 26 60 4 10 18 38
30 7 7 24 34 37 10 17 55 29
7 38 34 32 59 2 17 25 34 41
55 60 59 57 15 56 24 48 59 52
18 14 48 3 23 28 35 59 28 3
39 16 40 9 37 29 15 35 29 3
28 1 6 22 18 40 10 23 12 1
8 22 20 1 49 49 30 1 11 40
49 38 1 15 31 15 7 25 58 41
8 37 53 45 55 10 34 21 30 19
27 52 29 38 6 21 51 29 43 32
3 26 3 33 20 5 45 29 43 32
5 50 22 30 27 10 24 26 43 32
58 22 54 11 4 15 48 6 7 45
30 45 60 58 54 48 56 43 48 18
34 6 17 26 56 46 42 59 22 36
18 53 16 55 47 30 31 10 17 16
48 39 46 25 17 31 40 43 22 16
44 4 11 11 34 31 35 45 3 6
51 7 54 6 32 50 33 10 40 1
38 1 43 18 54 47 3 9 35 1
45 50 11 47 28 27 43 21 52 1
35 60 15 10 6 60 19 50 11 19
47 26 60 15 1 35 26 44 42 9
36 1 21 19 22 51 46 58 15 19
34 1 15 32 7 54 34 44 1 48
58 50 59 24 30 56 58 27 48 3
3 19 13 57 54 19 60 48 33 13
26 50 14 2 52 46 19 29 30 27
37 55 41 44 56 13 37 8 16 55
48 17 41 41 4 37 17 59 56 1
1 36 49 34 16 21 14 38 42 34
53 1 1 34 20 28 32 53 17 8
55 34 42 47 27 28 48 15 42 55
40 50 20 21 38 29 30 12 17 48
41 21 39 16 5 7 60 34 31 26
45 17 41 9 54 60 14 49 31 37
55 19 10 8 15 4 52 5 17 11
7 41 49 53 26 46 24 11 13 60
42 8 6 49 40 55 53 27 22 22
26 53 7 20 14 17 9 10 20 7
1 32 53 45 13 17 22 18 44 45
59 20 47 11 22 11 2 33 13 42
37 34 13 37 5 5 13 19 8 34
8 14 42 48 47 15 59 6 43 21
51 56 2 8 25 26 50 8 36 18
33 58 28 50 42 32 32 37 17 55
14 3 19 8 51 46 48 25 53 51
2 52 2 31 58 1 6 6 17 18
26 13 25 42 31 18 45 42 28 50
50 2 60 60 15 59 46 22 11 25
11 3 53 6 31 53 25 16 50 24
10 54 17 30 29 19 39 41 47 16
27 39 10 18 28 53 3 50 38 36
26 28 30 58 2 31 23 14 8 26
10 35 35 51 14 23 2 44 35 37
42 4 14 19 58 59 48 54 44 46
41 50 52 59 15 57 30 4 40 32
13 52 29 31 15 33 54 60 14 28
10 6 45 7 20 18 14 3 43 10
32 23 28 51 17 57 41 24 24 38
57 8 44 43 26 27 55 42 24 2
51 40 37 34 1 25 16 37 17 8
30 21 36 15 4 24 60 23 1 52
21 54 12 8 31 40 49 19 43 28
31 49 17 11 13 43 58 10 31 28
25 17 32 38 16 54 59 18 34 40
33 36 2 10 38 28 59 33 16 27
1 9 21 60 18 8 31 14 60 9
19 32 51 37 11 16 60 3 33 27
19 59 34 55 5 6 59 23 1 22
36 58 23 47 13 39 26 18 41 27
28 48 41 35 44 52 29 25 47 18
5 20 25 29 3 39 43 39 41 43
58 24 46 55 4 35 53 49 41 1
17 15 46 14 15 42 24 5 4 46
37 26 23 30 29 60 45 3 15 4
11 48 16 33 5 32 12 43 47 60
34 2 21 36 37 3 7 29 51 21
6 33 17 26 46 19 52 45 33 59
24 1 29 54 54 17 51 35 19 17
24 43 10 19 31 54 57 57 60 32
13 4 5 36 14 14 38 43 46 39
30 42 20 10 24 20 35 59 2 53
9 40 31 4 13 6 33 2 36 38
60 42 21 57 29 10 33 15 20 56
3 26 5 42 30 36 3 5 20 52
52 1 49 16 44 16 47 33 53 44
33 38 53 4 54 45 9 1 21 15
37 9 17 42 52 22 33 30 19 3
7 41 44 15 32 4 21 31 34 30
49 23 6 3 37 55 23 9 13 5
60 3 47 2 25 5 42 38 13 26
60 20 1 48 12 49 15 47 12 3
17 60 43 24 36 59 55 21 13 14
57 38 3 55 51 15 55 41 11 8
35 13 59 51 59 45 40 58 56 50
33 26 39 9 32 30 21 13 52 5
34 10 18 42 32 27 38 15 18 51
24 48 22 5 25 51 8 29 26 41
11 20 45 26 58 55 25 40 52 29
18 27 7 12 15 38 26 56 9 40
15 48 7 54 9 15 52 42 41 37
40 29 40 6 39 54 56 37 21 47
35 53 50 37 10 28 22 44 24 4
53 31 24 14 31 42 18 43 13 6
52 49 42 9 57 24 23 59 13 37
47 40 43 44 59 5 43 16 32 53
4 56 13 31 51 27 38 56 59 58
32 33 40 35 7 4 43 34 42 10
9 9 11 37 46 22 8 5 7 43
51 55 49 21 44 40 48 34 38 15
37 35 54 34 47 40 46 35 43 4
52 60 36 9 18 46 14 3 14 34
48 10 6 15 39 60 51 51 11 25
2 15 50 7 48 25 28 47 55 10
60 26 56 29 21 11 60 28 6 23
43 22 11 11 57 22 12 45 32 39
18 32 1 42 17 30 52 56 38 17
22 12 30 33 56 50 42 9 58 35
12 52 52 15 59 26 12 42 25 30
58 24 41 29 45 59 47 19 20 16
4 28 29 15 20 37 15 30 38 14
12 34 6 54 34 22 2 28 48 13
13 12 32 35 15 19 16 37 21 7
43 49 42 21 4 40 29 53 48 20
42 13 11 56 24 15 11 33 31 7
5 21 42 16 2 7 41 18 37 49
13 47 16 52 20 53 44 33 52 23
32 15 27 54 38 47 49 17 8 15
27 41 32 58 26 24 37 26 7 36
26 5 36 13 15 36 52 53 48 54
20 43 44 55 18 1 45 5 2 56
55 28 36 6 45 5 36 56 3 14
15 52 21 16 2 37 17 56 56 33
38 11 50 1 6 20 44 46 16 15
44 56 25 7 14 44 32 58 20 4
27 18 4 31 46 25 59 2 25 4
8 50 51 54 27 14 9 38 52 6
35 27 31 32 51 46 37 4 36 50
57 56 59 38 59 53 41 6 41 29
46 32 38 30 25 33 26 58 30 12
9 42 7 56 55 11 33 43 9 54
51 35 6 10 47 7 15 38 16 10
9 21 48 53 17 53 32 52 37 29
37 56 50 26 39 47 60 34 27 23
49 26 33 4 32 6 29 3 3 28
60 45 1 36 44 1 41 47 56 47
16 29 22 27 34 2 52 28 20 56
37 18 58 33 12 51 58 60 57 12
45 22 12 54 57 36 29 6 1 13
36 17 1 42 24 39 53 24 48 18
18 23 60 41 40 20 43 34 5 59
34 5 4 55 4 47 35 49 39 11
41 51 23 34 39 55 18 22 30 59
28 42 39 31 35 19 13 1 43 18
43 59 3 14 39 59 18 45 41 39
43 14 48 34 27 9 34 54 46 30
7 43 33 37 34 22 20 43 13 9
16 4 22 37 12 43 19 12 11 46
31 22 23 41 4 42 11 7 40 11
30 30 12 24 4 30 1 22 46 9
49 47 27 24 10 41 52 22 35 34
7 26 43 16 36 28 21 40 38 22
46 27 22 14 43 44 18 21 9 45
13 31 14 48 12 50 10 55 46 27
54 44 42 41 41 57 53 31 28 46
13 25 14 18 34 59 56 34 18 3
30 13 43 56 56 17 46 55 58 51
53 28 59 23 2 2 54 31 40 40
36 29 54 51 2 53 38 25 8 1
22 13 36 51 48 24 44 2 48 40
40 51 21 13 43 52 45 52 23 58
49 15 2 50 32 9 28 21 49 41
15 12 53 34 50 7 37 51 43 49
56 47 3 10 30 52 26 48 32 51
58 37 52 11 56 55 21 42 14 7
13 41 2 21 48 40 2 17 56 55
45 25 21 43 34 4 26 21 44 49
11 28 24 17 14 8 57 33 48 52
31 60 6 48 10 58 23 25 54 56
10 24 16 30 18 28 48 48 57 24
19 28 34 13 6 53 2 26 3 30
16 7 33 5 26 30 18 38 11 11
51 46 51 2 35 5 39 43 56 60
43 42 6 30 14 55 19 42 58 9
3 4 16 38 43 40 6 30 5 2
18 32 48 33 15 2 11 37 57 41
30 45 13 12 57 54 53 43 39 56
52 32 54 8 7 1 4 18 2 10
16 10 34 36 42 25 33 36 17 2
21 18 26 14 50 1 14 47 22 42
58 56 48 56 47 10 10 1 11 56
9 10 20 25 22 38 43 57 44 49
42 10 30 52 13 50 56 24 6 34
5 31 24 2 45 27 32 10 10 51
36 17 13 57 55 32 23 34 16 34
9 7 2 5 53 34 32 15 3 55
49 30 29 36 17 22 28 51 37 31
53 10 10 18 14 46 43 42 47 35
30 11 7 44 31 37 53 36 3 8
31 10 7 1 16 57 52 22 57 59
57 31 9 54 37 58 60 19 18 27
48 6 5 24 53 13 22 60 51 4
44 35 27 21 55 28 40 21 38 21
5 29 7 53 42 49 40 38 14 8
1 2 24 60 12 33 52 35 35 57
32 56 54 57 41 15 47 52 42 58
23 44 53 23 23 36 12 19 34 17
26 18 41 51 16 32 52 43 58 13
40 9 23 44 38 57 11 34 45 37
51 30 34 6 32 41 15 28 45 50
59 29 7 58 23 20 3 20 36 45
15 40 56 8 44 52 19 23 28 4
18 49 59 23 40 40 22 27 12 18
7 55 21 43 11 42 19 23 4 34
29 33 16 14 42 34 8 39 50 43
40 55 4 33 58 44 41 24 45 33
37 31 25 2 37 58 31 21 40 23
7 46 22 24 29 54 21 26 7 28
26 35 37 35 36 30 12 26 30 24
40 44 15 35 46 49 51 36 5 2
46 32 16 28 2 50 58 10 33 56
49 22 51 53 44 10 55 57 20 56
28 34 28 47 16 41 56 42 36 37
41 56 33 14 49 24 15 58 11 32
12 43 12 38 39 17 48 20 57 43
15 18 14 2 57 53 18 60 57 39
39 12 6 39 10 9 56 3 4 3
55 12 26 13 48 43 49 30 38 26
17 34 6 6 28 59 34 58 2 14
50 30 7 9 20 26 3 58 19 13
11 23 42 15 23 48 58 48 40 57
21 11 7 51 49 35 10 41 45 36
6 47 27 34 53 30 23 14 42 29
14 26 53 20 59 25 25 39 8 26
55 35 28 25 21 17 44 36 31 41
8 37 16 14 46 50 33 19 39 13
13 40 11 54 55 52 27 33 34 44
12 22 46 58 47 25 20 4 34 25
46 19 57 27 43 32 24 12 53 11
38 11 49 31 55 41 38 51 14 35
60 1 51 13 14 12 28 3 5 27
18 59 8 24 48 58 47 7 4 10
38 1 12 48 14 44 59 2 49 27
47 9 18 42 5 49 55 49 30 22
48 34 41 38 57 4 11 53 42 53
12 5 13 12 47 21 21 23 16 6
26 52 14 43 12 35 43 25 40 4
4 53 53 43 38 15 40 6 16 25
59 12 42 53 42 17 46 14 31 30
5 18 41 30 4 55 15 45 19 50
60 41 58 39 51 35 27 57 51 56
36 1 34 59 17 55 9 56 35 56
42 58 45 24 28 38 27 57 46 60
48 38 42 52 49 14 58 35 41 1
35 36 30 39 53 54 17 52 47 47
45 57 47 9 18 24 55 4 31 33
48 59 5 27 8 7 51 10 54 53
34 59 1 60 15 25 51 4 7 43
59 23 29 53 47 17 29 20 57 30
50 4 19 4 44 4 39 18 31 12
25 5 34 60 30 26 40 12 32 33
10 22 27 46 12 3 51 10 34 31
11 29 56 17 49 23 24 41 19 23
11 56 28 29 39 4 13 26 54 53
56 47 40 31 43 18 30 42 38 22
56 29 49 17 60 27 3 57 19 7
50 9 50 27 59 45 5 3 28 48
6 51 31 14 8 51 39 36 25 29
19 38 43 24 34 7 18 54 18 9
54 8 39 18 21 44 8 31 31 13
10 15 48 27 39 41 33 44 60 40
15 59 45 12 51 22 44 50 21 28
13 10 18 12 24 35 16 17 13 56
32 38 15 9 9 1 19 32 43 33
2 60 8 40 43 16 45 5 20 40
55 11 38 57 44 39 27 34 43 23
2 3 28 41 24 50 28 48 29 20
55 32 12 25 59 8 36 20 28 41
9 57 7 22 48 2 19 50 52 58
58 24 47 16 11 48 5 10 22 51
12 29 45 21 22 7 16 50 20 38
44 43 21 11 25 59 16 31 13 16
4 13 58 47 60 32 11 5 60 13
45 4 32 14 43 60 43 49 49 23
45 20 28 10 25 59 16 41 42 56
32 11 7 38 50 43 18 42 60 27
45 16 30 18 4 58 37 19 52 25
16 20 56 25 52 22 32 44 38 37
21 16 31 13 37 40 13 47 18 53
8 2 46 56 32 29 10 56 58 57
59 24 19 4 6 31 58 34 22 26
48 50 27 32 11 39 9 11 9 36
34 52 31 21 21 52 49 27 51 32
23 9 49 60 31 52 13 59 2 35
51 52 29 37 45 3 26 29 58 54
3 52 38 6 56 19 59 60 9 49
57 29 57 8 57 6 4 23 43 40
25 13 29 12 3 9 41 49 1 37
43 60 21 60 24 56 51 59 59 36
25 53 42 38 39 20 25 26 29 7
29 33 40 40 35 24 53 16 22 25
49 31 4 58 51 40 37 60 29 14
38 56 47 22 28 27 21 34 17 30
58 53 32 57 29 39 37 37 20 58
26 36 42 47 30 60 53 8 20 23
59 36 40 56 37 2 30 30 8 47
35 48 14 13 1 9 54 54 12 37
4 11 49 11 15 36 56 40 52 45
27 54 18 1 60 9 45 45 43 7
2 13 15 51 27 30 28 60 41 13
20 25 34 1 1 18 30 38 27 21
57 4 32 15 48 40 9 45 56 16
36 2 33 14 48 45 39 33 17 6
31 58 13 2 5 6 12 10 28 20
49 17 60 60 45 48 39 24 2 4
14 16 26 26 37 27 52 22 13 39
55 3 59 32 47 42 53 3 2 13
41 59 32 5 15 51 22 53 44 2
10 43 15 35 49 24 25 56 31 45
52 17 42 58 42 25 38 8 60 9
37 17 37 34 41 5 29 8 38 23
31 3 42 26 10 35 24 3 47 18
41 24 16 3 29 46 41 40 10 54
4 18 33 24 4 24 50 40 51 15
54 6 60 40 25 14 9 10 12 60
52 23 2 55 7 52 50 22 1 11
56 23 11 13 4 57 21 41 54 58
22 33 41 41 30 55 7 16 47 17
52 7 53 33 53 37 12 7 50 52
50 25 22 41 6 21 26 20 36 35
15 23 48 39 56 54 22 11 51 13
5 1 20 40 6 9 12 22 30 54
47 23 53 19 24 37 27 50 53 12
45 9 15 60 29 44 26 18 50 39
48 48 36 24 29 2 4 60 26 16
48 24 23 34 11 58 43 27 55 23
4 27 43 5 24 53 21 39 6 11
33 4 51 28 56 60 23 26 53 2
58 51 11 33 31 55 51 34 44 16
55 8 30 10 51 28 54 1 34 31
30 24 40 54 15 16 28 39 49 33
23 14 3 54 10 37 47 24 53 4
52 32 11 23 48 25 14 15 57 22
27 28 17 54 27 29 31 43 9 59
46 58 45 2 34 34 5 37 48 36
37 31 36 25 49 22 35 14 10 28
29 59 55 10 14 15 23 40 27 46
10 32 45 44 31 27 18 20 17 3
12 46 5 15 20 17 16 55 19 33
20 21 4 60 29 19 14 18 43 50
30 60 4 42 22 4 18 16 60 23
23 52 2 36 2 17 17 27 22 55
44 42 21 6 44 8 52 52 48 54
16 21 52 57 27 35 42 60 44 45
58 60 27 19 12 53 37 52 46 55
26 3 53 57 36 8 49 45 55 57
31 37 52 26 13 22 33 4 41 2
53 9 17 26 57 21 42 51 4 34
21 1 3 12 58 8 27 35 24 11
57 15 34 11 28 41 42 57 58 38
60 59 19 21 53 40 44 13 50 59
38 58 56 12 52 31 44 7 11 54
40 3 10 39 1 48 8 49 25 24
8 34 44 34 17 2 37 36 3 25
15 54 7 57 53 29 47 51 17 36
38 54 18 21 23 54 24 14 47 36
19 17 29 18 56 54 46 53 44 46
14 7 42 5 10 1 17 31 4 17
7 21 31 8 11 15 17 39 6 25
21 39 55 19 19 38 22 7 4 17
46 33 9 26 16 3 22 4 27 33
6 40 16 46 57 55 20 44 39 54
10 4 27 52 57 40 1 50 59 33
44 25 27 9 9 13 9 32 6 32
17 22 3 49 41 59 58 15 37 7
23 2 42 6 11 47 40 11 59 51
53 32 25 58 17 53 46 38 33 5
42 34 5 37 37 2 7 3 11 50
48 26 4 42 31 36 58 57 48 10
42 8 11 17 50 57 32 30 43 27
1 2 19 22 39 10 49 52 26 47
32 30 25 51 10 30 2 53 27 9
50 48 59 3 53 60 34 27 46 22
44 56 2 52 44 29 42 55 1 48
53 20 23 8 27 55 13 58 41 3
32 7 6 36 17 46 36 5 26 11
3 47 26 58 55 53 35 31 23 60
43 15 49 36 37 41 37 38 23 53
18 53 48 44 10 3 57 31 18 2
14 53 41 49 57 43 41 10 10 31
14 18 13 34 48 12 17 34 3 8
50 8 38 4 18 6 10 56 8 48
36 27 20 41 49 28 17 19 53 20
39 2 48 27 16 33 10 19 52 36
14 9 21 55 47 22 53 24 51 51
8 48 53 22 57 33 25 27 42 4
30 44 21 13 54 35 25 30 53 49
24 58 36 20 51 37 3 35 56 49
27 39 43 22 38 22 60 8 1 35
55 21 50 35 25 12 37 26 14 25
56 51 32 46 54 5 25 16 32 39
21 57 9 35 17 22 13 57 35 23
58 57 8 13 4 12 29 51 44 20
45 25 1 60 34 5 49 47 45 42
57 49 20 6 4 12 53 17 30 50
58 51 25 5 9 30 23 7 56 14
47 24 31 49 12 43 12 31 23 42
40 50 22 8 32 43 53 30 4 49
46 21 36 6 9 38 22 32 16 54
37 4 50 51 40 47 25 11 10 19
18 5 33 27 7 44 27 33 1 43
57 29 51 56 15 31 56 50 32 28
37 49 29 9 50 50 20 7 29 38
4 35 10 27 60 42 60 6 20 44
8 48 52 24 37 23 54 56 35 34
48 18 17 6 30 11 46 50 25 14
59 38 31 56 50 35 15 52 58 31
20 5 41 57 54 17 32 11 44 39
27 55 15 28 31 34 35 50 7 48
39 25 31 39 2 1 6 4 24 32
32 51 10 50 13 28 38 19 13 22
6 12 19 17 56 14 59 1 31 51
51 18 6 21 8 34 47 35 59 31
48 25 58 49 15 55 7 57 4 20
21 24 5 12 50 14 6 15 20 38
57 34 30 19 12 17 21 41 19 23
18 46 15 32 52 55 36 15 54 3
45 57 9 25 51 28 47 15 13 31
33 24 7 17 3 22 23 51 55 42
32 28 18 40 43 24 36 13 11 13
26 2 60 3 48 14 31 6 17 57
12 57 48 37 5 52 12 47 15 43
9 23 60 13 22 20 27 9 13 49
8 45 19 5 46 38 29 8 7 3
44 12 28 4 20 3 54 6 44 17
25 16 42 33 10 41 60 34 22 27
19 7 22 48 6 22 23 37 18 27
46 59 15 38 25 49 19 53 57 23
27 12 24 19 54 38 43 14 25 20
38 50 45 50 56 18 11 7 47 7
17 33 11 16 24 24 15 16 42 40
33 16 3 43 42 43 59 32 14 23
53 33 21 20 56 20 59 26 40 38
2 40 2 6 37 44 30 36 26 10
20 37 54 19 23 47 30 38 31 42
29 2 11 5 9 44 52 21 49 24
60 29 14 43 15 20 47 39 10 10
11 5 58 3 13 41 54 18 38 38
5 3 11 43 46 57 10 15 56 48
30 46 28 50 17 43 38 38 56 44
59 20 13 1 19 14 28 32 60 26
51 54 16 30 50 58 19 37 13 9
19 31 38 49 59 54 5 15 14 30
40 34 31 52 45 44 29 20 9 59
31 11 60 10 54 30 16 19 21 57
46 48 58 31 12 5 39 42 25 28
45 40 15 31 18 18 14 10 23 43
26 1 20 43 36 37 49 32 3 19
12 51 4 46 33 42 20 45 37 33
10 43 28 13 12 44 23 49 60 9
39 4 13 27 43 56 4 23 43 34
3 59 24 29 37 2 52 4 53 26
23 54 54 15 38 33 10 51 3 52
52 6 41 41 49 46 39 17 52 49
20 20 25 52 30 26 40 47 13 29
43 45 27 38 60 39 39 56 18 31
27 28 30 17 53 48 6 2 2 49
45 50 35 52 16 30 37 41 33 11
19 17 11 12 29 47 51 57 24 46
40 22 3 57 7 51 10 46 21 33
15 44 18 3 7 30 47 15 18 48
13 48 50 56 50 21 12 31 49 43
18 42 57 50 9 33 8 50 40 44
40 34 22 34 57 38 5 38 6 1
21 54 56 52 10 3 30 7 46 35
20 45 31 17 51 20 30 59 13 60
45 7 49 51 50 10 26 9 2 10
20 59 51 3 57 36 41 10 22 21
31 49 10 37 22 16 26 25 41 32
39 59 54 26 33 53 44 51 1 53
24 32 28 23 49 55 37 4 20 7
33 48 34 40 4 58 39 20 45 21
30 15 29 33 43 4 55 54 42 30
43 28 54 13 10 51 51 24 39 41
60 58 39 55 30 28 34 58 46 15
41 26 37 56 17 21 9 44 56 5
2 6 51 17 27 44 58 35 12 56
33 40 54 52 10 49 9 56 2 20
15 1 57 6 60 19 51 58 49 7
2 16 40 24 29 52 37 44 40 39
30 14 56 3 18 3 43 21 2 16
56 20 7 51 39 10 60 41 38 22
42 34 5 10 28 29 8 9 32 6
41 29 20 11 45 4 18 25 2 19
1 55 13 52 24 32 48 57 28 43
31 60 1 46 28 20 53 30 56 60
38 13 29 45 11 13 41 12 27 8
12 40 27 7 33 58 20 34 3 56
6 48 2 58 28 23 32 38 54 50
23 30 58 31 29 7 29 53 12 29
16 17 2 22 50 38 5 26 46 25
30 26 60 30 4 18 14 19 54 15
35 59 28 59 20 39 52 37 13 39
28 53 9 12 53 46 53 28 47 50
39 33 9 45 38 44 37 11 33 27
38 23 47 15 24 58 44 18 15 9
56 47 3 42 58 5 56 33 27 47
13 36 45 55 1 46 18 57 43 60
52 59 43 7 56 12 23 56 33 15
45 20 36 49 54 7 3 29 35 41
35 19 21 45 16 6 35 3 52 33
60 32 49 35 16 26 51 12 40 60
26 14 2 32 16 41 25 60 41 48
53 45 48 42 4 15 6 44 60 38
51 48 20 60 18 44 46 44 44 49
58 21 53 58 52 16 36 18 50 8
24 48 39 8 6 34 5 42 17 48
17 7 46 22 14 6 52 47 44 2
59 34 52 15 55 40 60 52 18 55
5 37 28 58 4 26 43 10 21 18
51 59 31 55 56 2 41 19 32 36
6 34 23 30 48 29 32 42 14 30
57 42 25 11 30 56 23 3 35 54
57 36 54 8 38 4 37 53 10 13
47 40 13 50 3 23 31 18 24 35
45 16 37 3 26 8 60 60 24 59
42 21 16 36 19 22 29 48 32 40
59 57 12 45 14 8 25 5 38 15
18 1 21 49 48 11 29 23 13 12
60 16 44 36 56 3 50 31 56 10
51 30 1 58 27 35 16 52 2 21
37 56 25 52 56 38 17 13 15 10
18 58 49 16 38 43 32 23 22 25
27 19 48 60 45 15 11 24 3 38
15 47 27 22 24 40 32 18 47 16
59 3 35 8 42 41 60 58 32 44
3 39 56 54 23 17 49 11 38 32
15 55 2 51 17 41 31 53 26 54
10 54 51 47 26 32 8 60 36 3
8 38 18 36 43 4 5 48 5 34
46 4 47 19 45 41 16 35 55 7
10 31 43 54 41 28 40 59 25 25
44 18 10 7 27 4 25 54 32 14
47 29 23 4 18 28 59 43 57 32
1 10 11 6 22 20 21 39 55 22
12 41 35 44 30 3 41 33 43 24
21 8 22 53 35 2 49 58 10 1
13 57 56 14 5 12 1 6 33 9
3 47 11 2 5 49 33 60 39 45
54 1 4 54 54 54 10 57 45 32
24 51 41 10 16 33 44 10 17 25
59 51 18 59 59 9 26 56 38 17
46 53 60 58 52 60 45 43 46 59
11 7 18 16 20 14 2 23 5 54
37 10 42 15 2 53 3 25 26 32
19 40 39 38 10 43 18 16 32 55
36 45 17 14 52 13 5 16 38 33
50 4 13 24 30 20 12 43 18 32
20 28 29 24 30 32 14 54 40 12
52 17 41 53 4 57 55 43 35 13
31 8 60 46 11 1 16 31 38 36
33 39 45 31 57 32 15 9 17 40
41 8 42 49 9 44 16 17 59 55
10 8 5 5 55 49 46 9 11 42
6 39 30 35 34 25 54 39 25 33
18 3 40 27 48 32 36 10 31 56
42 5 30 24 51 7 2 37 54 12
37 29 28 9 9 30 48 54 21 22
36 20 59 11 31 54 52 30 53 6
1 31 42 37 15 57 40 58 29 22
29 13 3 45 32 10 19 19 27 48
54 55 53 57 39 23 5 11 24 3
2 17 1 35 19 33 36 51 34 23
48 52 55 5 39 24 17 11 27 34
15 33 56 20 57 8 21 8 43 55
4 36 22 4 28 27 59 23 46 27
56 15 48 44 59 35 9 50 19 30
42 15 44 26 57 53 8 7 34 1
2 15 8 35 42 49 32 1 31 47
55 59 1 7 56 34 3 35 25 47
50 37 40 6 49 24 52 17 23 57
25 38 17 50 16 38 5 31 51 24
26 38 10 20 46 9 57 41 38 27
51 45 19 43 14 47 56 50 25 28
41 38 4 24 7 32 31 21 54 47
10 43 26 32 12 13 49 52 33 23
28 10 15 58 9 35 22 18 25 49
43 44 35 3 9 57 55 34 32 53
35 1 11 12 51 17 10 38 9 6
11 53 45 36 1 45 12 18 23 46
22 33 57 49 49 56 20 34 35 25
9 9 14 27 5 49 21 22 57 60
11 32 23 39 3 33 42 3 18 58
26 34 29 7 8 39 18 51 26 14
45 41 11 48 22 29 16 30 26 49
13 14 3 59 6 24 27 37 32 52
44 17 30 18 1 40 4 55 9 35
15 9 53 15 34 34 58 41 23 55
25 23 28 35 6 10 22 50 60 10
18 36 39 53 27 51 18 48 43 56
18 54 5 28 8 16 7 4 40 32
7 26 23 51 54 43 55 19 39 52
12 44 28 59 9 26 47 54 5 15
48 50 55 50 11 29 46 46 1 49
27 10 22 45 20 30 19 2 3 55
14 26 32 20 42 53 9 48 58 37
53 6 48 18 9 9 46 9 27 52
2 6 55 53 20 34 17 5 13 42
45 13 53 40 42 39 56 16 57 1
47 45 8 21 29 41 47 26 51 41
19 6 39 45 54 40 59 7 21 12
20 52 53 9 45 40 44 57 3 24
28 13 40 32 17 26 13 29 38 36
52 8 57 1 1 12 55 17 60 31
31 24 40 44 11 17 25 52 14 33
55 23 39 47 54 20 60 9 14 13
40 25 29 52 57 30 2 21 19 53
30 1 31 2 55 49 16 18 28 4
42 20 9 33 58 57 12 2 34 44
39 25 32 50 29 12 19 56 37 19
40 47 51 27 42 8 36 28 14 54
42 42 6 6 3 7 12 20 31 43
4 24 18 20 18 55 1 41 10 35
8 5 7 36 55 5 31 56 35 10
60 21 18 39 50 43 39 3 22 51
18 42 28 25 44 17 38 7 49 6
41 32 44 44 55 45 48 29 58 13
49 10 19 50 24 28 27 51 38 44
59 30 23 52 18 5 60 45 25 1
22 44 46 28 13 20 7 4 14 5
13 2 37 45 32 22 16 3 31 33
1 42 52 28 12 11 13 26 57 20
25 23 49 24 9 9 8 25 6 54
27 18 34 37 48 12 3 36 26 32
47 43 52 22 21 34 16 52 25 58
6 60 34 20 45 18 46 23 55 23
37 24 48 38 45 55 45 53 53 51
10 38 50 39 36 17 49 24 39 37
21 49 12 57 18 43 11 47 26 39
25 4 32 51 48 6 57 56 19 27
16 17 9 27 28 21 25 59 26 3
54 3 31 15 15 10 27 31 34 15
3 27 45 23 37 43 14 23 20 35
51 52 9 7 3 41 10 9 13 11
10 23 17 20 45 56 2 5 34 28
31 34 25 1 58 57 44 32 25 55
31 47 22 52 28 35 24 25 34 41
6 32 48 46 8 33 34 1 8 34
22 15 20 33 24 39 15 47 7 18
19 28 10 15 46 16 4 14 3 52
1 52 46 16 23 54 9 59 24 43
58 53 42 3 13 27 6 36 46 1
40 44 48 50 35 59 27 35 5 37
6 25 54 8 33 22 24 34 25 7
59 19 5 10 52 24 28 50 34 39
48 31 37 49 28 57 4 20 56 58
51 59 36 55 16 12 25 58 60 23
27 24 44 36 41 46 31 12 32 15
20 46 10 16 60 2 20 46 44 2
59 15 56 21 24 54 29 31 9 28
19 38 57 21 32 8 60 46 42 40
40 48 25 15 22 11 52 21 35 18
29 45 12 22 60 35 42 53 49 45
4 8 35 10 34 29 15 3 17 55
6 39 8 56 36 33 23 56 22 59
8 46 10 5 5 19 31 20 56 24
20 49 3 44 32 51 20 59 32 8
7 22 35 53 32 48 40 15 4 30
19 33 9 44 58 34 9 33 4 30
21 56 55 26 8 34 30 56 54 6
10 43 20 17 19 43 28 51 52 57
10 46 52 33 8 37 22 39 23 2
52 38 45 9 55 8 2 15 40 31
39 18 42 43 22 23 59 22 33 30
30 23 2 4 53 25 24 55 4 13
11 48 24 22 44 3 11 12 1 52
54 22 57 5 34 4 60 10 60 20
12 24 60 56 56 23 55 10 34 3
18 49 29 38 46 9 54 54 48 16
38 57 31 20 58 8 58 12 19 5
49 53 42 36 34 1 26 25 43 56
13 33 19 41 19 55 42 60 51 48
2 31 39 7 6 14 22 34 23 20
16 47 49 42 47 44 26 4 7 1
14 25 4 7 58 47 59 12 18 31
25 34 44 40 38 34 36 8 11 58
52 54 46 57 34 37 53 9 49 12
17 55 26 34 49 33 19 27 24 36
52 20 46 33 53 27 21 22 58 44
42 32 30 54 44 4 20 52 34 22
42 39 58 50 11 43 52 23 42 48
50 13 2 35 44 39 44 46 5 57
49 42 38 46 27 5 14 9 18 12
49 29 39 39 5 3 48 42 56 57
32 33 8 17 17 4 28 54 10 45
44 36 60 20 56 30 37 23 58 55
31 18 55 7 18 17 19 25 7 43
15 41 52 47 7 29 45 6 16 13
23 52 47 21 32 15 48 14 13 58
56 19 4 58 59 9 4 22 53 56
40 53 21 36 3 10 21 5 43 20
13 59 46 22 35 37 19 54 35 38
57 7 8 9 8 51 59 39 56 32
38 46 20 15 30 42 56 55 47 17
4 59 3 49 18 17 2 43 59 24
53 55 13 49 14 50 53 34 3 4
45 29 27 14 33 34 39 42 31 40
51 27 3 34 13 21 7 36 54 7
52 21 28 33 32 58 29 53 9 51
51 26 52 3 1 11 32 25 58 19
11 40 19 7 20 57 51 47 11 26
48 45 14 8 18 6 13 12 11 27
31 57 20 3 5 7 19 16 36 44
55 39 50 4 54 18 14 43 18 41
45 42 17 24 23 23 3 16 6 8
19 33 58 52 1 42 42 20 34 4
47 26 59 10 25 56 33 2 8 55
28 40 38 10 20 15 27 6 13 8
48 19 54 18 8 12 28 24 21 43
33 31 59 50 39 46 14 11 31 37
27 25 36 6 52 47 40 46 50 54
47 58 58 51 31 8 57 21 57 17
39 19 57 53 29 33 4 11 25 38
33 17 43 48 24 42 2 16 12 16
23 57 19 13 18 22 28 29 1 20
8 55 14 35 2 33 50 20 42 49
45 52 59 45 46 31 43 39 37 19
10 19 9 50 17 48 5 24 13 47
20 17 45 49 44 8 31 4 14 57
44 47 5 38 54 23 8 47 6 44
15 23 14 30 48 20 19 26 49 13
23 33 45 52 35 55 19 21 18 51
34 34 19 49 35 3 21 6 28 44
7 40 15 46 6 54 10 6 42 36
9 57 23 15 27 45 58 49 52 17
29 41 32 54 24 26 17 45 33 36
33 2 15 52 1 44 35 36 2 51
3 6 2 45 20 17 14 12 41 14
36 34 43 55 24 21 29 39 51 44
30 57 41 6 38 37 41 28 14 40
42 59 37 35 13 16 2 20 6 23
12 18 38 30 20 15 58 3 34 57
4 51 22 37 7 39 40 50 1 31
2 27 29 4 41 38 39 5 8 51
24 36 21 4 44 40 58 14 44 9
44 6 19 40 28 17 1 46 41 18
21 1 52 5 24 54 13 18 48 26
37 59 39 45 16 42 14 4 58 38
8 46 12 50 46 20 3 7 32 7
10 42 39 14 50 46 54 38 5 43
1 8 14 42 58 11 34 24 58 27
9 14 48 17 54 41 33 19 36 17
45 53 42 44 37 53 12 57 2 1
45 51 40 37 7 52 36 52 37 22
20 24 47 49 35 53 15 30 37 20
14 35 45 37 40 30 46 1 9 58
36 56 51 30 2 32 37 53 27 9
3 2 1 7 26 22 58 37 35 58
5 9 28 46 24 49 16 22 21 55
36 28 47 48 59 29 49 28 56 7
40 33 39 33 20 57 38 51 24 60
43 3 47 49 28 46 38 41 3 47
56 27 42 60 1 55 32 56 3 23
44 42 32 36 5 56 29 35 30 56
22 34 44 12 38 29 60 7 22 43
45 3 29 2 35 5 21 52 20 14
44 7 5 13 27 5 20 21 27 23
47 30 45 3 58 7 2 53 10 3
15 47 7 28 15 14 44 29 41 38
26 22 1 7 26 27 26 34 21 50
26 7 10 43 16 60 58 20 20 38
35 40 5 5 19 4 15 24 43 58
50 56 34 20 25 51 44 37 26 12
51 55 1 21 6 15 3 60 2 10
36 23 24 9 10 23 29 42 33 31
60 58 16 41 56 41 37 57 35 23
12 19 45 34 47 4 28 24 19 36
28 47 50 44 56 6 21 45 31 5
50 25 31 60 33 37 39 1 12 34
40 20 51 17 58 59 16 22 19 6
27 10 11 24 25 41 48 8 10 9
38 40 44 47 49 46 17 44 52 30
48 38 28 7 31 54 53 29 45 18
17 13 59 43 1 34 59 35 13 57
54 47 27 40 47 17 7 31 53 55
14 26 13 23 22 59 24 29 46 3
3 60 15 39 16 46 55 7 54 3
55 32 48 54 4 27 7 9 12 36
49 54 35 50 39 22 17 14 24 52
54 20 40 37 45 15 36 23 49 23
20 5 24 49 30 46 47 11 58 32
25 42 6 56 30 2 56 16 48 20
5 52 37 20 55 40 32 42 47 48
45 13 3 7 12 59 20 54 12 4
10 57 52 52 47 49 56 7 3 22
60 36 28 55 23 55 26 21 13 38
34 45 1 15 52 24 8 16 6 39
21 50 57 33 25 26 5 43 18 11
1 53 46 21 40 18 55 24 3 28
52 54 33 21 21 10 36 9 54 3
7 38 39 42 3 27 48 24 17 15
28 39 31 32 58 23 2 26 4 15
44 8 35 44 38 41 41 35 12 14
51 35 19 58 10 43 11 31 7 31
16 43 19 47 13 58 22 17 24 1
17 16 41 43 31 11 59 7 2 6
3 36 53 53 25 4 1 59 59 7
8 23 52 18 11 34 21 4 34 45
50 41 25 21 12 49 50 5 22 37
45 58 6 38 56 21 36 14 30 38
21 15 1 24 25 56 37 48 36 5
32 57 57 57 47 16 51 44 46 49
7 4 36 31 7 7 3 1 52 55
29 4 47 6 27 26 10 16 43 20
53 47 44 39 33 55 14 43 50 45
29 20 8 30 47 53 29 9 43 28
58 52 24 41 43 27 49 47 1 14
29 24 44 21 9 20 55 23 24 23
38 13 47 6 21 36 48 10 17 36
3 57 52 27 3 25 30 9 14 40
10 26 29 25 15 23 41 21 5 51
4 13 15 15 59 16 43 23 48 34
55 32 51 51 47 7 2 30 60 44
33 44 48 21 6 32 35 30 42 59
9 25 33 58 42 28 54 26 48 58
2 32 40 30 25 60 50 15 47 44
22 33 50 53 26 50 60 25 57 60
5 7 44 12 38 6 33 52 56 47
25 1 25 33 59 26 28 47 40 41
44 41 31 35 24 29 15 42 4 44
53 54 7 2 50 33 45 10 39 13
30 34 47 7 50 59 35 3 14 43
40 8 16 46 51 24 52 17 47 23
59 29 10 22 1 27 37 26 40 22
11 18 57 47 27 54 5 32 29 37
58 39 19 55 60 4 5 15 54 19
45 56 55 8 18 14 49 31 38 37
11 43 2 25 19 15 58 26 35 24
1 33 44 34 26 36 36 51 9 12
10 30 56 3 9 23 40 27 18 17
35 48 30 8 50 44 56 49 27 24
51 59 16 48 52 45 60 4 6 25
9 36 50 38 3 36 46 31 60 17
42 46 31 38 5 57 14 35 41 26
13 13 8 39 15 7 14 37 43 16
49 14 60 37 1 9 29 3 46 19
36 19 54 15 5 51 16 19 51 33
23 52 8 42 5 9 6 23 57 50
57 58 25 6 38 30 29 48 30 32
10 30 8 8 17 58 58 8 53 33
53 60 44 28 1 9 9 43 55 42
46 49 18 3 27 6 3 36 34 53
28 23 60 22 18 42 27 51 9 17
20 14 24 6 1 45 32 53 59 51
37 25 7 50 57 31 54 39 35 51
13 27 56 35 3 36 34 40 48 2
21 58 7 33 33 52 7 7 8 37
46 60 26 45 41 30 3 35 42 20
45 41 41 47 40 22 24 17 49 15
52 60 23 58 30 59 30 10 10 35
24 38 2 49 7 11 50 37 56 32
5 3 23 16 23 40 25 22 3 24
54 33 18 55 48 18 48 47 3 9
18 39 26 29 54 1 43 41 33 33
58 44 22 7 57 7 35 8 22 44
34 30 15 43 3 6 21 3 20 52
58 21 4 28 60 56 35 49 13 32
2 30 53 33 22 50 7 11 22 2
48 36 29 46 14 52 16 25 46 39
41 31 13 32 25 39 41 19 2 26
54 60 21 49 16 52 49 56 47 36
49 44 59 55 43 3 48 17 10 27
10 60 21 17 3 16 54 60 45 12
17 44 3 48 25 52 46 25 43 33
5 30 42 30 47 49 47 4 33 10
8 19 26 11 1 45 34 1 16 28
15 12 42 48 19 2 8 30 25 37
8 54 12 27 57 27 52 9 56 21
50 54 1 17 24 59 12 42 20 40
24 50 42 51 47 21 12 3 32 56
9 3 49 11 15 1 2 6 8 17
14 41 29 27 42 39 29 33 17 54
40 46 12 28 33 7 2 36 22 35
12 48 31 43 28 55 11 46 13 20
49 3 17 21 45 1 1 1 16 41
45 51 12 11 10 41 10 47 36 2
8 50 9 12 20 8 52 6 13 20
15 34 44 54 38 49 50 31 9 1
2 17 36 22 60 7 24 44 14 3
60 4 48 49 41 2 6 55 9 58
57 12 52 59 5 11 48 6 32 18
34 47 25 40 42 23 46 41 50 55
38 28 35 40 12 37 42 9 10 29
33 10 16 45 1 36 54 28 24 53
39 21 53 31 10 37 26 14 7 50
29 7 1 42 39 42 59 34 40 57
45 31 3 14 10 37 4 26 44 48
44 53 34 18 27 20 34 27 20 8
10 17 4 26 13 8 31 38 2 12
26 15 12 45 46 27 41 17 44 31
38 53 57 24 9 59 13 51 6 30
52 58 42 22 2 37 46 18 12 42
9 52 47 48 44 55 59 40 25 17
29 57 42 16 53 56 48 41 6 41
1 37 35 36 45 33 54 55 59 60
24 57 4 13 49 19 29 1 43 25
33 12 32 26 56 56 13 55 19 4
5 33 52 31 28 4 18 44 42 20
44 58 38 50 26 12 22 12 19 28
15 58 38 35 4 25 5 33 7 52
42 15 21 28 48 12 35 60 57 6
40 20 48 24 4 9 34 40 23 3
23 10 33 38 7 57 45 15 34 49
24 8 14 24 24 50 45 13 7 48
40 4 42 24 19 41 5 24 36 12
57 10 1 13 58 23 19 42 50 1
19 26 32 31 38 54 12 39 15 19
30 17 1 55 32 31 57 8 22 12
13 59 34 25 52 32 13 30 4 22
53 39 14 46 53 32 7 50 39 18
33 10 45 50 3 23 24 50 56 6
60 39 28 30 58 36 1 7 1 8
56 24 42 6 57 3 2 17 23 56
17 31 23 12 14 43 26 46 33 39
15 24 9 28 32 23 41 38 55 49
29 49 52 5 36 5 36 11 16 10
47 58 45 2 59 5 58 38 41 46
54 11 15 36 15 31 26 30 27 19
32 52 30 26 27 45 18 34 57 48
39 23 42 52 2 48 19 9 40 12
55 16 58 14 2 27 38 7 37 12
1 26 42 54 37 24 39 27 44 31
14 49 16 55 11 41 17 57 34 13
30 36 19 26 60 24 50 48 50 56
28 6 19 23 23 9 15 36 35 20
30 58 53 41 21 21 35 46 47 50
4 35 56 32 6 55 18 4 40 52
22 14 60 6 12 34 47 50 25 46
22 40 15 38 48 17 53 13 30 16
36 31 5 60 41 15 12 7 16 21
31 6 11 42 22 50 34 6 10 23
47 59 31 52 2 57 44 25 18 2
42 17 20 26 54 36 22 54 2 47
36 47 22 52 24 24 17 18 55 44
29 21 2 35 60 50 26 26 19 24
40 46 15 33 44 59 3 2 57 59
48 26 23 39 17 14 54 35 34 54
49 46 31 7 20 48 3 43 30 10
51 37 48 45 17 1 39 52 32 31
50 40 48 23 32 55 36 32 60 21
4 34 15 34 14 32 19 21 3 56
17 47 48 41 33 59 29 40 59 58
32 60 14 6 57 41 49 54 22 36
49 44 60 5 17 37 53 52 23 13
53 46 21 51 14 39 38 52 19 16
46 14 9 57 4 19 44 35 44 31
54 29 10 55 36 50 25 6 57 60
28 16 58 57 31 9 2 12 18 45
26 52 36 54 15 4 31 2 25 46
17 58 56 22 45 59 21 43 15 33
47 22 55 25 32 42 14 59 5 18
54 55 17 6 54 49 41 9 47 8
38 57 21 13 12 23 54 54 36 42
18 7 14 2 26 18 52 10 48 60
48 27 27 28 1 34 3 60 44 14
1 36 40 27 21 17 37 26 51 48
19 38 43 34 41 43 35 17 29 7
7 35 49 55 38 1 32 43 39 2
50 9 27 1 49 14 46 26 59 52
19 47 47 19 30 6 53 37 59 53
60 47 13 10 42 34 5 6 32 55
31 37 4 1 3 4 31 17 37 3
4 28 21 58 7 60 12 16 7 18
50 44 19 30 47 22 44 37 56 11
9 55 37 6 21 35 43 32 26 57
20 5 47 41 39 43 39 28 35 38
31 47 56 56 25 32 41 15 5 20
26 7 11 41 35 29 38 1 41 17
32 55 31 9 51 34 31 46 49 8
41 52 35 36 22 3 2 3 43 35
29 54 18 25 25 56 37 36 37 24
43 5 44 10 36 57 1 16 21 44
40 41 13 14 16 56 56 36 30 28
29 17 36 1 27 18 24 37 20 50
46 46 53 54 2 39 34 27 32 27
23 36 14 20 59 20 36 46 2 24
55 18 39 28 28 58 14 29 51 19
26 49 13 23 39 47 26 32 37 56
56 36 23 1 3 50 39 43 20 18
14 55 14 54 8 33 1 34 14 52
56 37 1 14 58 56 3 9 28 39
52 16 20 58 31 27 7 60 14 36
1 12 36 51 6 28 45 53 49 29
32 22 53 16 41 46 12 51 26 36
57 21 51 49 37 33 59 32 49 21
44 17 50 43 27 30 37 43 44 39
55 24 30 36 15 50 10 7 6 49
54 16 48 57 10 44 18 35 34 50
9 2 48 55 33 13 7 41 23 49
45 60 10 10 37 28 16 59 56 18
21 26 47 30 7 55 4 53 44 5
20 23 20 11 56 57 1 2 28 20
10 14 2 35 55 8 42 55 2 7
9 12 10 46 32 50 5 49 30 39
15 45 29 57 54 16 5 56 7 36
52 25 10 30 30 41 32 48 31 28
40 45 14 12 3 46 23 4 36 32
28 55 27 17 1 24 19 10 15 10
46 35 17 13 12 3 9 8 3 38
17 25 2 24 55 37 1 4 5 17
46 7 24 16 48 25 53 33 60 51
35 12 50 20 54 48 4 52 18 57
12 6 32 16 60 24 33 42 59 5
17 16 40 54 42 60 27 46 54 15
37 23 2 30 20 33 33 10 25 2
54 17 36 6 16 55 60 13 53 16
27 23 47 52 24 6 4 17 57 35
6 41 17 28 32 39 23 8 34 36
8 12 53 33 31 44 39 43 45 22
34 31 29 8 31 38 16 26 55 27
36 8 18 13 53 31 44 30 26 17
2 46 21 26 29 22 7 31 52 9
19 14 38 43 15 51 13 7 23 11
10 25 7 10 16 20 38 15 10 10
38 30 10 4 54 34 14 15 34 14
38 4 4 42 13 30 52 55 46 13
18 42 31 15 15 22 38 30 5 56
53 45 45 44 12 19 26 11 22 37
53 13 20 42 2 37 32 33 16 20
17 35 6 15 14 32 10 38 28 23
49 29 26 41 53 52 57 28 31 22
41 35 20 55 43 8 3 59 54 22
57 38 24 12 46 14 34 20 3 5
19 40 39 47 31 33 5 47 37 46
14 60 23 39 3 45 45 19 30 6
51 3 47 59 39 27 33 5 44 17
53 4 54 41 43 60 30 32 45 48
23 2 49 8 14 15 33 35 10 40
14 25 47 28 52 48 27 54 28 8
2 1 3 4 39 7 54 48 43 1
48 19 19 43 1 4 25 19 33 26
56 39 34 5 3 6 25 8 34 60
49 4 37 52 38 39 41 7 6 45
7 39 38 55 8 50 20 32 49 43
29 33 29 18 9 5 59 19 6 41
51 57 27 15 47 14 22 38 48 49
27 17 28 31 8 22 28 41 51 20
45 57 12 30 29 4 37 42 46 18
19 50 24 45 54 13 25 33 50 9
22 6 36 27 7 2 18 7 9 26
57 39 3 37 24 8 55 40 37 32
8 14 57 5 10 50 44 34 57 11
3 54 59 17 44 20 19 3 31 58
53 50 44 26 53 48 21 11 48 29
53 10 23 11 48 8 20 1 53 51
60 19 16 12 11 12 16 19 40 39
32 14 8 44 22 49 8 23 51 50
43 55 39 13 46 47 42 14 59 28
32 51 45 31 14 5 22 31 39 25
7 46 40 3 40 13 51 32 46 54
56 21 35 17 10 6 53 49 33 36
51 15 41 3 37 26 53 17 16 52
41 32 5 26 13 30 44 43 30 31
50 4 33 58 8 43 17 4 52 32
57 37 55 16 13 57 55 49 42 3
28 26 34 5 40 29 29 60 42 43
60 54 55 2 30 33 50 47 5 30
42 19 4 51 26 12 6 60 14 36
13 19 15 8 49 17 51 26 32 18
5 46 22 36 53 52 32 46 36 22
25 34 15 6 5 18 30 59 45 18
10 27 9 26 58 12 33 23 24 14
20 15 6 35 33 59 20 60 17 45
17 28 56 50 10 18 32 4 51 36
50 57 16 22 60 50 43 7 4 4
54 40 60 29 20 22 12 41 46 5
41 27 51 23 29 39 38 43 5 2
16 1 40 18 1 10 2 58 13 2
25 49 1 1 13 1 53 35 30 57
2 48 31 27 27 30 44 10 22 12
50 3 29 30 56 11 15 39 21 42
37 16 11 16 28 12 18 60 53 51
7 51 20 25 59 57 6 10 35 32
15 16 8 26 56 13 13 3 21 50
46 5 18 9 29 26 52 30 47 39
44 3 11 46 30 13 46 53 9 31
13 35 54 19 15 31 4 48 55 51
18 35 14 46 13 23 47 47 39 43
22 11 28 11 39 57 29 13 23 19
52 10 2 41 40 4 28 5 33 42
12 54 23 17 56 29 34 7 33 12
23 22 52 55 54 21 9 33 14 57
51 10 47 29 21 34 30 48 18 24
22 56 25 6 39 51 57 60 32 38
18 29 1 26 14 19 26 56 4 52
59 25 59 38 51 18 9 30 52 16
30 40 18 46 26 19 9 37 39 47
52 57 17 40 42 6 40 52 5 55
34 30 58 25 1 56 50 20 48 55
41 58 6 37 13 58 46 48 52 36
59 46 2 45 37 55 18 60 43 35
39 40 30 58 38 42 40 31 6 52
30 31 33 48 14 10 21 55 21 5
37 15 26 56 48 55 20 15 42 42
13 18 20 14 59 42 26 30 7 6
21 21 49 30 60 40 23 51 5 28
51 22 41 2 33 37 6 10 37 17
3 45 47 37 28 54 60 18 58 50
16 42 25 36 7 14 50 52 42 52
41 14 7 21 25 4 47 50 33 23
59 33 8 32 3 44 54 28 38 4
1 31 30 25 41 24 55 4 27 18
40 5 39 41 56 4 5 27 12 25
51 38 52 11 58 30 54 16 2 43
59 22 27 32 4 2 27 19 5 3
16 29 33 29 43 28 47 39 9 25
43 24 21 28 19 6 6 54 12 37
43 46 55 17 60 3 40 35 52 11
12 42 33 17 5 6 50 20 28 8
50 52 2 23 13 17 18 30 47 45
55 40 18 23 22 14 44 1 40 22
44 58 1 56 53 1 24 42 45 32
44 35 3 25 51 45 48 57 11 45
36 34 20 22 46 17 45 19 48 51
24 10 23 35 31 43 58 15 4 9
5 50 2 9 55 21 16 42 48 18
21 6 43 57 47 15 42 35 8 35
28 31 41 45 7 51 8 53 22 2
39 50 11 20 60 34 2 48 44 19
55 47 24 53 20 27 8 49 2 32
52 59 2 45 33 16 52 8 33 28
24 9 10 50 36 12 43 4 15 15
60 3 20 3 31 15 56 42 33 37
49 35 21 39 49 17 31 9 55 51
12 60 5 9 48 43 5 55 32 50
58 16 1 12 55 6 50 14 20 51
25 15 2 23 47 60 59 38 22 33
42 50 4 34 13 32 15 49 52 58
56 40 26 33 2 27 6 27 15 14
58 37 15 29 25 3 1 29 49 38
42 5 14 39 25 16 42 8 28 57
57 14 10 33 35 4 5 20 31 29
39 9 40 19 27 30 36 35 8 40
37 54 54 40 37 15 15 10 14 57
59 58 10 36 12 16 56 38 27 39
49 40 5 26 24 31 9 41 13 45
13 20 42 48 55 29 49 14 54 35
47 38 32 8 39 45 37 25 44 31
41 19 41 6 55 41 41 46 3 54
6 13 43 24 46 19 5 19 18 55
