2000 5
51 30 47 29 35
15 39 3 35 3
6 27 13 14 57
4 49 46 25 4
2 25 48 6 58
4 59 28 52 54
45 30 40 16 39
9 14 6 14 20
16 15 32 42 46
24 55 18 6 43
59 19 58 24 17
56 23 49 18 47
52 8 16 12 54
15 21 21 47 3
23 4 19 24 31
7 60 17 32 45
48 56 37 13 58
17 22 6 39 31
32 6 39 39 28
39 60 8 17 60
3 34 19 50 45
11 7 42 47 16
24 44 44 25 12
43 9 8 31 33
40 41 38 46 33
44 17 36 45 31
59 35 21 44 20
17 44 38 46 24
46 8 5 47 49
22 8 44 47 54
26 59 49 3 17
5 60 35 39 31
20 60 5 45 41
59 8 14 34 4
38 23 51 56 30
41 44 7 46 32
36 60 37 52 45
40 29 36 2 32
41 44 50 23 29
33 53 29 32 28
30 43 31 14 15
5 57 38 47 39
10 8 37 7 35
47 44 30 23 57
46 31 27 18 34
11 56 1 54 51
48 53 59 52 25
17 38 37 22 50
9 24 60 34 23
56 51 22 24 19
58 41 59 11 25
49 57 18 30 9
45 34 19 50 19
44 53 56 17 49
37 50 22 56 43
9 29 22 12 34
5 1 4 7 33
1 4 59 40 39
21 32 46 54 3
47 24 49 33 48
25 39 17 53 27
60 19 38 45 3
60 28 42 53 53
49 32 15 18 54
20 53 45 22 38
29 55 45 35 2
46 12 22 33 56
21 19 55 53 49
4 52 52 18 54
9 48 25 35 27
8 40 54 14 42
46 47 56 3 8
12 53 42 4 41
4 21 39 1 13
28 12 41 44 42
43 18 10 27 19
58 40 13 39 39
2 43 35 23 20
53 29 2 6 41
35 6 4 23 17
30 12 19 12 40
15 9 45 29 36
37 29 39 31 30
9 18 42 18 51
49 21 26 43 18
8 11 40 15 20
9 14 47 58 18
40 13 13 42 26
45 57 44 49 4
47 59 14 41 41
4 15 12 59 19
47 48 29 16 11
9 3 32 34 56
12 45 48 14 15
23 5 41 22 46
22 5 16 38 13
30 18 21 5 8
13 10 50 28 33
9 58 32 39 48
58 16 28 54 45
44 20 18 18 45
4 40 37 52 27
58 53 39 17 20
17 39 37 43 34
31 9 36 57 20
16 43 11 23 45
41 10 37 58 9
52 30 18 36 13
36 6 37 37 5
53 20 31 14 60
48 32 27 25 1
33 39 57 57 12
19 25 59 12 15
26 2 38 26 7
29 45 6 31 49
45 6 27 24 25
58 26 60 22 46
9 1 4 13 7
55 37 32 26 37
16 39 36 34 16
44 40 16 37 58
41 23 44 6 34
48 55 56 1 53
31 7 15 21 51
1 6 50 32 53
27 24 6 47 31
52 47 56 54 10
13 39 15 12 18
36 46 54 19 42
18 31 41 13 17
52 3 6 8 22
41 28 11 18 51
24 21 34 59 56
35 4 12 51 9
14 51 38 26 17
34 18 23 7 12
6 36 15 54 29
37 7 13 50 16
46 43 5 3 6
40 50 5 44 26
41 40 9 7 30
34 36 38 10 58
1 39 26 38 10
21 57 9 34 52
51 55 19 22 58
15 24 27 54 2
11 37 22 45 45
28 10 35 45 38
6 50 11 56 22
32 56 3 6 50
38 6 53 42 52
56 19 34 33 17
3 44 22 31 18
13 3 41 13 20
8 23 31 10 30
31 29 48 12 43
14 39 4 28 33
42 58 10 32 55
29 21 38 29 16
44 38 47 45 9
56 44 18 60 39
19 57 53 46 22
56 19 39 40 7
21 8 32 17 51
25 36 41 38 16
34 59 26 3 31
33 23 29 30 23
26 8 60 13 19
11 51 36 53 50
55 60 11 25 27
38 44 21 55 46
37 17 8 7 52
28 34 34 1 5
21 26 22 29 18
23 54 38 54 56
13 46 25 3 44
2 19 28 59 38
28 12 21 43 55
5 31 19 48 42
60 9 31 55 20
32 19 29 39 33
36 37 39 21 5
12 13 14 2 42
28 12 47 43 13
46 45 11 2 51
19 25 26 42 38
59 55 34 42 15
32 26 60 56 29
25 8 48 21 32
47 47 4 53 7
6 23 52 16 40
52 17 27 37 16
14 57 39 31 30
19 45 47 51 36
53 24 2 23 39
39 50 31 1 35
49 16 13 26 40
22 56 3 30 50
56 53 42 58 33
52 44 3 16 9
9 25 46 4 3
53 37 29 59 43
59 2 4 26 20
59 1 57 38 34
39 17 12 28 54
12 11 30 47 59
51 25 31 53 23
39 7 10 16 29
17 31 42 25 26
14 38 4 55 20
18 26 52 18 32
27 60 23 33 46
31 49 26 2 22
4 37 21 1 54
55 2 8 4 23
37 36 19 17 7
22 42 15 9 7
44 19 12 27 12
12 37 14 11 29
51 58 13 47 5
30 6 2 26 31
36 12 31 17 33
7 56 36 8 22
32 27 22 30 20
32 53 15 49 23
37 43 31 33 23
47 46 18 9 32
18 49 23 43 37
52 17 45 35 45
26 46 13 28 58
20 56 12 6 19
33 39 44 37 35
42 5 55 52 8
51 52 37 44 40
45 35 16 45 55
1 28 38 25 43
42 16 18 16 47
25 20 60 21 21
45 39 22 47 18
32 21 35 31 13
22 11 15 40 1
43 3 20 25 35
9 41 37 56 32
37 45 13 41 6
28 31 11 26 4
32 47 7 28 46
36 48 39 18 2
18 12 22 28 45
9 28 4 4 54
27 24 35 3 10
40 39 49 30 14
38 25 42 29 16
22 17 9 57 22
30 56 31 37 39
39 41 29 32 49
31 31 14 39 45
36 23 10 15 24
41 10 21 57 30
51 11 1 46 24
12 31 2 58 3
23 24 49 55 5
7 37 21 36 5
15 24 51 29 4
51 15 34 17 34
20 40 31 60 20
3 45 32 41 59
35 41 40 4 8
26 43 4 53 15
24 32 31 12 7
25 49 36 1 43
56 51 45 57 13
3 11 58 6 59
45 29 43 5 16
25 26 18 21 56
47 42 28 15 30
25 23 37 54 36
47 59 54 57 28
7 29 20 21 2
5 12 4 30 27
28 11 41 38 43
7 40 18 5 5
53 32 24 28 8
59 55 15 39 60
16 37 10 19 27
31 33 23 36 22
40 9 27 10 17
57 28 12 3 56
45 27 2 52 18
39 7 3 51 7
40 57 44 47 37
27 60 2 15 1
30 3 8 32 60
32 40 54 33 24
29 11 16 9 3
47 45 39 7 27
54 26 27 26 52
44 37 41 39 52
2 18 12 32 59
6 15 34 25 52
6 27 27 60 9
56 54 26 31 44
49 40 57 18 39
37 49 6 3 13
33 10 5 14 60
47 1 46 30 36
11 19 23 12 57
30 7 27 44 20
42 30 7 37 59
39 46 5 43 59
18 32 48 52 27
57 23 60 5 53
5 46 12 59 25
34 53 23 36 58
44 32 58 30 20
8 22 5 55 42
21 60 11 10 36
13 59 52 23 35
13 7 60 43 43
21 30 48 28 28
58 52 41 40 40
16 11 46 5 9
1 57 41 38 12
55 31 34 40 23
45 28 28 5 4
39 48 60 17 18
11 55 33 28 15
52 52 51 41 34
24 6 9 6 14
28 26 14 9 39
34 5 2 8 51
18 42 54 49 18
40 55 51 32 47
6 37 44 2 33
9 51 51 47 35
50 14 42 44 48
6 51 37 12 34
46 27 16 39 48
32 30 14 16 22
37 54 58 40 27
5 41 35 12 29
9 36 19 9 25
29 1 60 21 24
56 29 12 29 51
46 5 36 46 23
46 51 58 35 52
24 44 39 55 26
40 58 21 55 7
60 9 36 47 47
4 4 46 51 56
56 25 1 3 58
15 46 45 36 32
23 9 30 30 52
4 25 7 49 19
26 36 27 47 53
21 43 27 21 28
60 27 23 24 18
35 52 31 36 3
7 36 31 55 18
18 53 28 52 55
22 48 6 44 10
38 15 39 13 60
12 11 52 52 51
36 48 27 31 27
38 3 45 44 57
21 57 57 23 8
39 16 2 56 38
46 18 28 12 18
24 54 37 21 6
2 34 57 56 20
2 22 51 34 14
4 7 46 36 17
12 12 38 22 49
53 48 2 28 59
57 12 21 37 11
55 45 57 9 34
38 51 22 39 57
26 37 12 24 4
6 59 23 45 45
26 18 60 23 17
16 18 14 4 33
51 49 24 56 55
51 60 43 60 45
12 3 43 39 32
11 24 46 33 28
22 18 17 16 9
18 55 38 38 30
41 60 42 51 54
39 11 34 43 54
45 52 26 47 17
54 6 45 30 9
49 50 20 13 33
50 10 46 5 39
53 13 41 60 9
41 16 8 12 43
18 52 6 51 53
17 25 17 39 1
54 14 30 21 47
22 5 15 4 38
29 28 23 8 33
16 43 46 15 36
12 31 25 7 20
46 30 50 1 50
36 52 17 57 52
37 21 41 36 8
20 32 26 10 5
8 46 25 10 51
27 28 28 39 13
27 11 12 22 1
1 48 14 52 28
60 10 59 34 29
26 11 12 55 11
57 25 16 9 55
16 59 23 52 53
39 47 57 15 31
21 56 39 35 36
19 23 34 46 1
58 57 43 44 54
21 53 49 16 50
43 1 12 55 16
45 4 51 58 38
58 33 58 32 60
44 36 58 33 34
17 10 22 46 51
39 55 24 11 42
3 51 59 38 6
31 14 41 21 21
38 44 45 58 9
15 59 12 36 57
19 18 49 34 14
40 34 57 60 58
28 9 49 2 35
15 28 39 32 13
45 40 52 25 43
29 51 56 57 51
51 31 30 33 29
8 26 33 31 1
50 57 13 27 33
55 47 33 42 51
22 27 17 60 33
20 27 19 45 20
47 39 21 17 7
14 34 7 56 51
45 37 30 24 56
28 54 30 16 47
14 9 7 11 48
3 2 2 30 18
22 43 29 2 41
3 1 11 14 44
51 60 8 2 30
41 5 3 8 26
6 34 39 54 37
2 25 25 13 53
28 6 40 27 17
59 5 54 7 57
4 45 51 28 14
15 31 20 15 24
46 34 41 27 12
6 57 19 35 31
15 15 48 43 22
41 4 12 45 14
34 44 14 43 52
38 41 57 24 55
25 42 1 52 2
34 30 30 45 49
21 41 48 1 26
19 56 25 2 19
13 58 47 52 1
56 48 48 28 53
9 54 3 29 30
12 6 35 20 24
18 57 24 6 41
10 53 29 10 59
26 31 1 14 20
54 30 14 55 27
45 35 25 21 44
40 48 13 54 40
49 18 36 60 27
40 1 2 44 47
47 18 25 57 55
2 26 58 60 3
29 57 47 33 50
23 4 39 60 6
44 49 37 17 51
26 15 25 52 2
34 33 26 20 56
36 19 36 5 13
58 40 24 27 42
56 7 34 43 20
53 24 48 4 39
59 2 44 33 16
52 60 35 4 11
19 57 8 17 46
50 10 55 18 14
11 4 14 1 1
15 13 42 60 20
51 33 27 33 37
58 40 33 31 37
52 28 47 49 16
39 3 37 45 3
31 52 39 50 27
36 3 4 17 35
29 20 46 59 3
28 29 30 25 3
16 54 29 19 51
58 39 16 23 40
51 49 5 17 1
59 32 22 47 26
6 54 19 24 38
16 2 27 3 41
30 5 38 38 40
26 23 48 54 45
21 24 35 33 32
2 34 48 43 53
43 16 5 30 6
26 4 19 57 7
5 14 25 27 34
32 45 29 7 25
43 54 24 41 39
12 6 42 17 55
41 22 56 8 27
27 59 11 51 51
18 1 3 46 40
24 57 32 50 57
26 3 59 30 9
41 36 24 19 36
27 31 55 42 51
50 59 49 29 5
6 32 7 31 29
30 11 28 42 56
32 3 24 29 42
8 5 6 53 6
15 47 56 21 59
48 36 2 47 5
23 51 50 7 30
6 60 3 54 28
18 13 30 42 34
46 49 31 18 9
30 23 52 49 45
26 23 46 46 52
47 20 2 59 4
34 25 47 45 28
56 12 40 44 34
9 19 9 18 14
49 27 15 20 22
48 25 8 12 34
12 29 16 11 53
46 31 33 53 14
51 7 41 56 1
49 23 18 18 6
37 25 57 30 14
33 21 60 17 39
55 39 9 56 37
33 8 25 15 3
3 22 17 12 46
52 40 20 24 28
2 58 23 23 28
18 24 34 55 32
14 36 45 27 52
17 51 6 58 34
4 21 11 5 18
46 51 58 18 49
42 29 52 42 59
7 41 25 8 39
2 31 13 7 49
50 2 21 3 43
38 20 1 23 28
29 48 25 6 17
32 23 47 18 59
45 53 2 24 38
22 46 48 28 49
51 47 1 18 5
8 26 19 21 14
12 50 2 48 3
31 20 48 41 5
27 19 48 51 19
40 4 54 50 14
42 46 11 47 30
32 34 43 10 4
18 35 6 44 34
5 17 42 3 58
23 18 3 28 32
10 33 52 43 12
26 5 35 53 48
15 31 56 12 43
35 26 8 12 25
34 11 13 54 5
11 48 13 12 24
55 11 16 12 41
27 4 7 45 30
59 7 53 8 9
21 48 27 17 53
1 11 29 13 33
31 16 11 5 2
3 52 23 56 47
12 32 40 60 6
40 48 54 44 30
44 6 38 19 39
8 57 24 34 50
8 8 56 55 22
4 10 2 46 18
25 46 33 20 47
3 48 1 51 28
53 6 1 38 60
7 4 5 26 2
37 7 39 46 55
21 37 6 19 39
25 31 51 49 58
57 15 25 29 26
35 14 59 1 45
31 55 6 36 11
14 38 16 60 3
36 57 1 11 41
1 57 51 19 45
56 41 58 9 47
56 29 21 31 53
35 33 35 60 31
54 58 7 16 28
19 47 16 57 11
42 60 33 45 59
21 28 43 52 60
47 18 46 52 23
50 23 29 34 6
28 36 11 44 35
27 34 27 9 1
33 41 43 11 36
28 39 13 20 57
60 32 8 39 15
7 39 4 13 5
27 22 31 36 29
60 11 12 49 42
27 10 20 26 53
29 37 47 58 10
43 39 1 30 4
12 25 44 25 6
57 35 31 8 20
10 56 52 14 14
32 20 48 5 21
34 10 44 14 34
13 37 10 52 35
51 45 38 49 15
10 57 53 47 54
14 39 24 19 3
60 59 35 21 44
27 35 14 39 54
39 33 23 49 18
14 57 49 10 16
35 44 42 41 52
12 49 17 32 7
21 45 18 47 36
40 10 46 22 40
52 45 15 59 28
50 43 40 5 37
13 16 59 53 53
32 40 32 1 38
13 28 19 53 38
47 57 16 55 5
41 54 24 51 51
28 28 35 49 35
55 9 1 16 22
2 47 28 15 30
2 2 38 19 44
25 48 41 55 16
16 57 24 43 8
60 35 56 4 59
55 4 31 32 40
39 46 15 10 25
32 2 52 16 25
20 34 47 24 13
16 11 18 46 57
52 33 4 24 30
29 58 22 37 19
2 28 28 55 30
8 47 2 32 50
19 17 35 13 59
18 34 1 33 25
45 58 7 8 37
54 18 47 58 2
4 19 33 36 29
13 25 51 30 46
55 46 53 46 18
2 5 28 47 48
22 11 59 18 50
13 24 19 8 28
59 29 42 15 30
18 46 22 39 54
44 39 60 55 31
54 35 50 52 9
30 20 47 39 45
35 42 8 5 56
14 57 23 10 7
17 3 35 23 40
3 9 7 25 12
39 22 45 54 34
10 18 60 14 5
27 10 50 50 12
43 49 14 31 60
49 18 42 11 26
12 34 19 23 9
30 41 48 15 23
58 45 43 34 32
15 8 31 37 21
58 17 20 20 32
41 39 10 30 5
4 8 3 17 34
35 7 60 34 16
44 5 21 1 15
58 39 17 48 16
11 22 20 10 27
35 45 5 32 58
2 24 24 55 58
16 26 54 40 10
13 38 51 21 22
54 4 58 11 52
25 36 29 56 41
34 44 31 9 5
33 15 5 50 53
28 40 19 31 32
57 19 41 54 25
29 30 30 8 43
41 31 6 12 29
33 37 15 55 35
52 55 25 11 18
23 41 10 25 17
47 4 35 14 21
56 24 13 13 25
27 27 46 11 43
51 37 60 44 56
42 59 7 53 60
41 27 49 7 9
43 50 40 25 19
14 40 22 51 43
5 20 26 4 58
50 22 33 2 35
39 45 59 55 13
47 5 18 48 19
30 17 13 22 58
7 60 25 19 11
38 28 6 4 22
4 12 3 60 50
23 3 17 14 6
34 59 37 31 10
45 48 22 29 13
23 41 54 2 15
11 17 20 5 7
30 18 21 40 60
54 29 38 22 27
36 20 46 5 58
13 24 25 57 23
46 19 34 31 60
33 29 15 8 47
17 47 21 13 2
28 29 45 22 9
59 37 40 12 20
5 16 17 39 38
14 27 36 31 15
51 8 50 57 50
27 40 45 26 12
31 25 23 60 6
7 39 44 11 13
22 18 41 4 40
12 7 22 15 17
42 23 55 11 15
28 35 17 32 24
8 10 6 14 31
51 2 13 45 44
48 56 19 16 41
10 45 33 58 18
22 59 5 35 27
57 42 53 5 45
33 54 33 55 58
29 53 50 10 49
28 57 14 2 43
36 40 17 60 18
42 45 32 47 51
26 48 37 24 34
46 32 35 8 44
14 22 17 29 55
23 31 40 17 42
38 55 16 7 32
58 9 12 57 35
37 54 22 52 55
10 33 29 10 29
8 37 32 33 49
35 35 34 56 17
13 43 53 37 32
28 18 3 1 56
14 27 58 1 2
47 45 25 47 13
30 3 5 14 28
7 6 32 20 26
56 6 54 19 42
28 60 8 55 5
8 1 31 36 29
54 30 6 19 52
3 16 9 27 55
7 2 21 3 48
20 55 10 11 12
12 4 34 19 42
58 5 57 53 32
58 14 39 46 14
22 24 50 49 7
22 47 7 40 56
23 14 41 46 33
20 14 25 49 45
19 36 58 40 23
50 58 47 4 34
51 28 53 28 40
32 17 47 1 24
52 15 9 8 43
20 23 19 16 1
51 1 56 13 17
56 41 60 42 8
32 28 19 30 52
30 34 5 31 14
30 52 16 41 32
37 26 34 35 59
9 42 21 14 5
32 36 18 14 24
55 3 31 59 37
31 47 15 39 9
35 53 58 39 39
28 25 28 52 16
4 22 39 54 49
33 47 47 60 39
8 3 42 58 2
52 26 31 6 48
16 29 19 22 21
37 46 5 7 23
30 42 43 34 46
33 48 55 33 48
17 25 19 3 17
39 12 49 1 13
46 5 25 12 56
18 18 45 59 4
50 21 25 53 60
47 32 38 38 57
29 58 31 33 9
53 24 15 33 13
10 56 7 41 52
19 15 24 20 33
45 21 29 3 57
36 4 19 16 13
35 20 42 20 56
54 43 31 8 37
47 13 20 41 30
9 18 60 56 8
12 14 17 3 12
59 49 60 50 47
28 40 54 16 29
32 31 6 60 59
60 58 8 50 20
32 34 48 40 42
40 10 36 51 30
8 31 41 28 7
9 47 12 53 52
16 10 37 6 30
19 27 55 42 52
40 40 3 46 41
54 17 53 56 44
8 60 21 54 22
60 38 57 32 1
19 44 34 21 49
57 5 20 6 29
5 5 26 24 34
11 18 17 46 14
32 34 1 19 27
54 42 53 59 22
20 8 5 51 4
37 23 23 41 25
58 6 14 50 43
16 31 21 3 42
56 1 7 44 17
27 38 17 42 10
51 14 19 51 60
51 15 19 18 32
57 10 8 44 6
60 54 23 44 41
50 51 11 46 52
5 24 49 43 27
34 19 30 17 28
46 29 40 60 20
49 33 8 17 2
54 28 25 26 38
42 39 25 34 53
17 36 44 36 15
54 4 7 2 20
58 13 12 44 35
28 19 38 48 32
28 33 30 30 27
51 36 52 54 38
3 38 16 13 32
32 23 3 12 7
31 57 47 53 24
46 42 33 10 16
55 41 16 60 19
1 40 32 38 38
19 55 22 6 44
44 17 15 7 38
24 13 39 24 54
31 30 56 33 33
24 37 39 39 54
16 24 38 54 45
27 11 55 54 41
1 24 2 56 8
6 52 6 55 8
23 44 11 41 29
20 30 53 12 11
35 17 21 31 25
42 23 25 23 48
44 47 50 13 36
21 6 27 3 50
54 12 23 13 8
4 33 46 44 36
22 33 32 17 48
58 60 49 30 31
4 2 52 53 1
48 59 36 12 16
30 14 42 37 48
16 22 29 51 46
9 12 20 50 57
43 22 55 49 21
26 14 33 38 56
25 5 54 28 28
41 50 25 16 14
56 51 29 50 3
9 43 38 45 21
39 4 46 22 20
7 6 52 54 14
45 38 24 57 34
57 38 9 18 1
11 19 37 59 14
11 7 40 29 58
34 28 30 43 4
59 36 33 23 52
45 18 12 37 46
15 11 54 21 42
5 4 48 3 28
15 19 45 33 49
20 53 37 18 59
52 27 5 41 57
30 36 45 55 42
38 51 23 37 1
27 3 23 44 22
42 23 41 43 18
23 34 36 37 44
21 41 33 56 28
23 30 34 6 44
2 14 2 13 25
33 10 18 38 22
42 57 28 47 33
41 1 17 12 46
42 2 36 19 9
43 51 32 55 57
23 25 50 35 12
55 27 48 38 40
24 57 35 12 27
15 57 34 54 56
59 53 18 54 24
35 48 18 37 13
8 54 6 6 39
46 43 20 12 45
17 60 33 19 48
30 19 46 39 26
40 32 36 21 1
25 48 42 17 35
40 23 17 28 33
26 52 10 20 59
31 58 42 46 59
27 7 26 47 16
1 11 46 6 35
57 7 40 39 18
2 42 43 52 53
24 30 22 48 34
33 53 38 21 51
49 9 31 14 1
34 48 25 32 27
4 20 52 16 37
43 20 28 25 5
33 7 9 46 46
57 14 41 48 41
32 19 41 30 16
36 58 33 12 41
14 8 5 50 11
49 7 52 36 4
51 19 43 26 51
39 19 28 33 1
39 45 56 52 56
14 20 36 25 22
37 47 31 37 5
10 51 60 25 43
58 20 40 54 17
28 48 1 8 54
3 9 41 53 49
32 35 27 19 26
12 15 20 31 48
15 7 35 23 38
51 31 9 22 47
45 4 45 59 36
33 3 48 38 27
50 34 1 20 50
53 55 20 34 56
59 15 55 29 25
54 57 39 54 31
53 45 53 21 53
41 31 47 41 33
39 18 36 60 51
55 41 35 6 22
38 45 58 34 10
34 4 52 36 43
44 20 36 1 44
14 31 44 47 13
5 21 4 55 56
56 6 51 45 41
19 52 6 55 14
58 18 56 60 14
36 53 11 49 20
16 7 50 58 39
59 37 8 26 47
15 37 54 40 56
3 26 14 1 18
36 51 7 28 10
15 14 47 43 56
17 56 42 22 46
44 46 55 47 44
18 29 58 26 10
50 5 48 5 1
11 2 28 41 55
24 39 50 30 16
52 51 38 32 46
10 4 4 41 27
44 59 8 50 31
58 46 56 15 7
38 55 32 53 29
49 36 27 56 21
28 31 60 5 23
3 12 27 57 44
57 21 34 18 6
2 44 30 34 28
5 56 24 2 6
22 11 43 1 6
46 16 12 39 19
8 4 42 26 48
19 48 20 55 40
31 17 5 32 40
10 22 8 40 32
5 37 45 38 16
6 21 7 7 10
44 42 1 55 31
4 44 36 2 47
8 27 18 19 29
19 47 49 55 53
37 5 37 43 31
27 26 29 52 42
8 54 25 16 54
13 2 12 60 26
32 60 2 21 38
56 14 7 51 19
24 24 42 13 26
50 44 46 32 2
28 8 59 59 40
14 27 12 27 60
26 18 31 2 10
42 60 56 50 34
60 32 52 24 43
24 13 12 46 2
11 34 15 1 30
13 35 38 17 45
19 55 37 6 14
22 11 3 22 18
38 32 26 43 58
32 60 22 59 24
30 48 6 55 44
22 41 30 38 39
54 57 60 1 51
30 47 16 16 7
33 22 30 4 1
11 1 29 40 2
57 45 18 41 52
30 58 43 24 52
55 31 36 19 12
39 43 29 55 19
3 42 58 18 43
24 23 38 8 35
53 3 37 10 30
48 50 10 45 20
28 44 31 28 27
32 58 38 33 40
27 20 55 22 37
30 48 9 7 42
18 20 33 42 29
5 4 2 8 16
55 58 59 14 44
41 47 32 41 53
12 15 21 41 57
54 24 40 6 23
36 33 19 26 4
7 1 48 37 35
60 37 4 19 43
39 41 13 54 35
33 22 28 14 44
35 1 45 16 10
13 41 12 22 15
3 40 33 8 6
4 22 3 40 3
4 49 46 36 46
24 7 50 29 20
37 49 10 44 44
18 56 11 10 37
17 52 58 60 41
34 45 1 59 6
47 36 33 11 39
40 20 39 35 18
18 57 24 58 43
19 59 50 46 51
43 4 26 25 20
41 31 9 4 57
13 49 28 13 17
60 43 6 15 30
39 14 30 56 6
40 32 24 46 7
60 60 55 32 38
52 44 10 60 25
59 7 50 43 40
34 34 30 44 20
12 22 9 35 54
14 21 25 12 20
6 3 16 12 37
45 36 33 43 46
3 51 4 24 53
26 43 50 46 13
53 47 4 21 23
57 12 47 29 19
48 38 7 37 24
41 35 27 36 3
32 4 3 9 34
1 33 49 45 43
54 32 56 32 10
8 47 40 34 51
39 1 41 58 40
36 1 13 57 14
8 2 16 12 19
41 25 9 25 37
39 15 31 15 59
31 57 52 33 55
19 54 38 34 17
19 20 48 36 19
9 10 60 41 11
28 8 35 27 38
52 8 14 31 13
29 31 58 44 10
52 17 50 40 25
46 29 54 33 35
44 58 56 34 17
11 36 6 52 39
14 59 35 39 53
35 4 39 30 24
56 14 1 55 20
9 53 10 4 39
55 30 18 38 53
21 60 22 40 11
48 44 53 2 48
53 26 38 45 48
39 19 7 60 59
60 31 54 8 24
25 28 57 3 42
50 43 28 47 1
56 36 33 60 35
18 15 1 21 25
24 27 6 21 40
10 31 43 8 60
14 8 6 2 49
46 55 43 13 39
35 37 32 10 16
60 2 59 3 1
45 10 37 2 20
14 37 32 32 5
21 18 51 43 39
10 1 15 2 34
34 15 32 11 57
60 24 55 26 31
54 5 5 58 26
47 9 44 7 27
11 41 24 32 41
39 51 22 41 27
23 41 15 3 34
34 44 13 25 11
34 6 43 32 42
46 41 33 15 53
15 57 19 43 38
16 4 22 28 15
17 52 19 14 14
53 26 2 45 10
10 14 52 36 40
33 20 50 6 17
41 28 42 8 45
57 38 56 43 42
47 30 45 21 44
54 7 30 5 46
33 25 16 26 54
9 24 52 53 10
9 57 27 24 46
7 55 45 21 31
50 22 15 23 46
55 54 19 13 43
38 52 4 21 36
29 36 35 58 29
33 26 52 16 27
45 24 27 39 16
49 60 54 6 31
50 10 33 44 17
34 4 12 4 30
59 19 9 24 23
14 28 56 22 23
17 48 20 7 16
26 45 34 54 10
58 44 50 45 2
18 3 39 58 58
36 58 41 8 19
40 10 34 9 60
42 41 42 46 27
46 7 29 27 22
13 48 55 50 46
1 32 38 58 39
40 37 37 53 54
33 60 56 53 4
6 11 42 27 26
14 24 59 6 50
19 26 31 7 3
11 50 40 46 28
23 21 10 17 31
22 45 56 1 51
3 54 11 60 43
13 58 48 16 42
33 25 60 34 53
27 49 23 45 3
21 15 58 54 55
28 32 29 38 49
15 19 32 46 38
24 42 54 18 13
12 44 47 23 40
44 33 35 54 8
7 53 21 24 32
50 41 57 19 42
20 38 53 18 36
23 26 46 10 36
20 5 45 58 56
5 46 38 43 47
27 29 48 32 32
33 43 27 48 51
59 19 47 59 24
22 27 58 16 28
20 23 57 55 5
56 16 58 18 31
34 7 58 21 6
17 33 52 9 22
5 45 31 34 30
22 53 8 32 13
52 48 58 52 23
17 39 26 35 17
48 43 22 31 35
13 29 13 55 34
27 9 58 55 57
28 4 31 58 54
54 15 54 3 41
1 37 13 47 54
50 45 5 35 41
27 48 27 14 37
8 33 4 36 25
19 28 58 43 23
25 16 36 58 9
16 28 11 9 9
31 50 28 60 33
8 28 15 49 52
9 11 11 38 2
26 5 18 56 22
56 25 4 12 37
29 52 19 56 16
47 39 17 36 7
16 47 29 11 58
29 29 23 39 55
25 25 16 28 12
43 12 2 49 42
11 34 34 4 8
5 6 15 39 37
31 28 6 53 1
8 21 5 30 7
2 31 36 19 13
33 4 40 27 56
20 44 18 14 47
36 29 48 20 26
4 21 30 59 14
20 55 50 4 1
57 41 17 49 15
24 31 31 53 18
52 26 3 31 60
42 57 13 8 48
13 1 23 3 34
26 6 26 22 54
19 17 41 54 30
34 8 5 5 59
40 7 4 42 60
17 10 28 25 18
56 15 7 16 12
3 41 8 25 51
39 15 32 17 29
29 19 35 9 60
3 15 43 28 51
58 4 10 21 49
5 51 2 52 19
3 29 60 43 11
28 4 59 30 38
20 29 50 23 32
6 32 21 12 46
56 36 7 7 52
17 41 15 19 47
36 4 39 6 4
14 53 16 40 2
34 22 28 13 50
8 5 59 19 14
42 9 15 60 4
59 29 35 47 21
10 43 43 18 48
10 32 32 39 52
12 18 10 45 52
41 1 44 49 17
40 51 20 32 37
45 31 38 8 49
6 22 39 12 12
54 56 3 59 25
6 54 18 8 41
24 42 4 38 21
24 14 50 35 12
7 7 45 13 59
53 49 24 19 12
44 16 36 17 24
6 42 46 7 48
37 20 22 24 28
44 56 51 22 27
59 23 30 42 1
55 32 17 38 8
20 46 24 24 48
32 52 45 58 34
26 22 57 33 3
38 32 56 56 33
7 25 18 60 22
23 39 21 2 36
12 46 8 14 46
20 42 19 43 2
60 12 27 22 47
4 7 36 29 60
14 38 7 13 8
8 12 50 58 29
40 35 10 17 16
43 20 28 29 53
9 24 18 53 55
34 40 25 60 19
44 1 11 12 15
49 40 40 58 8
51 52 29 16 28
3 34 33 14 44
55 54 42 42 40
12 17 35 20 60
59 60 53 24 13
15 22 41 20 39
6 3 43 10 24
40 40 20 2 17
17 54 8 32 36
33 47 60 59 23
11 11 26 5 23
38 30 21 44 32
56 16 23 12 18
44 35 44 60 42
32 13 20 50 38
1 20 7 28 45
32 24 3 23 38
27 32 40 9 31
31 12 12 20 40
29 3 1 29 45
30 16 36 20 18
20 43 18 24 12
27 14 15 5 60
3 6 5 43 21
14 51 6 15 22
11 1 3 6 56
57 47 42 60 17
22 34 4 57 13
8 35 24 18 13
14 11 43 38 41
25 27 57 13 60
33 57 26 57 32
10 41 36 37 22
59 44 50 10 58
27 8 50 51 10
52 12 34 7 28
3 59 14 37 12
12 39 50 18 23
29 55 46 35 40
10 54 30 14 45
44 6 13 49 16
16 19 15 45 19
12 17 37 18 7
8 58 36 43 43
39 47 27 36 27
50 9 48 45 38
5 41 25 50 3
58 10 52 37 60
27 45 35 54 38
41 5 35 7 36
40 17 50 26 2
36 24 38 19 58
55 47 59 12 10
41 35 13 56 2
15 22 22 17 29
13 24 23 20 13
14 31 27 37 29
27 4 18 41 51
25 45 22 37 23
16 10 1 23 19
54 54 27 17 19
5 46 41 30 52
13 14 50 14 43
45 21 13 7 39
3 59 15 49 41
3 24 54 10 39
56 48 5 39 35
34 34 44 54 42
48 51 21 13 25
6 28 36 40 60
54 55 37 22 9
11 13 30 30 39
16 49 57 49 11
24 6 9 11 47
38 23 50 4 52
29 42 5 36 10
45 55 47 19 53
46 11 21 12 15
18 32 37 27 35
16 27 17 35 58
9 39 17 44 47
24 54 40 32 50
20 43 13 15 54
7 26 34 35 33
16 11 27 12 13
31 59 58 48 53
53 3 39 57 9
54 60 55 59 49
8 46 56 33 48
2 54 51 4 59
37 60 23 5 23
25 60 17 57 20
54 48 8 45 22
25 39 12 1 18
29 38 22 14 36
15 36 12 50 25
27 44 9 4 28
28 34 44 36 38
25 38 19 38 50
52 47 49 21 51
10 41 12 20 7
50 40 3 32 26
28 57 41 21 14
44 32 5 31 32
41 4 41 30 55
9 6 42 16 58
42 14 4 48 7
48 20 23 59 28
31 40 36 4 37
33 54 31 49 59
15 22 6 2 50
45 25 36 5 24
41 41 23 38 42
6 34 10 60 25
45 19 58 18 28
49 32 30 50 50
29 45 40 26 29
8 13 26 46 36
18 8 31 41 28
25 23 17 9 39
37 58 38 29 10
24 41 14 55 28
46 8 49 44 29
46 20 12 19 11
3 29 6 24 52
37 12 47 31 29
8 50 57 44 46
28 13 45 40 19
12 16 31 40 52
18 47 8 8 22
22 40 54 22 4
11 30 57 53 35
25 40 10 40 42
33 37 51 14 36
53 53 37 35 3
4 41 40 17 38
6 13 36 10 2
32 24 19 38 6
21 46 22 40 14
21 22 38 12 27
38 19 24 33 11
10 43 32 52 6
29 42 51 51 40
1 11 18 52 25
45 36 43 7 47
24 40 57 9 50
53 41 51 19 23
25 2 39 16 11
15 57 54 20 48
58 8 22 35 60
26 12 57 44 46
17 60 52 58 47
57 54 36 22 30
47 55 16 60 24
45 48 29 15 5
49 16 13 37 3
45 58 54 21 38
12 22 22 60 60
6 51 34 23 10
15 10 50 31 32
45 31 53 47 34
30 51 30 25 31
27 4 40 39 41
59 50 7 17 26
35 58 5 40 45
38 43 30 39 56
57 5 22 40 46
51 17 60 29 56
45 44 41 10 16
17 10 51 15 17
60 46 59 16 36
56 6 6 48 39
22 17 46 16 20
37 17 60 9 53
33 24 37 57 35
44 31 18 60 48
10 47 52 31 32
23 40 4 42 45
55 38 5 44 18
4 34 19 50 29
22 56 15 35 41
44 21 58 16 59
51 7 49 45 48
22 42 23 3 23
12 56 15 37 58
42 13 16 54 11
12 27 31 45 44
46 33 42 51 40
11 2 47 7 1
47 51 35 60 16
7 5 17 41 42
28 34 28 17 4
46 18 45 56 33
34 16 58 45 52
41 13 47 55 20
57 59 4 26 38
58 49 8 34 13
2 53 41 14 29
18 58 59 42 4
22 16 52 35 16
37 41 48 10 20
56 54 59 39 29
8 16 36 32 39
16 11 45 20 22
2 29 1 14 11
6 31 13 42 34
36 19 16 37 10
43 34 37 13 59
18 37 5 15 39
32 26 52 39 18
39 14 7 57 2
25 7 60 5 7
27 7 17 3 1
11 3 29 5 29
15 31 19 11 1
20 11 43 26 46
38 24 27 44 24
36 2 3 5 23
60 6 56 10 1
10 19 17 28 54
41 13 27 55 51
49 4 1 4 52
31 3 56 34 16
24 46 41 23 37
40 1 5 3 13
6 14 6 11 6
17 15 55 36 2
11 18 1 11 56
13 19 13 41 56
43 49 55 5 41
51 18 40 56 46
57 30 24 53 56
48 39 42 27 3
40 4 31 4 6
13 37 57 46 45
39 5 29 15 41
60 1 31 28 54
50 16 38 53 42
34 49 54 15 12
13 36 9 10 33
1 18 14 47 13
12 52 37 39 31
42 2 8 52 34
56 4 26 35 48
37 56 26 13 1
31 51 31 52 2
38 6 6 14 1
42 10 56 25 29
36 33 4 55 57
45 57 53 16 40
30 42 57 5 42
21 17 39 33 21
48 33 7 33 58
51 26 2 5 58
8 7 47 27 2
45 36 12 14 14
32 20 15 5 33
46 44 26 51 58
16 53 56 52 53
24 56 30 60 23
30 38 58 55 56
35 25 50 43 29
51 24 41 39 52
40 36 35 41 45
30 7 37 1 38
18 52 23 27 37
52 19 24 47 51
60 13 39 11 34
54 58 35 50 42
43 53 46 52 14
6 59 40 24 44
22 43 29 27 32
15 17 24 20 53
2 15 26 52 30
53 50 24 11 2
22 17 11 31 13
32 11 60 53 25
33 16 53 7 58
47 36 32 29 44
41 33 27 39 17
42 39 43 59 48
32 31 16 47 40
14 10 25 2 59
3 13 29 19 9
46 15 10 57 39
48 24 4 42 2
47 33 36 38 38
44 4 31 49 12
25 43 60 16 20
19 51 25 20 12
8 42 46 55 52
11 32 44 32 47
13 45 13 37 8
27 27 6 37 24
48 44 27 54 10
46 23 25 51 10
52 35 58 4 24
32 59 29 54 51
33 22 10 24 49
6 2 54 16 4
45 34 21 33 31
37 42 52 51 49
29 34 57 29 29
14 5 24 9 32
27 53 38 14 48
2 29 22 4 13
49 45 31 52 30
34 14 25 25 7
44 35 59 1 35
49 17 21 37 50
37 32 25 40 45
43 35 22 7 50
12 15 2 34 56
47 12 54 59 43
44 21 58 18 48
4 14 36 19 20
43 10 48 43 9
2 43 8 39 52
42 24 10 46 7
15 42 43 33 11
11 57 57 10 9
14 18 51 12 1
1 7 12 22 55
47 1 44 58 25
53 60 43 28 15
14 39 38 45 60
50 6 8 29 25
41 33 41 2 3
42 52 21 57 39
59 43 45 21 51
47 17 30 42 37
50 42 25 13 21
2 46 20 16 16
56 22 49 22 60
46 26 1 23 60
33 44 53 22 30
37 52 48 19 16
36 44 6 39 51
17 17 28 59 28
2 23 55 20 14
25 12 3 44 13
1 47 46 56 23
56 45 23 40 34
53 35 57 56 49
35 5 57 23 39
49 43 17 34 21
3 44 22 6 44
11 7 10 33 40
22 14 36 14 25
42 13 31 48 17
3 23 52 6 51
25 45 29 26 24
3 27 13 35 39
19 42 34 44 49
9 2 11 26 30
27 26 5 34 36
9 34 15 44 45
60 59 47 5 28
25 32 35 47 38
27 22 28 6 52
11 22 3 33 12
40 53 58 39 22
59 5 14 2 47
35 2 59 25 26
39 34 26 15 46
42 40 57 45 7
21 30 17 2 57
30 22 3 29 54
39 10 54 13 59
24 7 40 48 32
39 29 16 33 27
48 5 54 17 17
51 5 56 7 49
27 60 18 34 13
25 31 34 13 19
54 26 1 44 15
59 48 45 12 57
18 7 20 59 1
43 40 14 7 19
48 44 59 40 7
24 22 55 47 28
36 15 32 1 8
20 4 12 8 49
59 32 31 39 49
15 39 58 38 48
59 44 36 34 19
27 12 56 3 58
52 11 25 20 8
18 50 32 45 9
1 51 1 31 60
59 37 14 60 39
32 47 17 48 18
20 6 50 49 39
48 20 55 29 7
27 45 49 7 28
18 18 13 51 44
4 27 23 6 49
42 20 17 14 16
5 9 16 15 52
27 20 43 2 56
45 16 30 6 27
60 10 22 47 10
51 16 59 19 45
32 6 46 32 60
48 45 33 31 37
56 13 11 60 56
51 29 10 37 57
4 17 39 8 14
49 43 30 52 53
18 1 10 53 24
28 48 39 29 53
44 4 60 2 58
34 39 34 32 18
38 54 12 11 25
6 39 34 35 43
43 50 6 46 7
42 19 36 23 16
40 59 5 30 18
18 60 56 11 32
35 58 46 5 28
46 6 3 40 6
29 33 5 50 6
34 27 60 17 28
41 41 21 11 21
43 38 52 2 47
9 58 54 14 17
33 20 57 43 1
3 13 41 4 26
13 11 14 3 28
35 35 5 31 1
59 3 14 21 8
45 28 7 31 26
3 41 31 37 31
48 12 13 17 47
40 49 29 2 21
30 59 30 49 34
58 22 11 10 16
22 17 21 51 57
43 32 14 11 55
11 41 34 46 19
1 43 48 44 34
11 16 4 21 41
13 31 22 52 37
16 36 5 3 48
26 60 39 27 24
56 34 43 16 36
21 53 39 37 42
55 11 28 50 14
57 11 42 60 41
30 42 33 54 12
32 18 3 15 6
18 22 27 7 52
10 18 17 45 45
16 33 19 5 7
21 6 59 20 2
56 48 32 27 33
29 44 19 38 59
38 31 19 9 49
28 26 15 37 40
22 45 35 58 21
42 10 52 49 13
6 50 50 44 58
46 60 57 31 33
41 47 58 7 3
58 7 56 49 30
40 11 4 53 2
14 21 12 58 13
10 2 46 15 60
23 54 23 5 16
41 21 33 49 10
56 51 35 55 25
13 20 11 58 42
58 24 31 3 28
5 12 23 38 7
58 21 49 16 48
48 57 41 48 19
38 40 12 22 48
8 45 16 1 56
14 18 40 36 49
1 3 6 30 60
49 33 43 40 38
32 23 29 2 33
24 40 26 54 46
47 14 3 12 45
15 7 43 2 11
28 40 4 49 58
21 41 31 31 1
46 12 26 10 17
34 40 53 58 2
18 6 54 7 15
46 34 2 36 28
55 18 28 56 2
34 42 11 41 1
51 46 24 27 45
23 27 2 27 20
13 2 27 60 37
31 57 16 15 51
37 17 32 32 2
40 44 53 7 55
12 20 17 33 19
4 1 32 32 16
50 15 1 18 16
9 53 35 22 20
23 13 8 54 4
37 18 36 31 1
44 34 49 58 59
56 50 13 50 40
39 4 30 30 25
30 36 13 36 45
40 34 35 43 51
55 26 4 36 33
37 12 60 51 23
58 1 19 2 6
53 16 9 25 9
41 21 46 59 52
41 16 10 29 57
48 55 57 50 13
50 52 7 44 17
14 31 8 8 3
19 35 13 24 10
11 41 56 9 30
35 19 1 19 43
43 39 49 27 38
58 55 22 26 20
36 8 13 55 30
42 44 24 18 6
38 14 32 45 26
48 26 8 18 19
57 3 46 20 42
55 13 44 4 18
19 38 56 34 13
28 59 8 12 34
4 50 47 41 54
17 25 46 22 4
13 15 39 21 46
1 8 36 54 16
39 54 48 21 57
8 8 48 11 21
19 33 50 18 6
34 26 38 31 24
49 41 35 52 4
20 4 8 34 4
35 43 53 32 44
19 28 55 37 1
59 43 42 54 50
31 60 32 16 54
15 38 41 19 41
17 4 9 27 22
7 26 46 9 60
11 30 30 21 47
12 20 3 2 14
2 25 7 35 53
46 59 11 44 34
27 38 39 11 3
27 35 40 57 8
8 48 44 20 31
50 42 54 40 12
44 52 40 40 9
20 16 9 39 23
23 31 18 16 46
31 47 44 1 2
21 24 9 23 14
37 57 45 32 31
3 54 15 44 54
6 21 29 22 54
29 24 28 2 29
38 4 34 44 45
2 9 54 39 10
18 37 27 39 9
23 1 29 3 9
10 15 23 51 16
38 40 24 59 40
22 10 51 57 47
40 3 29 28 5
8 7 34 51 9
34 17 13 26 6
21 1 28 34 35
54 28 20 33 54
6 38 3 31 16
52 33 32 36 24
25 15 13 40 49
59 38 10 33 19
36 44 16 47 7
7 53 49 43 54
55 7 27 59 57
33 17 42 44 53
5 26 57 40 26
21 27 57 39 3
35 27 32 21 55
49 3 7 14 28
47 22 31 30 18
17 58 44 7 10
6 45 34 9 26
34 1 54 41 20
59 33 31 50 13
11 5 50 47 60
51 42 17 23 15
3 28 47 10 24
47 58 36 19 55
13 2 19 33 47
59 55 6 25 3
10 48 18 51 47
39 46 21 29 40
2 40 54 4 28
57 29 40 31 33
24 22 59 11 48
34 17 1 3 26
29 59 30 19 47
4 56 30 16 49
5 15 20 49 27
14 14 48 52 54
48 58 7 33 38
38 28 34 1 14
57 11 19 33 34
48 24 21 56 30
11 39 10 24 6
46 11 17 3 45
50 58 57 57 54
21 37 50 18 51
38 17 38 8 37
23 17 4 46 54
32 44 8 19 47
25 11 8 11 37
20 5 33 60 6
2 26 41 57 26
17 24 58 54 40
60 49 14 37 53
60 10 58 33 37
23 22 41 29 52
15 51 19 26 49
16 30 60 34 51
27 38 59 51 53
32 6 49 46 14
2 19 33 59 35
29 5 19 48 45
29 46 13 56 28
7 54 46 14 50
20 1 45 60 49
58 51 20 25 58
4 27 40 35 12
2 18 60 36 30
28 2 20 52 22
