200 50
15 54 56 51 53 60 43 23 32 15 26 1 47 18 24 35 22 19 21 43 36 37 41 29 59 33 6 53 40 25 28 38 1 56 19 26 2 8 13 49 15 3 22 38 27 59 12 35 38 5
58 40 20 57 35 9 44 55 56 31 15 7 52 42 56 58 31 38 17 7 40 54 13 43 26 42 10 20 56 1 24 38 23 56 12 25 18 3 23 32 54 39 7 15 51 4 48 57 48 15
16 7 49 33 57 56 46 17 51 40 33 32 51 18 12 47 48 9 32 17 11 37 3 11 19 31 5 44 22 13 58 52 15 51 9 5 57 57 6 54 5 26 18 50 11 55 55 23 39 52
23 32 52 39 19 7 17 36 18 34 42 6 52 5 45 17 10 18 18 26 7 42 34 42 56 31 25 8 52 35 47 58 31 8 19 7 49 37 37 38 30 5 23 26 2 21 52 51 7 41
34 44 14 34 40 57 32 6 36 47 33 30 11 4 56 47 10 17 39 50 19 42 6 37 27 47 46 56 17 29 28 50 20 60 15 7 3 28 16 14 17 23 13 18 4 51 22 51 41 3
53 29 3 11 13 29 16 26 40 35 57 37 35 36 2 23 50 8 5 5 47 57 54 31 36 25 50 39 10 43 31 55 25 22 21 17 7 31 54 14 41 29 23 39 43 14 41 37 24 1
16 8 46 4 59 33 37 30 50 11 37 3 55 33 16 28 52 38 33 50 16 12 21 34 32 32 21 2 16 51 1 28 26 27 20 34 59 24 11 47 58 9 24 29 58 57 1 30 59 46
17 26 6 19 6 52 48 29 3 9 4 18 41 7 2 50 20 15 38 10 55 5 29 15 32 31 22 30 7 43 41 3 5 40 57 40 55 42 55 10 50 53 42 13 30 21 37 26 28 58
25 52 44 60 27 50 31 59 47 23 56 13 52 46 22 18 15 43 59 60 26 1 57 18 25 17 13 3 12 19 8 51 6 1 12 33 53 28 38 32 7 10 14 26 27 37 15 39 43 19
43 57 43 4 17 37 34 41 22 48 5 45 39 55 59 42 35 1 30 33 24 12 32 48 17 22 21 30 49 30 11 50 2 17 26 35 34 20 23 56 2 58 4 45 60 37 58 51 40 58
16 6 1 53 19 54 59 20 14 56 12 39 56 24 46 23 37 36 22 5 13 48 53 1 47 49 14 36 26 43 60 11 2 41 9 37 19 44 17 20 45 43 8 2 54 60 3 52 35 3
46 26 9 33 20 40 36 21 31 36 35 46 2 23 43 53 40 40 46 23 58 51 17 58 29 44 41 59 55 33 42 44 33 37 17 31 10 17 30 45 17 27 17 55 25 49 4 40 17 27
36 11 27 47 57 21 50 21 39 37 7 7 2 32 7 36 16 14 6 37 51 23 51 1 14 43 54 3 57 42 5 9 47 39 4 4 30 46 43 18 56 36 21 56 34 48 21 22 48 18
39 9 34 7 2 20 45 37 48 3 36 30 7 42 52 13 52 10 33 6 7 3 33 23 5 54 15 40 32 32 4 8 12 54 32 19 35 2 17 45 39 21 2 14 5 26 34 15 22 27
42 55 50 8 9 26 39 9 24 56 13 46 44 40 25 39 29 20 14 31 28 13 53 3 26 34 29 54 53 30 18 32 33 56 12 21 29 54 16 49 27 52 14 20 41 5 3 21 40 58
3 45 26 11 6 31 20 4 43 30 2 42 17 44 14 5 23 54 58 40 14 20 35 58 20 43 48 49 12 31 51 31 7 41 24 56 60 13 6 53 6 14 44 50 53 34 11 9 18 59
9 37 22 3 21 33 19 57 32 22 15 12 45 12 17 3 56 29 55 13 25 3 59 47 8 47 15 20 36 34 10 48 39 23 13 31 1 55 59 58 10 38 48 17 3 33 19 28 57 2
16 33 52 35 15 8 32 49 6 31 38 56 8 14 19 12 6 31 5 20 55 10 45 53 57 11 17 40 52 1 28 12 15 58 49 23 12 1 13 11 37 32 45 56 22 22 10 2 10 19
13 22 47 50 1 36 31 49 20 11 5 22 9 38 53 41 22 38 5 54 22 43 3 48 42 47 9 32 60 4 53 16 18 15 38 32 49 33 21 29 12 25 18 48 36 13 30 5 47 18
26 9 21 40 20 28 52 27 20 24 47 58 49 10 38 42 39 39 33 51 54 50 46 41 21 7 47 19 9 41 19 46 12 8 40 11 55 51 36 37 34 5 36 18 23 44 20 30 35 4
37 29 54 46 44 48 32 44 14 50 34 24 41 52 28 2 2 44 46 52 13 36 18 41 18 14 33 29 30 41 16 34 18 9 15 31 42 10 18 54 3 53 59 52 52 58 10 9 9 44
23 31 50 21 3 2 13 1 24 54 14 49 36 45 24 52 58 48 33 36 31 60 50 16 54 48 40 6 54 8 32 34 14 40 1 1 13 20 2 4 28 10 28 37 32 17 46 59 31 6
58 37 39 15 19 49 51 52 38 42 5 57 25 21 51 36 2 15 41 10 4 40 16 54 19 56 7 58 42 8 17 12 53 55 60 13 46 53 1 42 26 53 19 25 3 16 59 48 26 60
22 14 14 27 38 11 32 6 38 17 46 56 40 44 53 35 21 48 7 4 39 30 42 55 36 43 17 40 37 52 45 6 13 52 32 36 13 25 57 51 2 12 20 10 27 38 38 5 48 26
21 14 6 4 5 42 14 35 9 32 58 55 25 20 52 42 45 42 37 2 19 52 54 27 57 39 35 7 56 8 10 27 51 36 11 10 43 57 20 17 5 58 19 29 39 18 51 48 33 41
1 5 8 37 58 53 22 51 2 34 21 30 29 23 26 56 26 46 41 46 22 24 18 36 20 52 51 30 12 20 48 16 43 32 22 33 7 24 58 24 39 18 38 28 41 47 52 31 44 12
51 7 41 5 37 30 47 8 26 16 14 50 37 42 11 48 44 33 29 60 54 41 14 1 21 52 58 49 31 19 3 2 47 21 31 37 46 13 33 45 13 9 36 25 50 9 9 16 48 50
23 48 28 56 23 23 57 41 29 49 14 50 36 17 59 35 34 54 58 12 1 23 9 37 45 44 41 55 58 29 23 31 33 37 21 28 28 58 27 30 21 25 28 13 49 45 37 60 3 51
49 3 60 41 52 29 31 19 35 7 27 48 58 38 14 22 34 18 20 7 25 42 25 5 40 56 37 32 48 49 24 13 16 26 48 31 17 50 42 10 26 44 45 40 7 50 50 23 16 34
53 16 46 32 19 46 40 47 34 8 3 27 10 22 32 1 2 7 6 22 7 39 14 48 52 13 21 24 9 54 12 39 16 12 41 17 40 50 29 27 4 4 19 43 7 16 59 27 32 29
31 12 47 4 38 24 18 10 2 37 35 30 3 31 51 16 23 56 57 22 16 59 50 37 23 35 7 43 42 56 39 2 34 10 57 52 37 41 53 28 22 30 15 18 42 33 16 59 2 13
17 28 17 24 41 36 18 24 4 2 10 49 38 39 49 28 26 44 3 58 47 53 30 54 10 41 60 55 21 56 9 44 53 15 46 55 25 29 12 4 12 41 24 56 44 5 5 55 14 3
54 4 54 12 53 14 3 3 33 40 43 46 18 51 32 38 46 9 54 21 42 26 50 26 53 55 37 41 54 16 26 47 8 31 18 7 6 4 58 38 39 7 33 29 8 45 41 19 9 39
54 9 2 19 43 4 10 57 9 42 25 34 37 48 5 16 21 44 42 19 58 40 23 37 11 10 2 53 4 40 42 57 37 31 26 33 13 55 28 47 43 15 21 52 25 3 51 39 9 8
54 7 48 37 47 54 56 22 7 14 50 18 59 10 22 5 15 44 33 6 44 31 4 40 6 57 59 19 46 11 36 2 25 17 55 7 57 58 15 53 55 50 26 7 25 47 21 41 12 53
3 24 24 19 23 45 55 1 7 3 11 56 24 28 48 39 17 32 12 21 33 36 12 21 12 27 9 43 44 32 34 43 56 12 2 38 21 29 59 38 47 16 14 53 30 46 49 20 37 32
11 47 29 32 50 59 38 37 22 11 24 36 14 22 24 5 57 48 4 29 27 56 37 58 44 32 56 50 20 7 37 2 35 57 10 54 22 11 38 29 32 46 29 28 48 27 16 8 30 49
6 45 27 27 2 36 9 24 4 31 48 46 29 43 24 5 40 14 44 37 45 12 11 57 42 24 46 5 44 57 17 10 42 59 51 43 19 44 56 51 2 26 12 34 8 36 2 19 37 27
29 33 36 55 2 25 14 51 36 22 10 50 24 5 31 16 18 52 17 5 25 4 38 45 32 56 33 49 55 32 35 10 49 46 55 47 3 34 27 56 33 15 43 43 19 27 40 39 39 20
29 26 16 43 41 2 5 19 20 33 51 4 36 36 47 50 41 16 51 17 44 34 2 42 23 21 3 35 5 55 38 21 57 48 33 35 51 46 9 21 28 55 47 5 34 17 30 55 55 32
34 45 17 39 5 21 42 11 42 52 44 20 57 53 52 9 56 3 15 13 5 51 9 21 9 24 9 34 40 49 2 57 39 60 32 9 45 27 38 28 11 25 8 56 32 16 1 36 6 60
59 6 6 32 43 52 42 30 12 50 45 3 14 8 58 7 54 58 39 13 6 27 17 60 4 49 3 3 46 13 23 49 6 3 26 26 38 46 15 24 32 41 24 20 41 46 19 2 6 60
23 11 4 20 40 59 31 35 4 35 15 16 49 32 16 26 29 53 32 4 7 49 49 7 43 12 25 55 8 44 4 37 52 48 29 12 38 47 11 47 54 9 45 50 18 1 52 28 42 40
8 7 15 17 13 57 26 11 6 50 52 52 20 60 46 10 17 44 59 24 37 58 50 25 56 5 11 4 12 49 49 35 3 60 19 45 54 56 9 8 11 19 12 7 25 11 11 53 33 42
16 31 47 20 36 44 57 32 31 29 8 24 1 45 56 28 6 2 53 18 9 18 30 12 39 55 32 12 34 7 2 27 27 35 15 18 54 50 28 51 20 19 28 56 7 55 15 43 35 41
29 46 9 1 59 56 1 6 56 18 28 26 31 34 16 25 49 46 13 54 44 7 44 44 54 24 18 19 29 11 36 43 41 30 1 46 6 30 6 16 43 41 14 13 30 50 28 32 16 59
42 4 40 51 32 13 53 42 28 51 44 25 19 53 7 36 55 46 2 4 27 12 21 25 57 6 46 19 35 20 11 22 8 51 40 27 24 13 56 23 39 9 50 40 21 13 48 33 6 43
60 29 29 34 37 23 48 3 20 34 54 58 11 17 36 2 57 6 56 44 40 28 4 40 4 60 9 16 2 41 24 50 5 20 19 52 26 47 57 41 51 57 9 32 27 17 3 42 16 50
4 22 39 9 20 11 55 27 49 28 55 58 59 45 11 52 15 7 29 33 37 52 3 33 46 45 35 7 1 11 20 10 56 17 16 16 12 31 7 51 60 22 52 35 30 44 4 54 14 7
19 34 49 46 4 46 1 18 30 13 3 29 38 46 17 10 24 13 34 16 1 40 31 32 22 54 46 20 48 35 17 49 43 20 40 10 20 59 7 9 41 29 15 18 35 40 25 45 24 39
16 59 14 30 15 22 29 18 1 59 7 49 23 28 9 12 26 37 13 1 55 32 36 60 13 60 23 58 38 1 9 57 30 46 28 6 17 46 25 22 55 35 38 31 3 35 17 18 27 55
53 33 44 43 2 35 5 21 22 13 5 42 35 5 8 20 4 31 48 48 22 5 29 4 18 10 32 1 11 44 57 57 3 32 24 52 58 59 36 32 30 55 36 15 1 21 16 58 21 59
58 12 52 46 46 11 32 39 40 49 54 59 6 54 36 56 60 3 38 1 38 25 28 51 30 10 10 4 5 37 8 13 34 38 38 18 4 54 12 44 22 5 14 43 43 27 27 57 10 58
29 11 17 45 34 12 56 60 8 21 34 40 51 55 7 60 33 10 54 45 26 52 54 37 37 23 51 37 18 21 2 21 27 32 5 49 36 27 8 25 32 56 20 15 17 60 12 57 21 30
47 32 51 30 20 4 54 12 43 16 48 52 24 58 14 24 22 54 15 42 37 33 30 10 53 26 27 60 48 58 51 42 4 25 14 53 33 15 40 55 41 17 13 7 16 60 44 37 26 52
1 55 37 3 10 24 36 55 22 42 42 37 47 27 49 2 16 33 57 8 47 57 11 2 6 59 3 44 23 26 13 33 25 26 16 37 19 39 13 58 35 9 38 57 55 6 7 47 31 21
37 41 39 1 51 51 60 31 42 14 42 53 20 29 27 58 45 14 60 6 36 47 40 8 60 56 51 20 50 15 48 31 51 47 51 5 36 51 49 43 34 14 27 50 35 11 55 36 59 52
45 42 1 58 44 51 13 47 13 28 54 50 11 32 56 29 55 57 42 38 8 32 15 15 15 49 46 16 32 40 3 2 13 56 42 13 29 26 56 51 56 39 41 60 47 32 57 2 31 32
4 46 13 14 47 58 33 11 25 46 9 37 55 53 45 51 2 35 50 12 12 46 2 20 24 60 17 6 38 1 56 15 11 21 5 22 58 27 41 35 45 45 17 21 39 6 30 50 7 33
47 29 30 48 2 20 3 3 2 23 14 44 43 48 35 46 36 40 47 9 19 49 49 33 37 15 27 30 2 57 12 22 24 39 13 13 15 49 24 20 5 5 47 19 50 8 36 24 2 22
38 18 14 40 45 18 34 43 20 41 53 51 59 29 9 47 7 31 8 17 1 34 40 12 30 10 50 28 26 53 23 13 49 51 55 60 13 36 3 7 7 11 31 11 33 57 15 52 47 20
31 36 30 46 2 9 27 11 43 30 22 22 8 26 47 57 28 1 17 1 22 36 1 48 44 59 1 47 4 42 9 5 54 18 34 15 29 54 1 17 10 32 21 39 39 18 50 49 19 30
59 45 55 16 45 44 10 24 20 38 56 49 4 28 42 18 12 45 28 33 8 54 40 33 25 52 37 25 52 14 49 51 5 23 15 21 25 36 13 13 54 6 60 53 37 23 23 26 30 40
50 1 37 43 54 34 40 13 18 35 43 16 22 41 4 1 15 16 41 18 20 26 12 26 19 42 32 38 23 33 25 8 42 25 21 57 58 24 21 7 15 57 55 25 9 48 34 49 49 15
19 30 19 53 17 60 50 23 33 4 55 47 53 45 2 8 20 32 48 48 57 45 37 34 2 34 59 35 22 48 43 21 49 4 13 27 1 27 34 53 56 40 1 21 24 40 15 56 35 60
36 21 50 20 46 22 6 36 48 28 41 28 54 47 29 53 52 44 59 54 36 39 36 33 9 1 46 42 10 59 35 41 8 17 15 5 21 26 58 5 50 46 23 51 4 19 36 41 37 20
21 48 50 52 52 27 25 48 9 55 43 53 55 11 35 1 34 60 2 26 53 3 60 30 10 3 39 6 48 28 12 46 4 35 10 51 53 58 11 49 35 17 34 56 22 40 57 26 50 38
59 60 55 11 57 7 40 17 60 31 27 43 5 1 13 42 49 48 2 45 2 54 3 56 12 21 38 31 50 6 56 59 14 6 54 31 4 48 8 32 3 44 9 12 34 14 51 51 56 52
32 36 54 51 27 18 35 2 7 27 13 23 28 3 20 31 49 27 18 9 11 19 43 22 38 8 28 60 47 47 6 16 19 33 37 31 18 31 58 58 15 29 23 45 9 42 15 52 9 30
34 43 26 32 4 57 27 20 53 30 42 59 31 6 1 35 53 57 30 48 8 8 9 49 48 58 56 11 12 51 48 28 36 55 27 5 25 23 51 14 32 29 24 50 53 51 46 4 60 31
55 26 54 42 5 46 55 55 44 27 50 39 27 43 48 37 15 12 50 54 23 58 4 54 43 38 5 56 20 32 8 31 22 38 50 58 52 58 6 44 34 1 55 20 7 38 32 7 49 8
23 47 14 47 53 14 10 52 37 22 37 36 36 27 41 22 37 30 4 9 13 56 60 5 53 22 25 1 3 27 58 18 16 7 43 48 11 25 45 59 21 34 12 1 8 54 32 41 40 22
2 20 49 21 26 43 20 18 54 29 18 13 59 27 42 11 57 59 23 41 54 11 59 42 19 2 30 2 9 19 55 32 17 50 58 14 39 27 9 40 24 44 57 10 9 43 45 15 9 37
37 60 50 53 51 26 38 53 59 50 25 50 5 60 43 42 7 43 26 42 31 58 43 10 33 22 6 22 57 4 25 37 19 7 59 7 1 13 9 32 26 14 58 55 5 58 15 33 3 26
15 19 19 16 4 5 53 58 20 18 48 56 56 4 9 58 47 4 47 60 57 41 7 23 25 14 30 45 7 58 43 49 18 19 57 18 44 41 2 60 5 36 40 19 50 43 38 14 19 9
52 6 22 2 49 22 31 33 37 43 56 30 21 51 6 56 52 3 20 39 59 28 60 48 57 4 29 5 53 31 5 52 38 30 37 53 42 3 6 45 47 56 28 59 24 3 44 19 34 54
49 29 18 43 13 38 15 56 37 20 55 60 48 3 27 37 39 44 49 5 28 9 31 25 3 55 44 9 18 41 14 1 43 29 37 39 18 29 47 46 52 54 54 7 32 18 31 28 57 15
50 46 10 52 15 49 35 8 25 20 56 44 20 37 36 53 50 58 7 35 51 47 39 10 37 39 28 38 21 24 13 30 37 9 36 28 29 17 56 9 57 15 9 9 15 8 2 32 50 21
27 27 41 54 54 44 5 36 46 31 40 51 50 16 49 10 7 43 44 10 34 51 41 53 3 48 31 1 43 46 2 31 41 23 15 45 46 37 42 19 2 34 55 35 28 13 25 10 19 48
7 52 33 38 14 29 37 15 16 17 59 3 1 40 35 11 26 48 24 49 48 36 34 8 56 58 24 17 38 9 47 53 32 18 38 23 55 30 33 31 11 59 49 12 20 5 27 23 43 48
19 1 33 23 53 19 37 41 39 32 18 19 13 50 48 44 20 5 5 40 13 10 47 17 50 8 4 11 2 12 55 29 32 21 1 17 60 51 38 34 33 47 13 21 30 49 37 5 14 11
25 33 29 48 20 23 33 41 23 60 36 40 17 53 38 40 14 35 26 56 57 34 7 45 7 17 54 6 51 60 42 13 12 1 22 36 43 28 27 53 29 13 49 26 7 46 29 9 35 27
33 25 41 41 23 60 17 8 33 3 29 9 47 16 58 17 39 7 39 25 53 1 37 49 54 20 8 22 47 60 17 6 28 16 33 59 58 19 49 56 8 59 33 40 35 32 13 11 11 58
34 2 58 58 42 18 14 51 11 22 50 44 48 11 49 51 12 2 10 4 21 28 37 13 37 13 59 20 35 28 42 9 43 23 57 19 14 35 5 49 13 37 32 15 4 9 36 19 9 20
2 3 41 10 2 46 11 32 14 51 8 27 41 30 43 51 52 10 9 26 37 47 10 3 49 10 34 24 51 32 50 9 38 34 23 32 43 19 42 36 33 35 27 52 24 46 59 43 42 50
32 7 60 9 46 56 50 56 52 43 20 37 36 12 26 20 43 37 12 29 56 14 39 54 1 32 33 22 48 18 50 49 34 14 36 3 59 13 59 54 20 28 42 29 25 27 10 55 3 51
7 19 34 40 14 9 4 43 13 60 38 45 55 32 47 49 59 19 46 36 57 26 36 25 24 57 39 50 33 60 36 7 18 32 10 31 29 12 26 47 39 29 6 22 50 28 16 2 16 4
19 9 42 9 29 13 59 23 37 17 5 34 47 17 51 30 11 60 33 28 41 51 16 49 31 46 11 42 43 11 44 37 46 45 29 27 47 47 8 31 34 33 26 39 35 34 38 48 23 59
52 41 37 53 54 5 11 50 42 2 47 49 20 1 48 21 57 26 38 4 2 41 14 23 22 3 7 2 20 48 26 28 11 37 1 47 30 56 22 33 52 35 60 33 29 5 3 22 28 24
41 46 45 15 6 46 60 42 37 19 17 50 53 24 3 9 47 26 26 34 13 45 43 14 22 13 5 51 45 25 37 7 35 8 58 51 9 15 20 3 59 16 38 48 40 38 20 8 50 41
2 44 9 42 42 22 54 2 25 26 26 53 38 5 43 21 10 11 10 22 39 17 10 48 39 24 27 40 52 22 18 29 12 32 35 19 55 47 59 48 26 13 11 33 50 8 27 7 15 30
11 5 4 10 32 8 55 46 23 7 57 50 2 42 17 45 54 43 32 18 10 31 56 30 53 12 52 27 33 21 20 49 51 42 21 37 51 30 6 59 23 9 29 50 3 22 15 31 6 15
42 46 56 51 19 15 8 32 2 5 58 1 18 49 16 3 18 12 43 13 41 59 5 23 40 45 28 58 24 1 1 34 39 51 11 37 38 16 40 11 45 7 19 51 39 55 2 11 53 52
24 14 45 43 47 21 58 46 42 49 24 29 5 14 37 59 30 15 56 4 56 48 59 6 23 60 41 5 53 27 27 56 13 2 42 49 15 29 60 36 35 15 16 27 50 33 6 32 22 1
15 7 33 2 17 32 44 24 47 41 3 7 21 32 57 17 37 1 24 19 24 5 37 18 9 44 27 11 4 55 33 40 17 59 32 12 20 14 18 53 30 41 4 2 48 45 7 22 46 51
33 8 16 6 52 47 25 40 5 20 5 18 12 50 45 38 13 32 39 51 41 36 52 28 18 52 39 41 56 25 5 13 55 48 1 57 25 34 24 37 16 37 4 20 25 21 19 11 13 55
32 29 28 56 54 47 29 47 12 10 23 40 53 36 19 60 30 6 32 10 4 2 15 60 54 25 27 21 2 11 8 7 48 8 27 2 44 17 21 47 58 52 16 53 1 40 28 51 14 58
31 10 32 42 51 44 38 5 59 59 8 40 51 33 25 52 4 14 48 53 18 5 55 45 6 19 39 48 1 20 41 8 30 3 17 49 48 47 20 13 13 35 39 33 31 50 33 31 54 52
22 24 41 49 8 28 29 55 20 49 45 40 23 25 14 58 30 40 15 56 23 26 59 14 49 44 35 10 16 39 2 18 17 19 48 45 35 26 26 18 35 14 59 29 51 49 7 2 17 5
48 58 1 11 34 17 27 45 32 11 5 51 40 32 42 50 33 27 6 41 29 31 22 60 16 49 17 25 51 41 51 25 9 1 50 33 51 23 41 17 39 25 15 1 26 2 30 32 35 3
32 5 54 20 4 31 30 49 44 27 8 4 15 5 29 36 57 53 52 53 13 8 51 50 9 47 18 22 8 13 27 46 22 29 51 15 59 48 58 10 33 40 10 6 22 44 53 11 16 26
14 54 58 33 31 16 45 59 38 37 7 48 18 53 19 38 29 23 15 30 22 60 14 36 58 58 26 56 58 2 60 29 28 37 59 7 31 47 18 5 30 9 48 49 26 48 20 20 51 34
46 25 17 40 20 16 60 27 50 27 2 20 16 50 49 59 56 45 46 20 4 50 38 18 14 27 40 59 29 39 54 33 3 5 13 47 4 21 39 53 12 17 37 1 51 21 51 41 9 41
33 27 20 50 15 46 7 48 34 47 14 11 19 18 58 34 26 20 5 53 26 15 44 49 35 56 26 48 33 12 21 47 13 19 54 3 16 55 59 44 12 16 29 11 55 9 17 58 56 10
11 10 12 31 2 30 37 21 38 54 16 33 26 52 53 12 13 59 39 54 48 31 26 30 58 8 35 44 50 30 48 21 55 35 12 27 18 39 29 5 6 21 6 3 29 16 45 57 49 43
8 30 5 48 44 20 28 42 28 13 9 55 28 17 9 26 41 25 43 45 19 36 23 58 55 21 41 53 15 9 51 56 10 56 9 16 3 41 1 35 44 52 25 1 56 6 59 25 34 29
12 28 37 52 15 16 26 20 2 36 21 3 54 8 48 43 28 22 32 18 56 43 49 6 22 15 28 44 56 27 18 27 26 23 37 8 50 27 33 16 24 7 53 12 26 48 20 59 35 22
55 45 60 32 24 44 36 14 48 15 50 52 3 38 1 50 44 58 7 48 18 16 43 44 16 11 60 54 60 49 42 37 60 55 38 50 30 20 48 39 31 44 14 18 14 35 16 37 57 10
13 28 49 47 19 38 12 23 10 4 59 24 9 48 53 29 13 31 42 31 57 46 10 36 50 19 34 49 48 60 52 41 22 10 15 23 24 22 41 24 41 46 20 51 43 28 28 46 42 46
18 39 43 20 31 58 15 42 51 46 9 37 45 18 48 7 34 26 25 19 44 55 18 50 14 48 7 7 40 12 41 11 25 5 27 34 30 49 6 30 31 32 55 34 46 51 43 32 26 26
40 15 37 37 41 27 53 36 57 11 32 45 29 12 22 4 12 1 29 1 5 12 41 21 46 22 19 9 10 1 22 40 28 60 44 38 37 6 48 33 14 35 37 12 47 55 60 47 41 44
24 46 31 7 51 40 59 26 23 24 51 21 35 55 17 31 20 24 21 37 37 10 10 11 51 5 14 52 33 29 29 55 51 8 59 45 9 42 48 54 21 55 34 17 42 44 43 25 26 23
8 31 54 35 45 56 30 30 14 6 17 48 35 31 46 31 56 4 53 36 41 53 27 24 40 39 9 15 13 49 23 58 42 46 42 33 45 16 60 43 43 44 41 56 36 11 20 6 12 14
35 32 56 1 58 20 50 11 45 2 19 2 5 18 15 57 58 22 13 32 42 45 48 27 55 54 16 40 32 4 15 37 51 48 54 4 35 10 25 37 53 18 19 18 23 17 35 44 60 56
33 6 34 5 59 55 3 12 53 31 32 31 60 1 25 33 20 16 47 41 16 1 23 30 28 51 34 47 25 31 26 52 45 13 56 45 41 22 41 17 34 12 26 7 54 30 6 29 40 56
8 24 49 53 1 31 45 27 8 24 23 27 41 20 39 1 58 20 11 24 58 44 43 36 25 56 5 52 33 23 44 29 30 14 51 30 48 34 50 3 60 26 60 50 14 40 6 34 11 39
27 59 18 3 21 23 44 9 7 50 45 8 35 53 39 54 59 28 6 59 32 17 56 34 15 59 20 55 48 22 21 1 48 23 56 20 32 25 36 54 54 19 16 19 1 52 55 4 60 48
34 8 33 22 56 57 8 58 20 51 49 8 21 12 24 12 18 19 27 20 11 55 4 54 54 14 44 22 3 33 37 43 22 28 41 25 33 43 53 44 38 41 19 42 56 51 11 45 10 58
27 6 35 43 7 7 28 13 22 17 26 48 6 5 13 40 56 53 14 9 57 13 54 6 28 54 46 22 13 54 33 34 12 12 37 37 39 47 20 36 56 21 23 39 21 13 14 8 9 56
42 41 5 1 33 54 42 26 29 25 36 53 30 7 50 7 27 57 40 28 15 19 1 50 33 50 40 40 16 55 41 37 5 24 11 48 55 44 50 8 24 22 52 31 12 45 1 21 59 2
28 34 15 47 33 39 1 15 50 54 2 11 55 15 52 13 31 45 54 40 36 2 15 2 9 25 37 22 31 44 46 56 53 51 12 26 10 58 17 23 17 54 36 33 1 24 5 20 42 39
50 16 29 55 18 19 14 18 43 2 28 26 9 57 1 52 23 58 54 29 18 41 21 56 13 4 29 60 14 26 36 13 48 46 2 15 12 23 1 26 22 34 45 27 31 26 51 28 1 23
45 42 38 52 13 43 25 53 35 49 38 45 48 19 38 48 13 56 36 52 31 33 25 54 41 19 30 34 42 13 11 44 26 39 47 3 44 21 1 2 41 4 8 48 58 55 44 59 48 35
4 38 32 15 15 26 38 2 33 48 1 47 52 9 10 13 12 34 22 34 35 36 13 57 8 52 28 41 56 3 10 11 28 17 12 7 19 44 35 42 12 18 7 26 17 8 47 38 18 22
60 31 1 11 60 25 23 11 17 30 46 18 38 16 40 12 26 28 48 9 58 34 22 13 2 24 40 43 28 15 5 47 26 38 20 11 53 54 35 28 57 59 8 39 58 17 41 13 9 37
26 47 53 55 35 39 42 27 3 43 49 11 30 47 46 36 4 1 3 37 56 15 54 33 30 17 25 4 42 21 52 38 16 18 20 13 44 14 58 24 47 21 57 50 26 21 15 40 9 51
13 18 8 28 56 26 41 46 46 16 27 36 48 17 37 17 43 18 53 20 35 39 32 48 22 38 5 29 34 31 17 7 22 47 47 21 10 8 38 38 52 13 7 5 14 42 43 44 31 59
16 18 9 27 34 8 20 19 25 13 26 58 55 58 15 42 47 39 34 38 4 41 29 2 56 39 23 54 7 41 22 55 25 28 16 41 28 54 57 9 26 11 33 27 26 28 4 42 57 41
47 31 29 17 34 5 40 23 60 28 2 48 49 6 11 10 22 34 45 42 52 50 12 47 13 27 22 28 23 7 21 32 51 23 43 23 49 30 60 56 43 3 1 3 54 26 16 55 53 3
12 52 59 26 23 18 37 60 2 21 39 21 45 10 43 40 29 38 9 13 20 20 55 3 28 32 25 32 12 1 9 49 43 7 45 52 39 22 52 17 59 56 9 44 35 12 25 38 54 47
4 12 7 29 45 31 13 30 43 50 39 42 31 44 55 18 33 35 25 9 55 41 55 19 60 32 6 5 7 43 34 49 54 19 13 51 52 40 54 55 39 57 40 25 32 13 47 22 26 18
21 27 27 45 15 28 4 10 56 19 20 17 18 3 2 48 32 9 10 18 43 56 50 2 5 53 45 35 50 56 56 16 35 57 45 58 58 53 59 31 7 32 57 45 35 56 18 17 33 32
45 56 31 11 3 13 3 5 50 32 38 6 44 21 2 41 46 42 6 25 59 38 42 7 32 22 5 31 29 18 6 11 31 32 9 20 28 10 46 28 19 47 28 14 45 53 33 46 25 11
40 44 28 52 10 38 30 55 42 52 57 14 27 6 49 4 20 38 52 44 15 51 31 51 31 12 19 8 35 52 19 37 58 25 58 20 30 7 31 49 49 25 58 14 49 15 24 36 57 44
32 44 10 34 12 42 10 27 44 37 43 45 28 24 20 10 15 8 35 51 12 42 60 25 44 17 41 30 5 27 11 27 16 2 12 1 56 16 10 56 51 43 8 56 15 38 34 16 43 28
60 10 3 23 30 46 32 21 56 20 52 6 34 10 29 35 51 8 50 4 37 18 47 54 27 53 33 13 29 5 2 10 5 34 15 8 34 46 51 56 22 53 33 47 36 6 35 13 21 56
9 15 6 19 45 31 18 40 7 9 6 52 9 30 31 49 34 48 45 60 11 39 21 46 7 55 58 25 15 15 41 32 45 20 52 32 1 37 17 4 48 19 59 35 3 46 10 20 24 31
14 14 22 56 13 39 14 11 57 16 23 6 27 29 40 21 60 17 11 31 8 13 4 40 41 15 21 37 8 30 14 50 28 39 60 32 25 35 22 30 14 31 20 44 48 45 49 39 2 32
6 17 53 41 41 38 18 38 10 6 3 30 39 22 53 33 58 25 3 2 45 50 33 5 11 4 16 25 5 41 35 42 45 24 59 20 16 22 40 37 51 44 48 46 21 6 9 3 20 39
16 49 33 8 38 49 38 15 48 38 3 51 58 21 23 60 15 34 16 39 4 3 49 30 26 38 24 52 59 52 36 9 44 2 19 26 10 30 30 39 26 32 49 58 22 32 53 11 53 37
39 45 59 53 29 40 23 40 37 35 9 56 51 5 51 36 15 43 38 36 20 27 31 43 37 31 49 55 33 50 39 47 14 35 49 37 5 16 56 32 31 19 42 46 17 48 10 38 34 32
43 36 23 26 41 45 2 51 17 52 26 16 33 14 56 51 50 30 15 23 17 45 27 6 29 45 55 35 55 42 56 59 5 17 60 23 27 24 38 41 36 60 38 58 21 17 36 24 33 52
41 50 39 13 49 22 25 48 18 60 5 1 60 44 5 47 54 31 28 36 15 32 51 16 28 6 58 34 33 49 56 53 15 34 25 44 25 41 37 48 28 19 10 18 24 57 21 1 13 9
21 36 45 36 10 39 17 8 40 54 3 50 51 56 37 37 16 35 1 19 58 18 55 27 32 55 30 23 20 33 21 41 60 14 20 38 18 9 50 25 53 38 59 35 22 35 22 31 55 43
29 59 18 48 36 21 32 5 60 22 42 14 4 9 29 11 37 32 48 40 52 12 53 9 47 10 29 25 44 28 3 1 55 4 49 32 43 11 41 20 50 30 4 7 21 18 40 23 58 1
46 53 19 21 42 11 5 12 50 52 18 19 52 36 34 56 56 23 57 22 31 2 51 43 23 31 21 13 39 51 36 3 50 49 55 1 7 54 23 26 27 24 32 11 11 40 33 34 9 28
44 9 55 55 50 38 29 21 43 28 46 11 16 57 36 38 24 22 36 1 53 40 48 55 34 32 1 12 36 24 5 7 57 49 36 8 52 31 59 6 48 11 14 33 31 19 40 53 23 2
27 44 14 39 12 17 2 50 16 13 26 23 6 7 31 58 14 21 22 42 40 36 6 1 1 54 54 47 12 15 48 19 26 14 5 52 58 15 46 10 30 34 36 7 56 39 35 37 45 7
2 29 19 4 18 30 47 49 27 25 36 32 28 30 17 35 3 13 35 24 18 52 25 49 34 40 52 55 26 2 59 18 52 29 51 43 8 39 11 13 56 54 23 18 19 2 52 45 57 48
56 21 36 9 36 3 26 39 46 57 58 26 15 43 20 59 41 26 57 15 3 12 3 24 59 35 8 8 12 53 44 4 23 57 19 31 58 25 20 13 16 49 45 21 50 5 55 58 6 28
43 28 40 23 24 45 5 11 40 57 52 20 10 16 52 60 43 26 24 17 55 26 23 12 28 23 3 43 24 31 17 26 45 5 51 12 58 41 14 26 22 52 12 57 41 35 1 56 1 55
15 60 16 51 33 28 45 32 28 29 23 51 31 47 24 31 40 37 13 14 3 32 40 50 33 42 58 12 41 1 50 57 57 16 46 14 29 22 54 25 20 48 3 39 27 46 11 57 39 6
9 29 3 27 15 41 38 38 29 17 58 32 20 25 9 1 46 27 36 50 20 9 37 18 18 5 54 47 40 33 8 20 3 8 22 25 42 10 30 29 37 20 45 12 54 47 7 7 28 30
5 40 12 21 30 35 7 18 6 21 34 13 54 54 3 11 34 53 46 15 52 14 55 18 36 45 27 24 30 1 21 39 19 11 21 4 18 34 35 43 51 12 48 40 4 24 47 59 55 17
59 27 32 10 59 39 11 27 19 8 51 47 57 12 1 11 26 13 51 22 29 3 50 51 12 58 49 9 18 41 30 33 31 1 10 60 39 20 9 3 16 13 42 35 51 34 15 50 33 37
48 60 25 26 1 5 5 12 16 6 49 9 2 29 19 20 14 15 51 31 3 45 7 52 9 24 26 18 60 36 46 28 32 11 9 39 4 31 3 22 19 22 7 14 38 60 15 41 42 17
26 11 53 16 18 7 54 51 2 12 9 4 15 10 37 48 49 30 41 25 16 46 19 60 47 50 6 58 46 49 55 20 29 50 46 21 57 7 1 54 6 21 57 5 30 59 14 27 47 22
24 9 52 35 5 2 25 52 27 7 60 9 35 12 52 42 17 4 58 27 58 58 31 49 41 22 8 55 41 19 28 57 34 41 27 6 52 59 1 37 8 54 34 50 30 1 26 13 12 12
37 51 31 13 18 34 34 4 30 58 9 23 20 8 51 52 19 44 23 45 54 44 54 34 53 48 40 58 9 45 53 36 59 48 18 57 25 29 18 47 18 2 36 59 38 54 23 30 35 13
34 12 39 22 54 15 32 41 4 43 60 35 45 28 27 3 35 27 7 8 23 44 37 13 36 4 7 46 44 28 51 49 17 58 18 53 29 26 34 17 19 31 15 34 1 16 3 14 11 41
56 58 29 42 22 55 44 2 22 33 12 32 55 14 2 8 34 49 5 13 35 56 1 49 59 25 59 59 10 16 54 4 53 23 26 39 31 25 53 52 2 45 30 53 60 21 3 19 34 51
9 5 25 13 37 9 26 33 31 38 46 4 43 24 26 30 41 30 20 2 31 8 13 52 23 7 31 43 27 42 55 53 33 55 17 25 9 22 38 10 5 15 48 29 9 13 58 11 43 8
8 14 37 60 43 2 27 10 57 34 37 26 18 23 34 41 54 48 11 18 30 45 21 23 48 47 43 49 18 52 13 4 29 11 40 30 46 12 39 35 49 14 40 38 30 49 37 9 42 47
28 22 26 34 10 60 35 11 17 22 7 51 13 22 11 2 9 4 4 12 39 55 9 22 37 14 14 41 4 48 56 19 45 60 8 16 57 59 44 26 27 58 54 51 31 4 36 6 22 3
22 30 11 43 36 26 2 48 41 49 45 21 36 43 54 4 45 60 19 9 11 22 36 20 39 1 2 58 47 35 4 6 17 54 14 35 3 50 22 7 11 8 24 23 24 52 14 49 21 33
22 56 23 32 21 57 36 47 25 54 36 9 26 52 2 30 6 31 40 26 6 34 59 39 8 28 36 19 3 8 20 12 56 14 31 58 24 32 36 60 10 43 24 26 45 43 1 45 15 15
44 50 24 53 11 31 28 31 41 20 59 55 57 11 7 40 58 16 39 50 24 52 51 49 13 19 20 42 44 45 2 28 43 1 20 28 3 58 30 13 13 32 29 33 31 16 11 59 24 47
11 32 59 53 58 35 47 3 33 55 47 33 12 37 30 39 57 60 4 58 45 5 22 53 60 7 60 51 56 7 49 1 19 56 4 51 1 12 28 53 60 59 10 52 29 33 25 40 32 40
1 47 29 23 11 27 31 42 24 54 7 45 20 45 11 41 15 46 45 19 45 21 43 18 46 17 28 12 34 58 21 5 23 55 39 1 14 20 13 3 27 13 6 25 22 28 38 26 7 21
58 39 40 56 29 42 35 16 34 12 56 59 56 45 34 53 50 24 5 56 8 46 10 10 56 36 50 12 13 16 60 40 43 9 40 8 16 18 26 5 32 14 47 34 34 12 46 58 32 31
28 9 33 38 12 40 20 59 33 12 37 2 49 19 9 48 24 50 12 42 43 37 45 59 8 16 46 25 27 3 46 12 40 18 35 53 15 5 21 17 34 45 54 46 4 58 31 17 49 57
28 46 33 13 29 24 10 49 34 30 47 43 23 5 12 46 27 45 1 59 52 50 9 11 38 23 24 9 20 1 25 43 44 57 6 10 36 25 3 54 53 37 1 33 47 19 47 10 15 25
54 32 30 22 40 31 20 55 27 2 52 36 30 27 34 10 8 34 13 2 5 16 41 5 34 36 50 39 25 57 14 37 1 45 36 30 48 60 21 50 40 12 51 33 17 47 40 26 54 57
35 47 39 5 57 51 52 13 23 5 44 45 40 43 55 10 48 40 30 20 57 28 19 57 17 51 28 50 50 4 23 24 31 27 35 21 32 26 42 25 20 57 60 54 22 38 51 14 24 23
56 38 54 23 9 11 48 36 12 35 57 4 9 36 2 15 4 47 34 33 29 22 55 45 49 56 29 22 52 4 34 55 20 25 60 19 29 44 36 12 25 49 13 44 50 52 9 48 59 25
1 15 39 28 38 40 15 7 41 31 19 42 21 23 11 36 34 52 46 23 34 30 59 15 17 26 26 5 56 9 8 7 4 28 58 37 41 17 44 22 25 56 34 24 8 59 59 17 48 17
22 51 4 11 2 7 40 40 39 40 1 43 29 48 27 46 31 48 60 24 35 28 33 6 32 5 6 9 31 60 6 53 28 16 9 32 15 4 12 7 28 34 11 10 18 20 40 10 57 44
30 46 42 9 34 4 27 60 9 24 33 31 8 27 12 21 4 7 29 20 20 25 5 38 3 27 26 45 36 58 33 29 28 42 44 56 9 60 29 24 43 60 13 27 54 45 30 43 32 10
22 38 54 33 48 37 33 42 49 40 36 14 29 59 38 28 25 3 7 27 27 25 17 19 32 23 8 48 28 42 26 29 5 47 34 50 13 19 46 41 5 52 56 12 7 46 34 8 52 44
13 11 17 15 57 59 43 14 27 20 17 47 29 42 4 35 54 31 22 38 43 55 48 60 22 49 42 33 27 28 4 60 10 13 4 57 56 30 10 42 3 1 7 9 49 38 53 15 44 32
45 45 6 55 1 54 36 25 44 55 45 2 52 29 54 34 4 52 53 60 38 24 24 3 24 17 8 43 46 10 54 59 19 47 54 8 18 38 49 35 18 16 26 35 49 27 38 3 58 54
55 17 47 54 25 23 42 35 53 55 50 32 11 42 18 16 47 24 29 30 60 16 34 10 37 7 24 34 22 54 25 11 19 33 54 21 29 37 53 27 19 55 18 37 43 45 41 2 45 11
51 51 47 43 9 27 29 16 30 31 8 19 50 8 60 25 34 53 40 22 22 29 5 56 24 36 41 26 19 55 43 39 2 30 53 10 7 14 32 35 48 2 40 7 51 45 23 47 45 27
8 58 32 21 10 57 16 42 29 49 7 8 9 43 42 34 4 21 50 60 60 17 54 13 53 42 26 6 40 44 55 49 39 38 11 36 11 51 44 4 3 13 2 55 15 38 40 2 24 42
21 48 50 54 33 56 55 4 26 9 25 43 34 55 15 27 50 55 39 34 21 59 53 28 48 39 51 10 28 22 56 49 4 12 58 30 26 12 59 12 59 55 7 58 36 30 51 50 38 57
57 38 54 44 58 24 2 2 13 32 49 19 58 3 10 10 49 26 60 20 39 21 34 34 3 43 33 33 29 50 47 53 53 56 20 20 25 53 60 52 41 27 45 24 10 22 47 25 43 14
17 41 36 49 30 39 3 42 2 24 58 33 40 48 59 46 50 4 58 10 7 17 14 13 9 46 40 40 37 39 38 26 11 7 45 28 46 29 45 60 32 10 18 49 23 57 34 57 19 55
44 57 42 36 20 60 58 49 19 1 48 58 40 21 57 58 17 41 3 57 33 41 48 43 52 52 11 34 53 25 51 40 28 4 5 49 50 55 7 28 36 48 17 4 24 27 21 34 53 37
7 25 41 17 27 10 41 54 35 31 54 31 48 3 49 29 24 37 1 7 40 2 14 10 30 19 56 55 44 19 34 60 44 8 54 45 26 33 7 26 46 38 6 7 9 60 55 40 15 23
33 40 34 41 12 27 33 9 36 39 19 43 14 37 47 6 54 30 7 17 41 11 20 5 13 17 6 30 8 42 32 52 30 36 40 11 30 25 19 9 30 47 56 35 14 55 37 43 35 24
32 51 56 28 39 29 53 60 42 60 22 41 56 27 60 6 3 36 55 21 16 19 21 57 13 26 36 6 55 43 19 4 8 26 43 58 21 11 53 49 21 54 26 38 31 35 29 54 30 17
46 27 40 27 2 48 30 4 27 57 39 35 58 24 44 42 58 30 52 10 17 50 18 43 37 56 18 29 52 26 32 26 43 48 17 32 26 14 51 24 49 41 19 45 29 20 8 58 30 37
54 6 33 38 14 41 38 50 35 29 41 40 56 45 15 23 5 28 13 39 34 6 45 47 59 50 38 30 55 56 15 40 5 58 31 52 54 22 58 59 17 38 53 2 30 5 3 22 58 59
32 48 33 40 40 54 28 22 56 42 53 54 59 13 2 52 25 55 10 56 32 37 32 45 59 23 27 45 51 29 50 1 5 1 19 8 43 11 7 60 53 35 28 56 39 32 9 21 38 46
36 11 23 60 11 50 55 58 26 48 53 14 55 50 24 21 24 14 27 24 19 54 45 3 41 45 20 5 45 11 59 58 32 59 29 17 21 58 14 15 36 25 8 17 41 17 34 57 47 6
21 34 33 53 31 28 53 15 1 34 24 18 57 39 48 27 21 25 17 41 43 27 12 38 57 15 40 51 45 13 12 5 44 51 14 59 19 14 44 48 60 12 2 20 26 16 58 48 24 11
44 19 50 56 39 39 56 55 12 33 39 23 50 32 49 10 4 19 17 55 29 48 56 21 6 16 11 55 14 18 10 19 36 59 21 13 37 34 21 14 31 5 4 43 27 2 41 58 35 19
4 51 28 49 37 31 51 58 9 6 14 37 53 8 28 46 12 12 59 29 17 18 56 11 17 40 43 35 26 44 19 13 37 6 16 49 55 9 4 38 15 24 18 36 52 25 28 43 31 56
11 53 19 5 40 31 22 58 57 31 41 55 29 5 47 48 51 22 40 42 18 3 53 4 28 35 49 30 17 15 30 19 6 12 3 25 18 23 7 10 55 3 7 50 3 42 58 22 18 29
20 22 32 28 52 29 10 48 4 60 18 7 37 53 6 6 42 56 34 18 49 25 8 40 20 28 51 32 23 34 2 3 35 60 40 5 54 34 37 38 38 10 47 8 3 8 4 35 38 41
