200 20
49 52 20 43 15 40 57 8 60 49 60 31 55 9 54 28 7 45 18 38
6 24 48 10 57 54 41 2 18 12 53 38 33 54 55 31 52 58 41 55
20 26 53 56 9 21 8 42 9 4 38 16 54 34 2 43 47 16 51 5
26 45 22 43 6 53 7 54 15 9 8 36 46 47 29 18 12 13 24 12
4 60 56 20 53 27 4 43 44 36 33 29 38 3 50 22 13 49 20 16
40 57 54 3 10 60 39 60 6 4 30 24 49 37 1 23 5 16 8 22
58 41 28 19 52 36 8 5 47 22 24 47 1 60 16 40 44 26 46 53
45 16 1 55 40 54 48 27 21 13 20 44 20 26 24 22 58 47 55 35
49 53 35 22 13 35 55 31 24 18 11 10 14 36 39 27 26 34 53 42
53 46 59 35 22 45 15 38 1 60 2 31 55 36 14 38 7 27 11 40
9 13 20 34 10 34 18 2 29 24 8 44 33 34 25 7 2 28 54 47
32 58 30 7 51 35 58 9 20 22 59 5 1 39 20 8 23 5 12 4
23 46 33 39 4 9 51 24 31 13 48 19 16 28 4 22 60 41 30 35
28 29 7 53 14 46 29 27 28 44 45 28 3 1 32 13 41 31 18 55
25 20 32 11 21 53 57 50 56 35 17 39 38 38 53 49 30 22 7 33
12 52 45 20 58 3 20 16 17 53 42 37 48 53 8 1 35 18 2 17
22 11 9 46 55 57 45 45 41 55 50 1 45 50 5 34 15 3 3 53
53 7 33 26 20 59 44 43 30 50 19 47 49 39 41 21 42 18 11 56
17 15 11 38 28 57 5 50 28 18 34 45 6 35 56 59 52 38 25 53
49 60 14 3 56 4 41 34 30 34 38 38 7 4 9 20 2 44 52 1
39 14 43 25 28 42 18 55 22 38 40 15 13 18 3 44 31 50 4 10
26 41 37 25 4 10 10 24 46 56 41 28 57 4 18 39 11 59 27 44
37 50 28 42 22 3 30 50 40 28 44 1 40 8 45 22 18 3 53 6
56 3 52 25 16 3 22 25 14 16 10 1 7 37 51 41 44 15 44 15
18 32 19 42 55 8 48 50 14 56 18 8 45 28 25 17 40 36 11 32
11 55 53 15 42 31 60 53 25 39 54 48 30 20 39 59 16 24 30 16
7 41 60 16 57 18 29 17 23 40 50 28 16 44 53 49 32 38 44 45
58 45 55 32 36 12 1 35 54 60 48 45 31 4 28 46 47 32 22 33
40 26 52 52 27 28 11 55 37 39 7 15 19 10 44 52 16 11 2 12
60 34 23 2 12 54 22 27 5 11 19 31 35 16 20 9 14 18 23 50
34 24 11 2 31 13 21 23 27 24 10 58 53 39 45 35 47 56 35 49
54 45 25 36 37 30 49 9 45 27 28 23 43 20 44 1 21 8 43 33
37 55 17 42 59 12 5 10 21 57 37 3 59 32 50 25 18 15 27 6
4 16 5 34 35 29 8 44 37 45 55 27 37 51 21 53 38 17 15 52
11 49 4 23 34 58 9 7 7 51 8 14 10 32 47 5 47 38 19 25
41 40 34 14 5 18 3 48 9 11 54 14 36 41 48 3 34 12 3 59
42 30 51 15 26 3 15 3 34 43 55 44 20 15 24 24 35 3 2 24
40 9 11 31 13 59 41 24 3 17 37 15 9 35 54 38 56 21 19 7
44 58 6 37 15 3 53 12 35 40 36 29 57 26 14 7 14 60 47 39
9 2 53 8 43 43 18 9 42 29 34 9 16 1 34 20 5 3 30 3
41 50 33 43 26 6 46 53 8 5 36 29 27 35 43 28 49 5 22 49
38 50 7 18 20 3 56 4 50 49 38 42 38 21 41 47 44 54 56 19
44 43 57 34 12 36 47 1 13 42 53 60 57 3 5 29 40 14 20 37
54 57 12 20 36 10 25 20 48 16 5 13 36 55 60 2 41 9 5 21
34 11 12 23 9 40 48 30 30 50 26 55 55 35 13 3 29 3 43 43
34 58 27 18 46 34 3 52 23 58 19 18 30 37 42 4 39 3 44 4
15 21 42 51 42 58 54 4 31 2 9 26 29 27 28 48 30 24 58 15
20 41 50 19 1 38 28 1 33 38 32 18 3 14 59 33 29 46 60 18
56 52 27 2 56 55 39 47 60 29 3 47 12 50 60 45 15 4 39 18
5 54 56 54 39 4 29 34 9 46 19 47 14 40 25 48 38 52 34 16
15 60 17 43 43 58 60 43 51 56 43 40 48 10 59 21 45 56 37 46
33 11 8 59 6 51 14 53 52 32 36 32 21 48 58 36 7 38 37 38
51 20 50 10 59 49 6 4 8 40 56 34 30 13 29 43 13 7 43 22
36 32 38 56 49 2 31 54 56 34 34 53 8 48 58 7 30 55 60 57
55 20 20 49 32 51 55 52 16 37 44 18 39 50 55 13 9 15 17 4
52 28 17 40 55 57 56 39 14 48 48 4 44 19 38 16 38 35 51 39
50 12 11 42 47 49 36 7 33 34 51 25 60 44 26 1 10 33 11 4
24 6 23 38 27 29 59 13 20 20 57 37 38 23 15 12 3 60 49 46
18 24 31 36 53 52 51 28 49 52 45 31 35 3 20 26 56 16 59 2
53 4 17 12 30 37 57 26 21 37 60 58 1 24 30 57 4 57 2 27
18 51 52 41 12 23 7 45 54 20 43 7 25 54 38 44 39 24 41 28
21 14 46 8 50 23 14 56 24 20 12 17 52 57 37 19 38 3 39 40
31 11 52 35 18 6 19 43 58 34 48 59 44 26 43 38 10 17 44 56
52 46 51 22 40 57 45 26 43 11 11 54 13 10 11 11 1 57 49 16
55 54 37 51 6 43 41 34 18 19 44 19 48 30 13 33 23 27 47 59
24 17 55 12 3 23 41 45 17 54 8 5 31 25 51 45 32 37 33 8
56 42 14 3 7 2 55 15 19 44 45 34 42 44 35 58 37 54 58 50
23 42 49 22 10 59 31 7 45 59 18 22 21 55 48 15 10 15 29 60
58 53 16 21 52 50 3 36 57 24 36 4 44 6 20 36 46 33 20 49
50 44 24 56 2 48 39 8 42 10 41 57 14 32 30 6 58 21 1 27
2 22 3 60 35 36 34 51 17 34 39 23 9 55 28 43 29 47 30 44
25 35 48 34 44 32 37 53 38 6 29 3 52 53 43 37 16 51 29 30
40 4 18 15 48 3 58 15 46 19 37 51 19 54 9 6 42 11 3 55
60 36 11 20 56 1 19 46 43 46 37 55 17 52 59 30 9 19 26 6
53 9 8 30 26 7 22 57 10 58 26 3 48 39 55 32 55 50 14 12
16 26 18 11 23 36 15 11 48 21 57 1 35 48 27 13 50 60 27 30
19 17 51 12 53 26 1 43 20 59 27 43 54 8 49 48 9 56 23 40
54 31 36 5 3 13 46 58 42 1 13 15 32 27 40 59 47 24 11 33
51 16 5 27 12 5 28 43 55 41 27 34 29 28 15 60 16 12 44 46
8 1 24 13 15 23 38 45 21 19 43 60 9 46 24 36 51 3 45 45
22 51 35 9 23 56 16 24 32 40 41 23 51 3 53 36 26 52 46 4
5 52 13 1 21 51 50 53 4 32 23 27 30 39 32 58 33 28 30 52
39 20 35 12 35 53 8 17 44 40 14 43 38 58 54 9 25 12 19 6
51 50 45 50 10 4 46 2 39 59 3 10 21 16 28 52 52 1 32 53
50 28 25 19 51 23 58 3 7 15 43 50 14 32 10 22 16 60 43 6
12 51 19 7 13 58 41 24 21 45 44 50 10 44 28 26 31 29 7 32
45 18 27 1 59 17 6 58 28 33 7 14 8 6 17 15 3 56 1 18
58 4 58 56 36 19 33 13 56 29 33 36 55 35 35 14 18 16 2 18
60 16 6 14 22 1 25 58 42 24 52 10 53 37 52 56 2 13 44 18
47 12 50 34 21 44 56 35 2 39 22 46 42 19 50 10 27 32 34 32
12 27 2 54 53 28 54 14 30 32 45 3 44 47 36 52 20 59 22 44
58 43 40 16 20 55 52 53 51 19 47 31 1 2 18 30 7 3 30 21
38 29 16 41 51 39 41 43 40 16 50 57 22 37 50 5 1 34 58 8
51 15 16 16 25 14 29 60 45 10 50 40 49 59 30 21 8 3 55 18
16 8 44 47 25 11 23 3 25 58 46 31 48 45 32 1 8 50 56 28
7 32 53 40 53 13 17 36 39 55 12 31 22 59 38 9 20 5 53 55
47 44 58 28 28 12 30 3 32 27 49 18 3 18 15 14 32 53 29 14
43 56 26 54 30 26 5 6 14 2 52 30 42 48 49 7 1 27 33 56
49 55 2 34 30 60 28 20 29 21 58 10 42 48 34 11 7 29 50 21
38 25 18 40 9 48 4 28 30 39 21 5 40 50 34 18 30 22 40 57
34 48 49 38 2 48 19 60 29 5 39 50 25 59 21 51 58 17 30 55
25 13 30 13 19 57 25 23 43 7 6 24 46 26 47 49 37 35 8 12
31 5 25 43 52 48 24 6 23 48 50 36 51 46 26 43 8 47 50 37
20 60 58 57 27 55 57 20 59 2 47 45 21 27 35 45 58 10 12 3
15 10 53 30 19 39 28 20 15 58 19 14 45 13 57 22 12 14 30 34
8 33 31 32 47 56 27 44 46 13 19 5 41 56 29 50 17 5 46 56
18 51 11 24 15 24 39 12 50 4 60 29 57 57 47 46 40 47 56 40
57 11 27 29 42 8 46 38 8 39 41 30 43 37 41 19 8 46 54 55
23 57 25 23 40 24 51 59 40 18 27 47 16 48 57 17 52 30 42 2
56 41 20 22 30 52 8 40 9 29 24 34 54 37 4 24 11 60 50 1
37 47 54 9 22 26 9 43 16 12 38 10 37 13 55 5 24 15 60 21
49 6 24 47 48 21 35 33 13 9 45 27 24 22 28 28 50 30 28 26
2 49 19 56 31 54 21 6 27 50 36 8 51 44 23 46 11 52 50 33
31 57 54 53 29 16 60 5 43 46 3 3 12 48 21 53 44 24 49 31
44 50 51 15 42 40 7 12 24 16 35 49 6 15 46 57 57 31 15 50
30 57 29 26 28 35 4 53 3 10 43 60 34 15 1 30 50 17 48 45
22 28 19 29 33 3 14 1 44 36 37 59 6 15 31 28 11 17 12 54
28 23 32 56 4 18 2 18 17 25 3 18 26 58 30 47 10 36 3 8
23 2 15 35 24 25 32 36 33 17 38 20 52 51 50 49 14 1 14 35
52 37 31 10 19 28 1 54 37 5 35 39 53 23 38 48 54 46 8 39
19 29 10 58 36 16 60 42 46 5 55 34 15 13 48 38 23 28 19 14
8 33 60 57 1 5 60 39 48 31 36 21 52 54 21 23 24 7 4 10
1 28 53 23 39 39 9 17 46 30 14 43 54 48 38 52 43 26 56 60
13 24 18 40 17 26 58 6 16 60 11 7 46 49 55 59 14 29 59 38
54 35 40 47 11 36 7 18 8 31 20 49 18 52 54 53 59 27 31 59
51 37 51 48 56 52 37 41 46 10 40 17 21 45 7 15 46 40 9 14
39 49 48 55 51 6 15 3 50 42 10 26 4 41 42 52 22 40 29 16
11 44 51 15 47 29 7 6 6 20 11 18 57 46 48 3 4 9 60 43
54 16 17 13 19 34 53 16 55 34 31 34 38 14 48 40 20 48 37 18
27 30 57 36 37 23 47 16 44 59 21 32 29 34 24 31 42 24 57 1
11 13 35 1 10 4 11 47 11 5 25 43 28 53 31 49 31 6 41 24
26 9 29 43 18 10 34 4 19 5 12 2 34 27 28 10 28 7 12 54
47 39 19 3 41 37 30 13 25 11 4 24 37 24 15 11 19 2 44 9
60 30 26 7 15 18 27 7 30 26 50 20 59 2 38 26 59 2 22 28
57 47 19 45 22 8 14 6 56 3 29 10 16 60 30 54 57 30 49 34
3 3 48 21 54 27 11 11 51 59 40 59 4 29 20 37 17 36 39 55
33 56 11 2 15 49 2 10 12 15 27 42 43 39 57 10 39 25 18 9
28 1 23 5 18 19 29 20 1 33 51 55 31 12 57 17 15 41 16 28
24 42 22 30 45 35 20 32 30 34 31 16 20 28 44 8 7 29 19 21
2 55 4 43 52 59 30 54 41 56 31 53 39 23 56 35 51 39 4 48
32 55 11 19 55 34 51 56 58 45 1 54 31 34 46 3 44 9 22 18
60 27 32 32 40 47 6 56 4 60 13 56 24 14 54 57 18 22 50 13
37 24 16 4 6 22 59 8 55 47 48 22 34 41 34 9 4 17 18 58
44 29 32 22 18 35 37 10 42 38 2 52 60 3 41 28 32 40 4 36
29 43 9 33 15 6 54 5 29 3 50 24 9 58 41 44 30 47 54 54
46 45 46 4 17 15 4 50 4 36 37 30 39 36 2 27 16 48 29 60
11 44 39 3 57 6 14 57 17 19 32 55 58 34 20 36 6 41 40 25
58 37 41 11 16 1 60 6 12 19 18 25 54 46 49 38 9 2 7 22
47 50 40 30 16 2 59 45 31 7 37 24 1 28 37 2 45 19 30 38
4 8 58 2 13 34 13 49 45 24 45 53 57 27 40 59 2 36 8 26
37 26 52 34 51 7 11 27 21 18 15 58 25 19 7 56 5 17 43 52
52 16 28 5 33 17 50 18 16 58 22 52 45 12 21 54 44 13 52 41
10 31 18 34 49 10 22 20 12 14 52 59 32 22 10 2 21 16 16 30
16 36 16 24 28 32 8 50 22 5 14 46 2 15 31 54 53 6 43 54
55 50 4 19 30 6 40 6 24 1 27 9 27 6 30 45 3 53 15 25
9 42 35 60 44 18 60 7 48 41 4 3 34 26 33 17 2 40 54 41
60 46 2 3 1 53 5 46 53 7 8 3 26 6 35 59 11 44 35 27
32 44 22 39 37 52 56 40 3 55 40 27 46 42 5 9 50 14 38 46
9 36 56 14 2 19 40 18 4 19 6 48 51 55 35 16 30 52 37 59
34 43 31 27 29 60 15 48 50 60 51 38 31 52 30 5 44 23 44 20
34 34 48 52 27 33 17 24 45 10 25 16 30 25 47 3 10 42 52 6
48 32 40 25 23 7 54 29 48 14 50 51 9 45 4 47 24 14 15 53
17 39 29 1 10 48 38 28 50 58 1 6 33 21 34 40 1 53 26 30
60 25 18 42 24 36 58 49 41 54 28 17 16 20 57 45 37 39 9 44
15 54 10 43 46 40 49 59 14 25 33 17 32 7 54 53 39 25 27 2
6 20 38 12 37 14 25 23 60 52 34 17 36 33 9 26 53 33 44 21
28 43 31 46 53 33 52 15 4 12 51 42 46 13 21 60 47 12 3 18
41 38 29 15 10 24 16 12 10 32 17 3 56 41 19 23 24 20 51 33
41 49 20 11 18 27 46 34 1 48 33 55 31 50 28 26 35 14 30 24
45 11 57 35 40 6 59 19 34 35 57 16 17 49 10 42 36 28 50 13
1 11 34 1 27 16 29 56 11 11 40 38 41 7 31 18 59 46 32 29
57 21 29 29 52 18 36 10 36 16 22 36 22 14 34 6 15 53 59 15
40 31 5 9 45 4 15 32 7 18 52 30 58 38 51 33 60 44 41 45
2 34 42 45 47 38 24 7 26 1 12 2 43 53 27 31 39 40 46 29
21 39 42 35 52 58 60 56 47 13 30 27 60 54 43 55 38 50 26 30
7 20 60 29 32 28 5 50 8 28 3 11 17 28 1 7 46 6 32 16
46 26 41 52 49 23 1 20 41 20 15 47 9 14 15 8 21 57 47 20
17 26 2 18 10 33 46 10 14 56 4 27 40 1 11 39 51 31 34 10
33 27 57 18 18 9 7 39 24 21 13 59 17 44 42 8 46 23 41 4
41 47 26 33 2 48 18 30 57 11 36 53 60 40 21 58 4 5 59 27
39 31 41 26 17 11 17 18 28 9 13 2 35 59 1 6 12 49 20 30
36 2 5 54 1 56 20 32 52 16 33 34 29 34 36 54 30 23 37 21
4 57 33 50 42 30 23 11 49 16 4 59 1 1 7 51 29 56 18 48
36 9 30 12 18 51 30 23 34 31 19 39 22 42 14 29 25 4 34 2
40 17 35 37 46 28 18 11 8 60 50 51 15 42 18 18 49 25 24 23
25 53 58 12 39 28 43 19 26 7 24 22 52 8 32 6 49 32 32 18
27 58 16 47 41 14 28 15 21 30 35 17 51 32 24 51 20 27 30 30
30 15 50 18 37 50 55 53 21 26 40 38 3 11 2 32 17 58 41 27
34 41 23 11 37 53 45 5 8 10 40 47 19 40 17 35 34 41 11 58
2 1 1 31 39 22 41 25 4 7 7 35 26 10 30 43 21 32 50 49
34 34 54 43 12 10 53 44 31 10 51 22 52 44 4 30 25 27 5 8
51 26 23 24 24 33 11 46 33 11 4 22 25 27 11 18 26 54 24 6
41 38 49 32 57 56 50 50 40 28 58 59 16 44 37 7 14 28 18 4
42 25 28 38 29 10 46 29 43 35 59 5 46 11 58 38 48 46 44 26
41 13 54 41 10 15 20 37 9 44 4 7 44 22 23 50 30 36 21 5
16 31 55 59 4 49 12 7 22 40 29 22 18 16 26 57 18 38 12 6
3 30 35 10 35 47 19 57 60 55 47 32 3 21 7 39 14 9 51 44
49 57 17 20 32 12 15 18 51 36 28 43 12 10 44 13 56 23 16 20
15 26 26 35 23 42 44 20 49 1 54 44 18 20 41 52 59 29 29 41
13 10 2 21 33 18 25 31 25 24 55 27 6 4 10 41 1 18 4 31
