300 10
59 3 58 54 51 55 29 2 28 45
17 28 6 53 23 27 32 19 26 12
14 49 7 16 29 53 29 33 11 13
58 47 40 45 28 49 30 3 28 26
23 30 54 32 39 21 37 31 54 28
18 59 28 18 58 36 32 4 25 39
14 44 54 24 9 43 14 34 52 55
24 7 59 12 39 13 18 29 15 8
21 4 17 31 22 18 25 58 58 39
44 9 28 28 16 5 41 56 52 19
40 33 20 1 59 30 42 7 21 28
59 16 31 36 20 26 58 46 40 47
45 36 59 46 40 18 47 57 51 14
1 48 37 25 45 20 14 22 11 43
36 8 13 20 19 46 47 51 15 33
47 47 29 37 29 51 49 8 57 7
56 59 60 15 26 27 43 33 21 13
12 28 1 36 53 17 19 9 22 10
22 40 14 34 59 30 11 33 24 2
46 58 49 49 58 2 27 42 60 45
5 9 4 1 50 59 7 5 37 54
42 6 36 2 20 49 31 60 58 25
38 28 26 29 29 8 20 11 2 57
19 9 19 19 40 40 48 4 32 26
37 34 56 34 49 23 59 32 38 19
23 33 32 21 29 18 15 54 41 51
9 29 60 17 13 22 27 11 19 19
18 56 23 43 48 7 4 53 34 53
37 32 25 1 28 4 30 37 56 28
47 14 58 45 53 41 28 52 38 39
28 49 25 16 23 35 37 4 42 14
6 7 10 52 55 36 28 8 34 48
46 6 47 4 60 41 46 53 9 43
30 45 15 42 24 14 36 60 26 58
14 31 5 41 34 8 23 8 26 49
25 49 13 35 32 9 12 44 32 32
42 11 40 27 60 47 2 35 34 10
51 56 14 49 46 32 59 59 43 39
7 8 39 6 8 43 27 32 10 4
60 46 18 5 32 38 57 21 17 26
32 56 36 23 8 32 13 14 23 59
22 16 53 4 48 11 16 59 27 58
23 56 24 20 41 2 17 13 24 46
40 20 36 56 44 17 35 24 50 31
53 14 59 56 59 57 18 33 19 15
8 29 18 57 6 20 15 50 28 38
8 40 39 18 59 54 5 32 24 58
40 53 53 58 15 48 22 41 24 33
21 18 13 39 51 19 9 12 32 44
19 21 53 59 1 24 9 38 43 46
16 18 56 23 14 48 20 18 22 1
10 26 54 18 29 3 29 41 13 52
41 31 41 17 48 18 37 11 54 49
37 13 12 16 53 30 13 1 21 43
41 46 37 54 48 60 33 53 5 6
39 32 38 55 20 28 43 19 20 30
3 43 28 34 23 10 57 4 7 31
18 25 52 26 29 27 3 16 59 10
28 22 23 44 40 22 28 14 24 37
29 6 52 56 54 9 2 13 25 24
19 16 49 14 43 31 21 21 36 37
21 60 48 48 47 41 38 27 1 59
6 8 15 46 14 34 20 21 10 39
54 35 8 8 6 59 31 60 24 37
20 4 6 49 11 24 59 27 58 56
54 26 9 31 12 20 39 60 5 38
2 40 1 45 4 33 49 14 52 32
15 53 53 21 36 41 21 7 19 48
53 19 27 14 13 26 41 20 9 57
3 23 49 5 17 60 37 21 22 5
18 35 20 24 22 41 33 52 57 17
58 39 56 44 42 51 28 3 22 31
53 39 2 15 11 20 53 49 50 5
14 31 13 30 58 48 47 23 40 20
51 55 40 21 3 38 21 32 48 43
49 12 46 56 17 44 23 27 24 35
24 50 37 29 52 51 44 26 30 13
22 16 55 31 48 16 14 1 18 48
49 19 52 44 36 51 49 43 14 19
49 21 59 41 22 49 47 2 17 8
49 54 43 47 48 28 5 36 36 42
44 46 4 53 12 43 43 53 11 56
20 18 51 52 39 58 6 59 14 5
40 48 12 39 28 13 58 26 27 27
5 55 3 5 36 27 2 43 39 26
31 28 25 51 46 39 49 51 7 35
33 33 41 39 39 11 22 59 35 27
14 17 48 16 48 17 8 37 27 51
57 27 41 50 40 32 54 6 41 30
59 29 42 28 26 31 58 28 53 4
50 32 10 54 56 40 50 21 45 44
9 7 46 53 43 4 43 56 35 37
19 33 27 36 10 5 17 17 46 3
24 48 57 23 59 50 45 2 19 30
34 11 56 1 32 2 35 45 9 5
9 44 3 22 8 37 26 21 50 57
47 33 5 56 42 17 22 60 24 58
44 23 58 10 43 27 35 46 5 40
12 28 50 7 10 57 19 5 27 29
12 11 33 18 17 15 31 44 53 7
38 19 35 56 54 24 45 36 33 22
59 20 2 30 7 16 4 13 19 48
14 18 40 16 18 6 8 38 10 25
12 44 35 56 37 8 49 53 58 44
7 10 43 59 59 57 10 52 5 17
47 3 37 40 8 55 2 30 36 26
32 22 24 10 23 21 19 5 20 55
47 58 24 9 60 4 37 32 4 23
46 41 34 16 3 52 59 42 14 24
41 1 22 49 37 25 38 23 37 13
40 29 23 9 2 42 27 39 53 52
40 5 15 20 34 27 17 4 5 47
53 11 52 34 28 24 33 60 42 38
37 54 51 25 60 26 21 50 19 54
52 19 5 26 17 56 30 14 15 6
22 6 59 32 13 41 53 2 48 58
60 6 44 15 21 28 12 43 35 59
40 48 51 14 35 16 18 25 38 33
38 3 32 27 58 7 11 50 20 43
13 47 23 8 5 26 46 45 48 40
5 38 30 43 55 9 22 59 18 34
56 56 48 59 17 35 1 50 47 11
21 53 25 48 43 1 12 9 47 43
5 41 6 52 54 28 57 28 2 46
37 19 18 6 37 45 50 41 35 8
37 58 25 38 11 18 38 18 4 3
13 12 44 38 52 10 19 20 33 12
26 45 53 3 58 40 39 60 28 10
24 32 39 12 9 49 41 22 40 39
42 54 8 6 9 7 26 21 45 35
36 56 58 6 35 17 58 50 11 9
41 33 46 7 53 24 49 45 37 48
24 16 11 38 17 37 11 36 33 24
39 39 5 51 52 18 35 28 55 45
42 13 58 38 37 20 4 27 26 38
27 14 51 46 4 50 49 17 46 40
20 4 37 40 11 2 41 14 54 9
51 56 13 36 34 19 3 24 7 12
10 22 21 4 33 6 39 10 11 12
39 41 55 39 13 8 1 31 28 10
18 52 54 16 49 42 36 59 3 10
10 54 9 3 9 56 39 17 43 36
27 11 37 55 18 44 19 36 59 33
32 32 32 34 33 44 48 12 43 54
9 35 43 41 59 31 40 59 4 14
57 27 16 53 42 1 42 40 22 22
29 47 17 49 20 10 12 16 34 11
41 19 18 50 55 45 19 58 60 15
21 11 25 29 41 40 56 52 29 41
19 48 27 38 56 43 48 3 21 16
48 23 4 30 13 31 24 7 34 39
57 14 31 30 37 59 48 36 50 23
8 6 52 56 3 55 6 54 41 5
30 50 6 21 36 40 11 17 11 12
60 55 24 22 59 29 14 52 26 48
8 26 37 44 35 52 6 13 39 6
16 4 9 26 12 4 59 56 29 10
18 49 30 7 39 25 60 23 15 25
1 54 13 36 26 44 21 29 12 41
49 59 30 38 56 51 54 56 1 24
6 58 50 42 36 4 8 59 21 33
60 13 32 5 23 51 32 35 40 33
20 26 46 28 21 57 59 9 32 59
9 30 25 54 53 9 32 8 41 26
4 47 29 28 8 48 54 28 49 22
14 53 41 26 25 50 9 36 60 31
37 31 34 25 7 59 35 2 33 17
24 40 1 37 10 5 19 15 29 57
20 26 49 24 2 20 23 4 10 17
55 22 7 59 28 44 26 47 23 31
5 36 45 23 38 39 10 5 23 20
15 19 8 4 11 51 4 15 17 45
8 36 50 56 50 52 38 47 26 10
34 52 2 15 28 13 27 33 39 7
30 15 8 34 40 18 53 40 45 60
28 17 19 55 4 57 37 45 7 11
37 12 33 36 49 44 25 15 22 12
19 33 39 41 2 20 46 51 57 50
40 50 25 14 16 2 2 13 48 26
4 43 14 47 5 48 54 29 44 3
52 12 51 31 14 28 19 19 16 40
13 60 34 16 55 17 48 24 18 24
38 29 17 22 30 6 30 49 8 48
2 39 60 19 25 10 39 57 44 53
28 9 36 48 58 34 38 17 22 59
49 10 20 20 8 54 42 46 17 4
49 22 55 17 51 31 44 24 52 7
24 11 40 6 31 7 41 14 12 11
15 43 48 43 16 23 7 28 28 12
51 26 30 55 23 55 5 32 13 45
54 48 37 21 44 1 36 27 2 42
54 54 15 39 20 15 43 7 8 30
35 21 15 32 50 53 49 30 57 13
13 42 26 10 4 52 25 46 47 35
12 34 52 3 42 6 26 10 18 24
47 31 31 16 44 48 37 38 44 7
30 40 36 33 9 10 60 45 47 56
15 21 13 26 26 25 60 1 22 36
42 47 49 34 11 47 2 42 51 59
46 57 45 53 44 49 20 54 20 2
1 25 42 53 42 7 17 20 31 53
23 52 14 7 34 4 11 14 30 44
17 40 33 34 7 60 57 38 25 11
44 58 47 59 12 11 49 48 27 38
49 45 18 56 46 47 56 53 48 1
32 44 12 29 8 29 44 17 24 42
58 39 51 47 3 6 18 23 22 8
44 7 47 27 59 41 5 56 36 49
51 52 48 9 30 10 57 34 55 48
19 35 58 1 26 46 23 55 53 20
43 53 8 20 1 56 14 20 42 3
7 57 6 44 57 12 55 45 46 26
8 9 60 18 27 48 10 51 26 24
43 10 45 4 55 45 45 43 41 14
18 34 25 4 25 49 58 11 57 14
16 9 34 33 27 8 34 36 29 58
33 36 38 11 42 44 45 37 54 35
22 37 32 4 45 2 37 23 58 25
41 18 27 40 53 10 9 43 26 3
47 6 21 33 39 11 48 17 42 55
53 50 46 52 10 24 40 24 5 42
5 55 2 36 27 4 55 3 37 43
59 55 42 14 60 43 44 59 32 45
30 50 26 59 32 3 15 11 60 12
2 43 19 19 19 23 12 30 38 48
48 56 37 56 52 11 17 26 26 37
2 29 8 29 60 36 1 21 23 22
46 24 19 42 59 16 12 20 58 17
10 40 22 14 19 22 7 51 60 25
29 6 40 5 55 39 42 1 22 56
18 51 15 24 46 18 52 57 8 18
39 30 27 56 5 34 11 18 48 3
42 21 41 56 33 39 38 18 48 45
25 35 20 26 4 46 60 18 34 1
46 46 11 26 58 45 37 60 25 21
2 41 53 31 32 56 10 10 39 36
47 1 43 55 55 42 38 43 30 21
39 38 7 23 7 18 10 48 22 23
28 27 52 50 52 19 17 7 19 20
16 29 24 35 19 32 57 55 27 20
58 14 36 43 52 14 47 60 60 30
21 15 45 53 36 40 36 17 40 51
59 11 20 48 10 59 55 25 39 30
48 22 22 13 33 54 29 14 4 10
15 53 26 58 5 17 52 27 36 33
18 53 20 17 39 56 52 40 54 3
56 32 11 18 59 30 12 15 37 23
21 40 18 20 20 33 18 11 13 44
24 10 5 16 6 25 60 45 47 44
16 39 23 3 27 58 45 14 5 56
46 47 37 34 36 54 7 3 58 35
50 7 24 11 35 16 55 41 20 35
57 6 17 44 51 56 22 60 7 40
40 12 9 21 5 8 53 16 5 2
32 55 41 15 52 51 8 38 52 57
7 8 21 16 5 45 42 30 8 7
1 50 31 27 46 42 3 35 29 41
8 15 9 45 40 8 10 27 52 36
3 11 22 38 9 29 15 10 53 57
51 29 20 60 4 26 49 59 46 20
23 55 29 30 39 53 54 38 60 39
55 25 32 37 8 48 16 31 32 9
32 33 46 21 12 14 28 48 37 15
20 29 26 6 23 50 5 53 40 45
52 21 23 28 39 26 17 35 17 52
33 7 17 20 1 58 34 3 56 11
30 55 48 3 2 31 25 23 20 43
9 7 40 32 27 47 51 56 12 44
57 39 7 39 48 38 15 48 52 10
43 26 28 23 55 6 25 9 8 51
58 18 6 33 22 56 57 15 44 60
45 56 29 44 40 44 4 51 23 44
22 30 2 5 58 38 21 50 45 3
33 34 53 40 52 25 34 46 37 22
52 44 46 36 7 35 42 9 59 14
39 49 36 48 30 13 57 22 37 47
14 18 53 1 57 14 15 33 39 35
56 33 22 60 11 48 29 38 16 23
8 29 52 11 19 46 23 48 7 33
49 6 2 38 25 46 50 33 21 39
58 41 30 38 48 49 45 2 34 34
5 24 24 14 37 9 55 28 7 25
55 10 55 38 30 54 8 57 4 4
56 8 49 59 39 10 54 38 53 35
54 31 33 20 33 16 60 29 21 22
11 26 42 41 47 46 35 54 45 47
26 19 38 9 50 17 60 16 38 10
4 25 20 24 13 8 4 23 58 23
58 3 11 37 55 31 12 36 3 54
43 7 51 32 18 17 39 44 53 40
44 8 50 8 40 8 54 43 25 9
51 5 20 35 38 54 16 59 19 25
23 35 45 15 35 52 31 25 56 30
29 37 37 3 59 48 25 52 37 5
15 9 49 58 41 15 27 24 1 34
24 39 24 26 58 57 40 15 25 6
58 59 44 44 21 32 60 22 8 34
48 4 53 12 29 32 14 12 43 56
52 49 1 19 30 33 9 19 33 3
9 12 21 21 25 16 14 27 2 40
