300 5
20 19 4 44 18
41 27 3 34 54
45 58 30 4 56
36 31 36 14 41
41 46 24 12 5
30 26 60 37 57
50 59 23 47 35
39 13 13 24 56
26 18 1 42 22
28 56 10 59 22
49 60 4 23 23
58 18 28 15 42
25 33 25 41 52
9 5 58 55 57
14 55 28 22 46
9 25 32 37 5
19 4 28 47 8
25 33 47 46 56
4 21 27 18 26
42 10 20 3 39
36 8 19 4 57
48 19 57 49 2
22 25 19 6 56
54 14 15 29 36
16 27 6 27 8
16 56 59 51 6
49 45 57 28 60
32 3 10 7 34
21 21 36 57 58
48 19 23 49 57
21 12 20 4 37
7 38 14 3 4
44 9 49 12 13
9 28 16 40 29
51 47 49 22 4
30 24 6 60 11
53 42 20 58 16
1 24 16 8 31
49 38 15 14 29
29 21 12 15 5
8 35 47 7 46
52 48 12 46 21
38 5 1 9 12
49 26 47 7 36
28 20 4 23 11
57 24 14 20 30
22 49 19 58 11
34 50 3 25 8
35 26 57 58 40
11 6 54 13 12
17 29 4 33 10
49 2 32 58 3
38 27 30 8 60
25 43 22 23 27
47 28 33 27 9
60 57 42 5 41
42 3 19 17 24
8 47 54 24 18
30 8 1 44 15
42 26 17 7 50
58 6 51 60 10
30 26 10 29 17
3 30 33 50 1
41 57 60 22 4
27 36 26 51 18
39 45 27 55 40
57 25 7 1 60
31 36 40 5 39
28 22 25 1 31
48 49 20 29 12
49 57 5 14 10
7 16 57 50 9
3 55 42 41 53
29 50 57 35 35
56 46 37 47 15
21 15 1 47 19
37 31 41 15 59
19 12 21 29 15
60 3 26 6 54
23 27 51 56 3
29 37 53 11 22
53 30 47 48 27
36 56 38 52 44
34 42 29 44 28
48 38 29 3 55
31 21 48 47 42
30 15 35 58 55
9 56 55 55 30
42 26 52 7 10
60 40 28 37 42
6 49 46 14 51
11 24 6 8 32
18 55 12 53 30
2 33 45 48 20
46 10 42 42 26
48 55 23 51 51
42 55 10 30 19
50 32 51 28 2
29 9 27 36 6
57 2 23 36 15
59 7 14 33 51
1 43 8 30 49
27 58 33 44 15
55 20 8 20 30
16 14 34 8 2
6 23 28 48 36
26 24 27 26 41
1 7 7 42 59
41 6 25 38 15
56 19 18 46 6
48 23 12 32 15
1 38 41 57 38
48 32 44 16 29
15 2 21 1 14
17 8 9 18 35
6 26 22 58 54
43 51 36 54 8
60 49 37 9 32
47 38 22 53 2
48 36 6 47 33
47 26 8 6 28
18 60 24 43 7
32 26 43 47 13
42 3 3 26 50
36 14 16 43 23
6 48 16 39 26
47 2 12 29 18
9 30 38 35 28
5 22 7 22 53
8 56 29 15 48
31 50 17 47 1
44 1 41 35 16
17 29 18 39 48
20 23 25 9 55
37 12 6 8 32
45 31 2 52 13
46 37 5 40 39
17 50 7 31 57
27 41 44 10 24
42 49 22 12 49
5 11 42 25 16
19 60 2 10 47
43 58 50 48 30
6 36 18 16 18
56 6 25 17 3
50 57 41 48 43
39 34 37 35 29
38 10 25 2 12
46 4 24 21 58
39 28 22 8 30
28 52 39 16 54
55 5 29 31 28
34 4 53 33 56
4 40 46 47 7
39 48 18 2 41
55 40 21 5 16
12 51 41 14 56
13 42 39 46 58
23 48 27 59 18
17 46 35 57 16
13 53 30 35 25
33 40 7 6 54
48 52 44 41 25
43 35 14 31 23
55 3 17 53 32
54 38 53 22 28
41 5 10 28 14
41 9 14 57 19
34 56 57 45 54
1 14 43 57 47
55 53 3 56 10
1 1 58 49 11
60 48 29 9 47
33 32 13 11 19
4 26 43 15 42
51 55 36 39 18
9 45 27 42 12
45 59 1 53 31
49 18 58 26 55
25 21 38 1 40
24 11 6 29 56
28 45 50 23 44
56 16 21 58 8
24 42 17 30 48
12 43 41 52 46
18 34 10 27 52
13 33 6 12 38
48 7 57 52 1
3 21 42 60 54
48 37 10 27 23
37 50 60 49 47
57 21 42 47 57
8 34 33 60 42
16 25 57 35 3
52 11 51 43 48
4 18 27 8 17
56 14 20 21 42
48 38 37 44 13
49 46 35 8 24
51 33 20 4 32
16 45 25 20 57
34 13 18 2 46
27 19 53 40 15
59 59 50 60 32
42 27 42 6 11
19 10 8 39 45
51 47 57 58 59
10 56 13 45 16
8 59 55 26 42
27 41 5 50 20
60 15 27 31 34
25 7 12 6 51
35 32 54 26 5
21 52 35 27 19
36 59 45 27 49
22 36 6 31 40
42 12 2 6 49
53 6 27 20 36
53 28 25 46 44
39 27 3 37 33
31 2 30 48 33
31 40 16 54 46
29 35 41 37 24
11 30 19 46 8
13 1 46 2 2
53 47 28 31 31
25 46 48 17 58
1 11 1 7 45
3 58 45 57 19
43 52 10 44 35
43 7 27 44 16
7 57 14 56 25
21 46 8 30 54
6 4 11 22 14
11 52 33 20 22
40 29 39 46 3
40 3 53 56 27
34 23 36 29 14
45 8 50 37 14
25 52 36 29 29
48 14 31 28 37
23 18 39 29 27
30 2 10 51 26
15 54 28 57 51
28 22 29 51 19
58 4 46 27 22
43 41 56 18 26
24 37 25 40 45
4 8 22 9 12
5 50 24 57 58
8 52 43 2 14
53 16 11 9 23
7 53 47 58 58
48 49 11 57 15
55 9 52 35 5
28 54 23 58 20
44 17 23 3 26
24 43 2 18 30
58 17 18 57 60
31 45 1 24 8
23 15 60 14 57
35 14 2 50 22
25 25 8 20 12
46 32 7 55 22
53 54 32 36 13
3 16 26 3 51
16 60 48 28 55
55 19 25 1 52
31 30 5 27 32
16 9 6 13 24
10 10 50 22 55
59 23 48 17 60
52 40 7 43 24
33 10 28 48 32
18 49 39 21 22
1 12 57 25 32
5 43 39 25 19
16 21 57 50 48
12 34 2 54 7
42 9 20 1 25
60 14 54 40 15
14 41 9 24 28
20 11 45 43 54
10 46 36 29 33
7 54 51 25 37
45 7 12 35 3
24 28 20 21 25
21 51 56 20 5
15 51 15 56 6
59 59 49 60 55
29 43 48 42 41
29 53 15 6 41
43 49 36 25 39
26 48 3 8 49
50 32 27 6 17
28 41 5 44 16
53 2 22 50 14
50 5 43 34 36
4 32 22 29 26
51 6 17 10 32
