3000 5
60 37 40 6 20
1 16 15 36 13
28 53 6 7 57
12 51 45 42 23
18 23 16 51 22
8 40 2 12 23
5 55 35 35 57
41 12 3 52 57
42 29 30 45 42
60 28 35 17 29
2 37 42 38 3
37 50 15 53 28
10 55 34 18 32
50 17 34 18 42
29 12 1 36 18
29 40 49 30 43
55 27 38 44 23
12 1 15 60 28
52 56 29 4 58
11 21 56 15 42
49 5 13 24 21
50 55 20 13 33
4 4 36 28 4
25 14 55 12 35
49 4 3 55 37
7 46 43 33 49
18 12 59 15 11
8 6 23 40 43
17 9 50 12 10
53 5 23 3 43
4 21 31 47 20
3 20 29 29 39
9 53 32 15 22
38 7 4 16 4
26 31 28 29 47
48 11 24 57 14
37 36 36 11 14
16 13 50 14 33
42 42 2 35 14
23 30 50 47 27
8 56 14 15 12
23 8 35 35 55
7 13 13 46 29
44 4 6 56 32
12 21 32 34 25
22 22 10 45 15
26 27 42 47 36
39 1 40 28 14
16 33 24 57 45
26 34 40 6 48
7 39 11 44 45
43 50 14 25 58
48 21 3 3 40
38 40 11 50 9
34 40 16 19 16
23 15 23 30 22
10 9 58 38 56
54 9 47 31 34
57 36 42 42 38
24 17 35 48 56
33 24 55 5 35
45 16 23 37 37
57 29 54 36 55
25 49 4 41 52
29 56 13 26 40
26 8 60 58 54
48 41 44 57 5
25 31 50 5 59
15 42 16 57 35
4 9 19 32 3
46 38 36 21 9
51 53 47 24 51
22 19 20 26 59
34 40 46 4 54
5 38 12 52 11
60 8 10 32 50
8 54 47 23 39
6 18 4 44 25
35 56 56 1 27
34 44 57 12 59
2 48 1 55 58
24 14 58 6 50
51 23 47 2 40
35 46 46 38 29
18 40 25 20 20
9 29 2 35 31
1 4 11 16 55
18 5 3 36 16
50 12 21 57 31
13 19 9 8 41
22 6 16 35 13
59 36 30 24 19
5 35 60 39 58
18 33 1 56 31
12 37 28 45 52
59 4 37 19 13
50 37 40 30 21
49 41 5 60 59
49 6 2 38 17
7 17 21 13 43
1 60 4 24 36
37 41 8 24 20
53 21 33 4 29
10 14 16 3 54
29 11 8 46 58
43 45 55 49 3
60 17 19 41 1
21 6 48 24 12
25 49 33 51 2
18 54 14 17 31
51 24 59 29 9
21 22 3 37 38
17 56 5 58 13
7 14 29 17 26
4 27 26 31 20
60 56 57 11 40
10 41 46 45 35
16 56 50 57 32
35 55 32 35 23
42 33 7 51 56
37 43 29 47 2
36 60 53 53 26
18 51 28 47 50
49 25 10 37 3
2 17 6 3 39
27 54 39 34 23
25 40 39 22 40
51 41 11 40 7
33 9 21 55 5
34 18 33 46 2
14 24 19 17 1
7 17 35 28 33
53 41 10 3 17
54 60 43 31 35
33 57 2 46 22
37 5 47 56 31
31 9 11 34 31
12 9 56 32 33
49 29 16 30 44
41 51 45 24 40
11 7 24 53 20
37 55 31 32 2
54 53 14 14 34
44 17 60 13 23
3 31 45 31 11
47 36 46 55 57
48 41 59 53 13
5 8 56 13 55
1 8 54 11 45
11 17 9 43 58
5 51 56 32 28
7 50 6 5 50
34 1 38 23 21
15 12 19 15 12
48 26 32 20 53
54 47 45 44 39
7 40 45 34 15
58 28 53 6 1
17 11 30 22 2
19 13 34 39 52
56 33 4 48 37
36 54 13 36 45
36 26 17 40 5
25 8 33 7 59
27 2 16 6 37
40 7 51 24 47
22 12 27 21 41
17 46 6 24 15
54 28 55 29 22
7 37 18 20 48
24 54 45 50 12
28 58 51 48 54
55 49 45 9 20
44 36 20 10 41
42 20 19 49 47
33 37 28 2 29
34 51 55 54 36
9 44 37 25 22
27 48 35 43 51
39 17 51 3 6
18 52 60 45 37
27 51 58 28 15
53 57 60 44 33
16 24 30 31 4
33 60 5 22 3
35 5 23 60 13
13 30 52 41 29
29 38 28 58 56
14 49 40 32 8
59 16 34 20 9
19 55 58 21 13
47 26 52 42 49
4 15 4 48 12
51 50 6 1 38
29 51 18 55 22
24 21 57 58 22
18 14 54 57 43
35 52 35 6 40
1 30 15 11 56
10 26 42 23 44
47 12 11 14 32
51 53 30 39 11
42 39 36 3 13
44 8 36 53 58
44 54 30 24 13
40 22 8 30 24
33 32 48 47 12
58 6 37 13 57
41 42 8 20 46
28 47 44 60 50
56 57 34 36 40
57 31 34 46 30
8 7 47 1 45
54 4 32 28 6
32 49 34 31 46
42 24 57 57 52
3 7 12 18 21
23 8 53 27 59
30 45 12 33 27
3 33 40 43 53
51 10 26 32 30
20 10 36 46 34
9 39 34 10 55
15 19 58 8 32
46 20 45 18 23
11 1 12 30 33
48 12 53 38 43
21 50 57 25 44
7 6 49 37 13
9 39 21 23 19
39 14 14 38 30
17 47 2 13 9
32 30 5 13 6
21 37 20 3 47
57 11 30 14 30
2 15 49 38 11
12 39 10 36 51
25 9 35 13 5
55 39 11 37 13
17 5 1 14 42
21 7 48 24 47
17 26 25 17 57
31 2 18 51 58
3 35 57 38 41
59 39 40 50 49
44 13 53 33 28
7 23 33 10 13
49 47 4 3 43
50 23 37 32 44
41 35 42 18 32
43 35 16 15 31
1 25 28 58 9
17 40 26 57 35
31 10 29 53 4
13 46 26 13 58
32 49 51 19 22
34 54 48 6 47
32 26 8 28 14
56 20 40 42 42
14 28 22 14 13
12 19 25 30 13
43 60 32 29 30
29 46 37 40 53
20 26 56 57 45
28 10 15 15 16
59 41 59 2 35
22 36 9 29 35
25 22 19 57 39
46 33 1 9 2
19 49 53 24 10
4 18 59 27 57
2 58 37 9 36
13 19 47 24 49
53 42 13 44 27
55 29 38 21 53
37 58 29 17 58
39 26 15 26 11
22 46 39 34 40
43 30 51 47 47
26 38 55 30 31
21 12 45 49 15
46 29 48 10 4
24 26 21 8 46
21 23 15 45 14
14 10 57 9 30
41 47 6 11 42
57 8 3 46 24
10 56 7 52 51
15 46 15 39 9
44 38 23 48 44
5 22 38 22 3
49 5 40 12 23
47 30 10 22 54
31 49 31 39 11
54 41 47 11 60
20 9 50 14 28
22 55 60 10 53
5 1 28 56 6
42 45 58 39 9
52 23 30 57 41
41 34 11 29 45
26 52 31 38 49
60 59 43 3 32
23 16 27 22 57
60 19 46 57 26
56 50 55 57 30
4 25 20 32 51
25 43 44 18 2
41 19 48 35 58
11 19 3 28 46
53 3 13 31 56
48 38 9 58 8
1 29 8 51 51
15 20 17 33 24
37 1 55 48 7
4 51 49 52 43
52 8 21 56 16
29 34 37 11 60
1 53 36 53 2
16 18 11 19 57
5 6 52 2 29
21 40 54 1 37
50 35 46 10 29
54 42 9 21 27
28 30 42 55 15
44 50 52 50 39
14 34 36 25 38
16 15 5 13 37
35 23 45 35 55
47 11 11 38 6
15 34 5 44 15
28 45 5 4 49
20 4 20 7 33
10 29 50 30 46
40 47 40 27 55
46 45 26 56 38
57 11 18 25 21
55 2 38 32 24
20 49 40 7 1
60 12 50 31 11
56 49 12 21 34
32 47 38 54 7
15 19 53 25 36
25 1 11 44 33
51 38 25 55 22
42 27 48 39 9
6 42 39 19 1
13 12 2 13 38
14 3 52 13 60
18 8 60 9 22
13 35 18 48 7
30 3 57 58 48
52 43 14 13 30
57 19 1 26 24
60 22 22 37 15
33 27 28 9 41
37 32 47 51 19
47 24 29 59 3
11 50 44 16 23
28 51 20 43 52
20 28 40 5 31
2 22 16 27 60
37 56 45 26 54
40 42 56 26 19
8 5 35 13 55
5 53 48 5 19
47 41 33 24 34
42 32 1 56 43
25 20 24 27 43
18 17 46 59 43
27 22 35 13 47
36 5 53 38 28
36 49 47 17 33
35 23 44 41 29
1 5 49 41 15
26 13 11 1 10
58 58 19 56 2
37 47 14 27 6
10 7 5 38 35
11 47 37 39 41
44 4 60 42 10
49 56 35 56 45
50 20 38 54 48
9 4 22 24 3
47 37 45 20 25
29 33 22 1 23
47 35 10 36 2
4 57 51 4 47
27 37 1 11 26
2 13 33 23 2
29 58 9 24 4
40 38 47 2 10
8 46 58 15 12
4 40 56 3 15
38 8 45 19 29
49 45 13 22 15
47 14 27 34 46
37 17 56 53 41
47 48 46 44 15
57 25 21 47 53
42 46 3 10 14
39 41 33 5 11
49 49 4 58 3
41 38 47 13 49
44 42 32 6 36
18 37 31 30 4
32 59 48 53 21
2 8 28 56 44
28 39 32 59 4
48 39 5 58 59
8 15 35 3 9
30 38 6 17 36
12 40 33 57 33
32 40 32 5 55
5 35 10 36 11
18 32 21 59 58
34 1 20 27 38
41 14 14 52 55
13 29 12 56 40
22 50 31 38 60
6 6 60 43 55
52 33 21 41 30
60 1 7 46 15
52 37 54 12 4
17 6 41 4 58
22 14 28 48 41
28 1 10 53 4
14 27 13 10 60
20 24 36 55 51
49 57 40 31 31
37 43 9 10 24
3 43 24 43 20
3 60 29 51 33
37 19 9 21 45
18 27 19 44 24
38 34 34 26 43
34 55 49 47 4
44 36 34 44 57
60 13 37 7 44
28 31 43 36 28
27 50 28 21 13
37 48 7 27 43
25 2 28 22 39
38 55 41 21 46
35 35 28 38 45
7 40 50 26 54
34 53 24 60 7
15 47 11 1 10
8 29 48 2 16
47 42 44 24 53
12 9 22 49 35
38 2 46 38 14
10 39 29 21 58
59 19 6 17 54
13 22 24 33 40
56 50 26 16 5
47 55 56 25 56
19 34 52 9 44
21 28 10 20 48
2 8 58 4 4
48 16 30 43 51
59 21 10 52 18
6 55 13 37 59
39 39 1 58 44
23 50 47 33 49
31 28 10 18 31
14 22 7 47 59
19 56 54 8 27
32 4 56 46 48
60 50 34 44 42
39 35 35 42 31
49 48 26 44 38
54 15 29 29 39
50 17 38 27 26
58 53 3 4 6
8 57 50 46 46
36 18 6 37 15
12 22 17 22 53
3 19 3 37 45
8 8 26 7 23
49 8 28 51 55
32 2 5 52 6
5 56 37 41 2
38 2 53 33 49
21 53 34 3 16
4 46 24 35 45
9 52 25 46 59
37 46 30 5 25
31 12 12 51 18
52 38 14 21 13
30 50 12 16 34
26 45 17 22 29
47 58 47 54 37
58 49 12 31 18
30 53 28 31 51
33 12 46 17 60
22 51 4 21 43
22 34 16 50 18
1 6 11 10 25
58 30 21 20 32
38 9 33 19 60
12 40 2 27 58
38 30 4 9 19
24 46 37 42 11
27 57 7 37 38
46 34 6 43 35
24 54 16 13 6
8 25 46 14 35
32 26 37 53 35
11 6 27 29 52
54 11 17 10 47
31 24 37 13 39
42 33 22 45 15
58 33 14 54 24
36 44 58 1 51
29 21 51 48 10
43 30 23 20 56
14 10 30 23 51
29 32 9 48 35
42 12 4 55 32
56 19 11 5 41
6 29 5 16 54
50 9 30 14 33
41 20 1 10 59
38 34 22 8 46
30 47 6 9 15
30 32 18 53 3
2 14 24 2 10
20 25 52 21 54
52 2 34 36 14
13 19 27 10 15
22 40 41 27 45
59 14 36 35 47
55 13 40 18 29
17 52 42 51 6
17 53 33 19 24
17 5 11 19 26
19 49 16 6 45
49 37 3 46 18
50 27 6 51 58
37 5 32 12 15
52 41 4 40 27
21 50 49 16 51
38 4 51 18 14
51 8 49 34 41
22 30 31 1 1
37 30 48 52 48
9 50 55 25 47
32 3 40 48 16
5 11 49 44 13
55 43 37 27 35
40 9 33 36 5
2 19 45 27 11
22 4 50 26 47
25 38 25 45 16
3 48 52 51 19
59 43 2 25 54
15 45 47 17 38
24 59 60 26 2
56 52 10 59 57
48 13 37 50 15
48 37 4 20 9
23 52 31 39 10
50 18 26 51 35
36 48 25 39 42
21 24 9 43 12
43 12 18 7 27
13 36 21 37 45
59 39 24 28 27
16 32 27 28 26
20 55 6 51 46
26 13 59 20 14
47 15 50 27 49
4 59 55 34 18
22 8 29 50 11
17 25 58 59 44
15 52 7 22 59
60 31 49 29 58
14 14 45 15 7
4 24 4 37 15
60 15 46 53 60
59 21 15 58 49
15 36 29 45 50
13 57 38 25 40
18 54 49 32 31
20 9 55 39 14
1 55 36 12 33
28 54 36 10 21
19 9 51 17 12
22 33 4 44 37
23 1 52 27 3
13 9 57 4 60
5 1 42 42 59
60 48 29 55 11
3 52 4 14 42
3 42 32 35 18
52 8 30 57 43
54 15 28 39 27
45 57 5 14 60
50 17 27 23 33
20 56 7 50 46
33 31 57 57 49
56 1 27 52 35
7 56 28 42 60
2 38 8 15 51
29 42 46 22 28
12 31 40 30 29
31 55 54 36 45
9 55 11 18 21
24 24 53 5 33
18 25 36 48 57
16 46 9 44 56
52 53 49 59 23
48 2 57 14 13
39 14 29 29 22
18 31 35 40 54
5 41 49 3 32
31 59 50 45 40
51 26 25 38 56
30 51 18 17 6
29 17 11 43 35
49 54 14 38 48
34 4 51 50 12
15 45 34 20 40
43 18 17 45 45
59 44 32 12 50
39 22 40 32 56
15 60 44 57 55
53 34 54 11 20
43 41 3 27 18
44 35 22 59 15
52 21 59 42 37
20 19 20 24 59
15 35 11 37 41
40 37 43 49 7
3 2 37 12 23
30 15 6 4 25
57 52 12 10 59
11 9 10 6 46
57 43 44 8 12
35 1 31 33 1
21 59 42 3 47
45 21 42 17 15
49 39 8 54 49
25 48 21 25 18
48 27 1 13 6
1 44 37 57 42
11 29 16 2 19
29 2 29 47 43
18 18 38 15 41
28 19 22 38 41
7 10 33 1 4
48 54 18 8 13
35 47 55 8 2
60 50 36 23 26
9 29 22 29 22
31 49 59 36 42
8 38 2 51 56
4 49 50 18 33
9 19 11 49 36
39 45 16 2 15
38 8 8 30 52
57 32 59 42 41
50 54 44 28 5
59 55 15 44 32
5 2 5 59 8
49 50 26 12 21
32 5 28 14 24
3 23 43 13 34
58 6 47 60 20
29 29 15 6 12
3 39 37 41 26
24 41 17 9 37
59 14 20 31 35
25 32 4 32 30
54 26 35 41 56
17 23 5 38 51
28 19 18 60 10
58 31 7 8 33
52 24 55 26 9
34 14 30 13 53
43 31 51 32 41
53 50 37 40 18
25 38 10 6 31
37 2 35 13 54
12 54 17 22 33
60 30 45 53 19
7 36 33 47 23
8 22 14 38 25
49 30 41 34 18
32 45 59 20 13
48 26 40 47 44
19 49 11 39 35
2 32 58 34 32
43 55 25 43 25
22 47 55 40 40
10 33 26 51 56
49 52 20 48 40
38 32 19 18 55
1 29 37 51 51
48 41 33 41 45
38 27 12 19 20
39 2 18 49 39
2 53 48 53 47
44 40 4 46 24
58 30 10 56 32
14 19 17 20 43
2 52 39 37 7
5 7 37 50 21
29 22 41 52 34
20 17 38 50 28
6 31 13 9 35
13 37 20 21 27
31 20 51 14 43
1 18 15 17 19
6 8 27 25 22
21 28 33 15 37
5 7 25 59 24
10 14 19 13 32
59 34 6 32 14
6 32 58 12 29
16 10 35 36 22
22 27 10 20 18
33 3 40 58 46
53 4 58 7 55
11 17 15 46 48
50 43 42 6 54
9 16 55 11 23
21 9 55 14 6
54 24 37 29 47
20 54 56 47 19
26 34 48 25 12
17 13 60 7 57
20 28 31 43 38
52 6 52 59 8
28 55 11 34 37
6 4 33 59 57
24 52 34 8 4
1 37 42 17 30
42 7 38 3 26
32 30 48 40 4
24 50 2 11 60
43 59 56 8 49
42 55 10 17 27
32 1 22 29 23
58 21 14 34 2
23 14 58 26 16
11 33 26 8 45
25 27 59 38 46
15 53 51 57 47
43 26 23 35 59
49 46 54 26 14
2 17 17 1 14
21 18 42 3 32
18 2 10 54 36
43 13 58 33 2
15 2 6 7 55
35 53 48 28 6
10 5 7 5 18
4 1 35 34 32
46 34 41 60 17
6 47 60 54 15
20 11 3 13 59
29 5 58 30 23
15 45 54 12 19
36 49 58 47 33
12 1 16 18 33
32 43 40 34 20
20 25 29 58 14
16 27 10 16 56
45 43 51 33 54
51 45 34 37 20
6 51 25 9 47
3 24 54 27 51
25 29 11 37 36
48 37 11 25 3
39 51 32 44 44
23 49 55 59 10
17 49 12 26 40
36 26 15 2 44
24 13 6 17 25
10 22 9 6 10
47 16 50 57 34
21 58 5 39 25
52 17 43 13 9
7 33 55 38 9
57 50 35 42 20
48 5 18 51 22
43 59 42 4 2
46 44 22 58 21
59 29 37 50 49
12 14 51 59 28
28 3 38 27 35
28 25 38 55 52
35 28 20 43 9
32 51 3 36 23
39 41 37 38 48
36 31 7 22 37
56 36 14 34 33
17 38 31 37 56
47 20 15 18 58
28 2 4 8 21
46 30 58 53 30
50 41 20 59 6
18 7 14 59 56
48 4 31 13 49
58 45 35 14 24
47 33 42 44 17
27 51 15 52 59
39 4 35 16 4
6 3 12 42 15
9 37 1 13 28
39 53 60 45 14
16 43 15 52 37
57 13 30 36 3
6 6 29 9 55
42 12 40 36 32
35 19 43 54 39
17 41 20 8 39
45 23 42 48 37
58 15 60 55 58
38 36 52 50 37
17 14 58 60 23
36 14 49 14 40
42 34 33 32 26
33 21 36 44 47
29 8 13 2 17
6 39 35 47 35
18 40 56 4 18
28 51 5 26 48
48 9 41 46 34
42 30 26 24 31
1 2 44 30 33
40 23 58 53 60
9 13 27 27 15
8 45 27 46 41
51 1 30 27 6
17 3 53 4 10
4 51 36 18 43
47 31 15 36 57
52 37 19 27 5
22 59 3 54 24
46 16 37 15 4
6 16 44 47 46
56 47 60 29 48
23 18 34 6 32
17 46 21 7 29
31 20 4 5 50
2 46 39 30 27
32 42 25 35 46
20 20 31 30 32
35 50 15 7 33
6 28 47 42 27
52 5 17 58 32
59 6 15 40 49
3 2 53 18 14
20 53 9 18 48
53 51 44 12 9
12 24 56 17 28
36 8 24 38 4
17 18 39 31 39
21 11 27 35 47
23 52 56 18 57
26 30 15 43 50
56 44 10 45 23
30 2 22 47 39
42 43 29 3 57
39 9 49 20 40
32 57 51 18 57
26 2 10 37 59
11 31 47 17 52
54 39 54 30 39
16 58 34 6 41
12 9 7 25 33
30 23 56 35 27
8 1 21 48 35
2 44 6 19 12
38 12 45 41 50
52 47 28 59 6
21 58 3 51 21
18 18 18 29 24
58 41 30 53 55
17 53 28 7 53
59 42 41 13 52
47 51 52 41 13
40 48 17 24 50
29 56 48 28 31
10 10 25 9 5
24 11 14 8 53
18 53 33 47 8
55 11 59 28 23
40 23 15 36 38
36 54 44 15 3
31 31 27 37 28
8 28 55 53 6
32 16 28 24 2
24 29 27 45 48
20 19 55 44 40
45 35 27 18 30
26 58 2 13 53
31 42 5 27 7
31 39 4 18 1
55 22 19 13 29
41 5 43 50 4
54 27 25 23 56
22 41 25 48 8
15 56 48 19 11
28 25 56 46 21
55 49 34 52 37
12 23 6 38 38
45 26 32 3 37
1 41 36 56 2
53 53 44 49 34
38 24 15 28 10
22 2 6 49 13
33 9 3 10 8
38 29 51 27 9
45 29 22 34 14
24 33 1 18 56
15 26 49 49 14
38 45 31 10 27
34 40 2 46 49
5 34 26 12 53
58 3 22 56 10
43 39 38 53 8
56 2 49 48 22
38 29 4 9 51
18 31 20 22 31
34 20 44 27 5
47 19 23 17 53
14 60 15 30 56
29 29 57 33 16
60 60 39 18 36
27 52 58 10 22
57 23 52 11 25
22 40 22 33 46
57 39 57 49 23
45 3 31 11 56
24 29 28 37 9
10 54 53 39 45
5 44 17 20 17
38 56 11 59 24
28 3 9 23 43
35 28 58 20 35
33 47 24 7 15
41 27 24 7 49
51 43 43 17 55
9 27 50 3 42
19 48 29 34 11
4 50 21 33 57
1 46 33 52 26
39 33 49 24 18
24 57 13 23 40
51 52 10 44 59
35 31 7 4 28
31 11 5 17 13
49 26 23 54 57
15 48 27 24 26
46 29 40 56 14
47 9 23 21 28
3 10 48 14 52
40 57 52 45 26
21 18 8 52 46
39 53 41 60 40
60 47 34 56 44
31 14 40 53 49
12 5 31 45 48
58 18 7 56 26
48 59 57 21 36
46 27 49 53 45
47 8 14 1 40
27 6 55 58 7
54 22 47 26 12
59 60 18 18 12
46 22 26 48 47
8 11 12 49 43
51 36 49 36 27
51 48 29 52 37
28 34 34 59 10
9 42 25 42 26
34 18 17 23 7
30 17 55 14 15
5 25 59 44 8
13 58 55 10 28
55 12 48 19 41
28 12 5 53 11
4 7 48 2 5
23 16 27 40 40
29 3 26 44 31
17 33 21 43 40
22 3 49 49 55
2 17 43 32 2
32 18 47 60 48
36 33 12 56 6
7 11 35 34 30
1 26 24 40 41
13 34 55 39 29
25 55 17 28 56
27 53 13 22 47
58 8 40 44 57
56 52 56 51 37
24 25 30 30 58
44 26 8 56 54
60 45 3 54 54
29 37 9 40 9
29 20 18 29 56
5 36 54 20 27
29 52 36 4 50
55 40 40 18 58
19 46 48 5 8
4 37 56 55 34
18 30 3 18 55
12 49 58 13 7
31 59 29 28 45
11 52 34 23 39
34 34 34 21 47
36 19 22 46 34
1 23 50 50 54
43 45 29 60 2
16 24 9 23 21
28 8 29 49 30
43 56 57 12 4
23 20 12 2 60
24 28 17 35 17
51 1 42 11 55
45 17 39 53 57
38 41 5 40 5
54 20 34 8 26
8 1 47 40 38
41 60 5 18 51
50 11 21 10 21
41 12 15 43 23
43 3 1 35 26
12 13 33 55 12
60 35 35 15 10
13 10 44 48 21
43 12 15 36 41
38 12 21 18 24
43 60 53 2 24
26 56 6 8 54
48 32 21 31 36
44 10 56 37 45
41 52 28 43 38
29 32 16 34 58
6 34 48 60 32
56 40 2 23 15
33 49 60 19 42
15 45 23 30 32
46 24 15 24 41
47 11 30 36 48
52 48 57 9 31
26 13 54 33 40
38 32 46 57 43
18 28 58 26 27
35 3 32 6 14
17 25 22 43 29
56 45 18 40 38
41 46 54 24 8
14 47 60 29 56
49 39 27 24 54
38 6 33 42 30
21 21 28 60 1
38 17 34 14 23
54 23 6 48 40
53 58 54 27 28
41 47 27 18 43
52 48 25 22 45
10 39 2 56 4
58 14 35 56 50
32 19 8 33 19
23 42 21 9 42
44 10 2 45 13
54 38 41 16 18
54 40 40 6 29
31 39 16 34 30
8 37 32 13 52
13 16 5 15 38
53 47 56 25 17
22 58 46 44 32
17 27 3 31 40
16 28 17 11 49
10 17 34 18 12
14 41 23 51 48
48 4 16 59 22
4 47 1 23 60
2 33 44 34 43
41 13 15 57 58
7 4 55 56 25
22 16 49 14 7
49 41 25 24 37
10 17 30 34 35
46 32 47 6 32
35 35 16 32 28
1 46 18 34 42
47 54 55 50 28
38 10 52 19 52
53 35 31 34 49
20 26 28 17 23
40 13 37 17 4
45 58 11 10 53
37 42 38 51 49
25 38 39 60 40
43 1 45 11 8
19 29 41 30 55
29 34 35 2 4
10 36 35 12 22
9 43 53 40 26
7 1 38 33 5
53 30 47 52 23
9 46 10 48 37
29 53 30 29 19
8 15 59 53 40
37 2 21 38 59
28 49 22 9 54
50 36 22 38 10
31 22 30 9 24
20 11 58 35 23
16 23 44 36 56
41 38 50 44 6
54 39 2 34 47
19 2 21 32 43
6 5 60 57 59
33 51 2 21 6
36 34 49 48 44
40 7 16 27 17
55 59 13 44 23
45 5 11 57 4
45 28 57 22 21
40 22 23 4 20
48 55 57 54 31
22 9 16 60 21
29 5 5 33 45
7 34 35 31 22
41 38 27 23 34
11 6 1 9 51
38 41 7 28 49
6 16 8 44 33
56 41 25 46 48
10 14 34 20 23
13 7 59 30 54
37 12 3 54 58
60 17 20 49 25
58 55 30 43 50
33 17 3 7 55
56 26 8 43 29
31 1 46 20 55
33 3 25 55 19
14 48 2 25 36
44 40 58 52 18
28 24 24 14 33
46 38 59 12 24
8 39 33 8 13
32 42 37 46 31
30 47 6 2 57
40 12 6 46 46
35 49 42 18 7
18 32 57 49 9
35 41 54 26 44
50 25 48 56 35
4 41 42 47 26
34 5 50 34 11
40 16 24 37 37
14 57 18 43 30
42 9 53 11 20
42 59 58 33 26
36 22 58 33 36
33 56 8 47 33
25 30 45 25 20
5 23 51 55 12
49 52 36 20 13
4 37 11 15 14
51 31 40 42 5
23 3 44 1 35
23 2 6 26 38
50 50 16 32 36
21 10 1 58 47
35 30 48 27 36
13 16 6 47 40
34 49 7 49 38
37 32 4 42 44
49 12 2 47 10
9 60 55 60 39
58 18 48 5 47
40 39 37 48 22
33 39 42 5 36
9 35 2 55 59
40 43 57 19 55
49 36 43 19 52
59 9 23 57 6
49 23 55 35 13
8 13 28 3 56
7 39 9 28 58
9 27 1 29 41
9 12 48 3 28
6 19 42 21 1
55 45 16 40 53
41 56 59 53 39
50 37 35 19 60
4 8 16 20 3
26 47 43 57 50
57 36 39 38 15
29 34 10 1 24
18 18 26 32 58
10 16 9 40 56
14 18 47 47 53
56 10 42 50 28
42 48 36 23 48
51 2 16 45 29
13 51 60 50 19
7 23 32 33 36
53 14 2 54 32
47 12 10 43 13
17 43 31 41 22
36 25 6 1 45
6 40 4 11 16
17 17 53 18 18
57 38 6 30 5
46 1 40 26 17
28 18 48 39 19
57 45 4 3 1
12 34 60 42 59
24 6 43 15 48
24 44 55 2 15
2 12 21 9 49
4 37 37 4 14
41 36 48 60 28
7 59 46 56 14
21 55 55 12 57
14 51 36 58 41
41 34 60 48 45
50 1 46 24 26
42 30 56 29 56
43 53 21 7 35
24 19 54 9 28
15 18 54 51 37
4 49 30 47 23
52 18 17 30 26
8 6 9 56 58
57 10 39 11 20
20 60 24 36 1
47 37 35 40 38
55 60 59 8 5
42 5 48 24 8
11 34 21 45 27
1 13 20 26 39
51 7 21 42 26
56 26 20 36 51
37 20 33 48 56
59 3 47 15 25
50 37 17 59 35
12 50 24 35 30
57 32 13 40 37
17 57 31 50 13
21 59 47 1 57
52 35 6 22 45
36 40 33 18 5
22 6 57 44 35
40 44 25 43 30
16 36 26 3 59
56 47 13 11 21
9 58 27 15 22
15 2 40 50 52
2 16 56 50 30
35 6 13 26 43
8 59 36 35 11
57 15 14 48 32
36 39 59 54 51
37 37 43 33 7
25 22 58 21 37
14 58 42 35 43
41 56 6 44 55
55 25 39 56 33
59 46 27 55 41
58 26 39 15 58
23 28 8 60 40
16 36 54 43 34
59 1 49 41 50
31 54 8 46 52
48 10 35 54 2
42 4 22 27 55
38 9 2 20 32
47 48 59 5 50
1 32 32 41 19
10 45 11 33 30
51 2 27 27 14
1 50 13 56 56
29 15 39 19 50
4 21 15 35 52
15 49 1 13 8
21 56 6 7 8
53 33 12 48 15
1 26 36 39 36
31 47 41 50 6
58 26 6 47 53
12 2 53 3 56
55 44 27 55 11
19 55 49 56 11
45 48 28 58 27
53 30 58 7 3
13 36 31 2 4
25 20 27 7 16
58 28 10 12 56
49 58 11 24 34
22 46 24 28 17
22 43 37 7 39
14 23 19 46 33
37 23 28 48 57
54 59 36 16 2
4 54 26 27 45
26 15 25 58 31
34 40 2 33 44
18 49 50 32 4
54 19 43 42 32
49 6 9 26 48
49 40 47 49 43
17 34 16 2 30
28 30 49 30 19
52 30 36 11 17
4 23 48 10 55
57 30 30 9 31
59 26 5 56 24
49 29 40 2 6
54 44 22 22 3
32 58 51 28 60
53 9 32 37 9
55 52 39 6 23
28 9 14 35 37
54 31 27 42 25
25 8 42 53 39
3 24 54 59 49
19 47 31 26 50
3 1 12 25 48
20 7 36 43 55
60 54 3 23 37
36 4 19 31 24
30 3 54 37 57
56 28 11 28 41
56 13 54 24 56
32 7 19 60 7
53 29 53 9 32
26 51 51 7 38
13 28 20 27 38
4 40 5 4 18
59 21 28 58 55
39 25 40 14 7
15 7 1 21 50
20 51 42 5 55
19 54 24 37 60
19 4 48 8 42
40 54 40 53 14
55 22 41 56 7
21 6 51 27 12
19 49 58 33 30
48 13 19 44 11
48 52 45 6 27
40 6 19 11 48
1 40 27 5 57
36 30 11 6 54
53 60 60 24 31
30 59 23 55 1
22 22 23 36 4
32 44 50 48 6
58 52 22 59 3
7 53 41 19 16
40 34 20 29 48
29 53 15 26 24
5 11 36 20 48
23 34 56 44 17
52 15 41 40 10
54 7 44 47 26
24 21 18 53 41
1 57 33 23 40
11 49 7 31 19
60 41 14 24 20
53 36 43 57 59
47 5 12 30 20
60 45 3 22 20
54 25 56 8 3
26 31 1 20 13
49 17 54 45 27
41 59 2 4 27
17 43 29 1 2
7 55 35 42 47
37 6 43 59 58
49 13 27 34 25
29 34 16 11 55
12 3 41 32 5
55 13 31 53 32
33 9 8 8 13
10 28 57 42 60
40 30 35 47 46
3 21 4 58 42
3 54 39 35 8
8 9 13 2 46
2 50 13 38 41
7 49 52 8 59
56 49 1 45 54
27 34 31 41 8
13 9 46 50 38
56 55 13 30 39
7 3 25 35 40
40 31 24 48 6
60 50 43 48 33
55 12 44 17 32
24 49 29 23 27
26 36 30 41 57
3 45 49 41 32
14 54 41 40 16
46 19 19 42 51
36 55 38 46 50
38 35 7 35 57
48 8 1 38 51
55 60 35 55 48
2 25 59 19 34
21 56 44 20 8
54 25 50 53 15
14 16 41 57 21
50 39 32 3 50
26 59 31 20 56
19 60 15 2 1
19 38 25 10 38
38 15 51 36 44
2 43 29 47 42
2 35 58 60 20
13 58 44 8 14
27 44 32 44 19
54 50 22 2 53
17 7 15 41 17
54 58 56 56 18
58 2 48 60 27
45 56 54 4 39
39 34 24 22 58
2 36 31 29 21
48 6 34 49 57
37 17 60 53 21
25 46 45 42 22
4 16 36 14 6
11 57 46 35 15
10 38 40 19 54
44 51 9 17 29
23 53 11 10 33
24 2 2 27 55
24 53 23 29 59
2 51 2 29 1
43 54 3 7 30
3 23 48 38 6
30 60 5 40 25
55 27 53 4 36
27 42 8 58 2
46 32 60 28 9
1 44 26 28 3
21 33 31 44 48
14 30 15 4 29
31 17 56 24 5
49 48 51 19 44
54 57 37 33 40
52 27 55 52 10
15 52 3 18 58
11 44 24 32 48
27 40 52 21 59
55 35 16 48 5
48 5 16 22 32
58 3 31 35 32
53 17 37 17 4
9 22 1 50 52
40 30 15 1 29
46 10 45 14 28
27 35 34 29 21
23 37 23 57 11
29 18 29 40 26
36 53 21 13 57
59 59 35 51 21
47 42 23 44 13
31 16 21 17 47
31 19 4 10 41
39 17 42 39 45
40 17 39 21 43
13 58 16 46 24
21 22 17 18 40
57 1 15 46 52
40 53 43 38 20
5 37 59 14 39
35 26 59 20 21
46 60 3 4 53
36 18 59 26 37
2 38 52 37 60
39 9 43 45 26
12 45 33 47 19
20 21 56 11 10
54 8 18 1 40
27 28 42 57 5
35 18 52 3 56
12 28 6 6 29
21 21 26 31 51
45 11 40 51 16
28 28 31 10 5
43 38 14 57 46
50 56 40 20 54
23 52 7 31 54
49 22 25 9 32
17 16 50 7 4
6 29 2 45 5
26 4 30 52 33
15 19 36 20 50
3 15 20 8 26
35 9 5 31 56
40 21 54 36 52
50 17 5 13 55
6 43 22 15 2
36 53 7 33 23
29 56 56 55 1
40 10 16 60 41
10 24 25 26 53
31 18 7 7 23
39 54 2 49 37
48 41 4 12 7
32 5 51 21 41
19 12 49 12 47
42 10 2 28 28
7 54 22 53 25
40 45 56 20 12
40 19 38 44 26
41 49 36 46 23
10 22 54 6 40
30 57 52 6 33
17 12 14 42 23
6 44 46 42 6
34 9 18 14 1
7 42 9 29 30
60 56 8 25 1
50 31 29 26 34
53 42 56 49 6
53 59 48 48 37
48 56 11 17 25
24 21 29 1 50
42 1 15 49 51
35 52 51 29 32
29 14 21 5 60
58 39 57 40 23
11 30 40 44 33
11 17 51 39 43
28 41 1 34 17
35 32 11 30 5
14 16 8 28 4
53 16 12 55 38
40 21 28 25 50
16 40 34 55 24
31 57 50 19 10
57 43 49 14 41
36 37 40 35 4
58 16 15 35 1
2 13 26 60 31
46 35 46 56 51
15 49 45 34 26
29 59 6 53 37
35 3 50 3 34
55 24 10 30 20
2 26 19 29 53
59 25 5 51 6
38 33 16 59 44
56 45 38 19 26
20 4 2 21 27
10 56 30 2 28
3 42 31 10 52
23 58 59 23 39
20 28 29 12 47
54 55 28 45 11
52 3 41 11 15
21 43 29 32 15
48 51 3 42 48
57 16 43 25 38
21 35 44 16 2
35 7 8 10 57
32 20 24 7 50
21 40 19 44 4
47 31 42 57 41
38 10 46 17 4
15 52 44 7 50
26 2 42 4 23
41 34 10 7 5
28 43 18 18 1
45 54 11 28 13
52 21 40 46 8
40 4 28 23 50
4 29 24 45 26
24 41 38 4 60
4 44 39 8 2
6 49 17 2 14
36 25 17 28 29
34 57 25 60 2
24 42 46 31 13
54 24 11 57 46
15 33 40 15 53
35 37 12 1 54
40 21 54 3 60
5 45 41 59 23
36 53 15 53 10
2 15 17 7 3
60 33 47 44 8
53 31 14 39 37
25 51 45 19 54
39 7 51 39 9
40 43 9 4 38
45 27 37 19 24
33 27 7 42 18
53 19 12 36 60
28 59 13 18 10
29 20 17 4 52
13 21 33 50 29
45 53 54 13 60
19 4 60 13 6
25 24 31 11 31
1 12 26 18 17
30 38 42 53 53
2 3 48 9 43
21 40 19 40 9
60 36 15 5 28
27 35 9 1 14
21 23 60 38 4
48 21 49 6 33
40 25 49 38 16
60 41 39 32 14
56 36 22 56 44
33 2 39 38 29
57 8 44 41 44
6 45 52 23 13
43 14 47 38 47
51 4 15 10 22
12 8 55 4 43
2 15 29 14 39
8 8 35 14 44
18 51 6 3 43
1 13 40 23 59
60 18 18 36 13
11 51 49 4 28
28 24 27 58 60
14 51 46 6 2
35 35 20 11 24
45 29 35 25 45
1 42 18 35 47
54 5 20 54 50
10 23 46 45 34
48 1 51 35 46
56 10 34 21 31
31 17 32 44 22
17 47 11 42 58
48 15 1 8 4
36 59 13 59 28
11 23 23 37 25
53 1 5 33 44
20 20 53 10 32
8 1 21 7 29
28 54 30 35 60
37 31 33 48 18
41 17 13 57 15
32 29 7 56 12
21 20 4 43 28
34 21 53 14 7
47 35 1 8 26
9 31 51 17 38
11 18 44 7 52
53 21 12 8 51
35 31 59 6 22
58 40 3 50 38
30 59 46 49 4
43 41 15 28 6
36 31 30 15 31
48 41 54 46 30
27 52 8 12 10
26 8 1 1 32
55 56 35 2 24
59 28 55 46 2
60 22 34 42 59
5 15 42 49 18
30 35 60 40 43
25 47 46 15 52
52 14 47 33 43
58 57 34 59 36
34 8 59 15 36
49 13 19 26 46
16 3 2 41 1
26 10 39 25 12
41 9 13 39 5
17 58 47 35 43
11 14 46 23 49
33 27 22 36 14
22 54 11 16 23
29 12 11 8 53
13 13 39 55 58
58 1 8 55 27
46 4 55 13 30
39 7 57 18 53
30 59 43 59 42
18 35 8 18 57
16 59 34 17 59
48 55 48 50 11
16 21 57 2 36
8 16 46 48 17
52 17 57 36 19
24 4 18 7 45
8 39 34 18 60
4 38 5 47 54
56 6 28 26 23
50 3 21 32 4
48 7 14 55 27
43 52 54 18 4
56 2 50 19 30
35 21 19 33 15
37 41 2 21 19
40 53 43 56 8
2 2 52 24 32
13 6 27 38 4
47 46 47 2 10
55 7 15 44 41
47 33 28 19 7
48 17 39 3 10
22 35 40 50 24
14 29 39 30 46
52 40 13 35 7
3 6 25 40 13
26 32 5 10 2
17 29 10 39 56
3 8 24 53 31
44 47 9 26 15
57 40 38 37 8
1 11 56 33 21
12 5 42 57 13
11 25 31 43 32
24 58 42 11 45
20 6 39 59 48
27 39 21 49 10
36 58 57 15 52
54 12 2 55 46
31 21 12 6 38
28 25 19 5 11
40 5 56 29 29
36 35 26 17 57
34 14 50 35 34
55 40 18 58 21
2 23 40 50 29
57 57 49 10 21
21 60 8 31 28
26 50 18 4 34
5 18 30 46 8
33 41 49 22 44
16 36 17 13 24
33 24 56 11 26
50 10 31 54 21
29 37 18 7 37
51 53 37 10 36
35 46 35 55 28
58 36 49 2 15
56 22 18 31 50
22 10 51 23 35
34 25 55 31 55
43 32 14 4 50
59 54 31 50 46
55 41 32 15 48
10 24 39 35 59
6 59 47 52 54
17 55 7 16 23
35 24 47 33 33
54 47 6 30 60
43 44 16 48 6
53 28 38 50 29
43 54 10 46 30
4 58 18 10 23
17 32 50 39 20
51 38 28 33 53
22 43 48 1 57
56 60 41 4 18
27 16 43 12 35
19 54 59 51 25
40 34 20 18 13
19 21 9 36 49
17 27 37 56 36
20 46 14 35 22
18 57 11 15 31
16 13 15 13 58
1 46 10 48 16
50 34 60 54 2
9 15 15 54 53
14 54 14 35 6
3 30 9 4 25
43 51 30 53 60
56 19 60 23 55
1 2 19 44 60
41 20 56 38 34
7 11 52 7 2
34 9 22 20 20
54 5 57 15 1
12 50 33 58 8
48 44 3 60 50
60 16 21 17 32
41 54 31 49 35
44 2 43 15 41
2 18 49 55 5
7 7 34 19 29
19 23 17 39 7
46 45 33 24 22
17 23 20 8 11
15 3 31 10 41
53 6 18 14 49
30 49 18 37 56
1 40 43 55 58
56 59 6 58 1
41 6 51 6 54
38 58 2 4 11
14 45 37 42 43
30 58 17 48 14
26 46 19 3 32
53 50 46 16 19
36 33 51 18 12
1 24 26 15 25
50 53 25 22 25
10 12 29 18 41
54 32 38 52 44
26 60 43 1 3
50 14 41 22 51
28 14 48 31 54
15 10 26 11 8
6 36 44 6 29
8 10 3 55 36
12 40 56 30 19
25 56 58 52 40
8 21 8 48 42
3 36 52 15 4
37 17 12 47 35
49 41 42 18 5
41 36 1 59 16
35 60 23 33 11
18 21 39 18 26
58 6 29 38 13
40 23 25 56 31
44 20 16 25 19
33 54 58 51 22
13 7 21 35 1
30 44 24 8 13
14 25 54 32 21
54 7 25 51 26
25 39 43 49 10
13 13 10 13 50
17 7 35 22 34
44 35 14 12 50
44 49 39 31 26
13 26 7 39 43
12 28 21 34 3
16 36 37 36 23
28 44 3 35 3
12 19 3 13 8
47 19 51 32 8
9 57 47 4 35
7 39 37 27 49
50 60 18 28 35
35 46 2 30 58
26 22 33 34 42
48 28 27 25 5
33 47 55 51 33
57 56 17 28 35
41 46 44 48 55
28 19 54 55 16
5 36 40 30 44
49 5 18 4 14
54 51 34 31 49
13 49 15 50 54
42 3 52 26 22
3 1 52 48 53
33 60 14 28 40
37 58 34 22 41
11 33 20 14 17
14 14 9 16 55
6 37 46 20 32
41 1 20 21 28
24 58 39 34 10
18 16 56 40 30
13 57 14 10 10
14 30 46 24 1
15 19 7 23 49
19 22 53 30 42
34 47 10 1 45
41 6 45 41 12
24 17 48 44 10
14 13 44 18 43
54 49 58 46 10
28 37 56 58 14
59 40 13 31 3
15 5 25 28 24
51 47 46 55 58
42 45 49 18 30
36 52 57 24 56
51 39 30 9 3
22 43 54 23 3
50 52 24 53 45
45 10 38 24 44
49 17 39 32 35
55 34 34 40 7
28 48 52 20 27
39 14 34 28 42
55 52 49 59 42
40 5 2 7 40
31 40 15 22 8
49 20 6 3 55
14 54 14 7 45
51 39 24 9 28
12 29 29 30 31
44 5 1 40 54
10 51 8 15 32
55 41 60 23 42
16 35 48 30 55
30 31 59 28 11
55 43 7 52 47
13 3 55 38 1
38 43 39 58 49
60 7 27 53 59
6 38 2 46 13
56 13 34 44 7
9 43 52 22 29
22 48 43 39 8
6 34 13 48 42
18 39 25 20 31
27 48 8 27 49
14 49 4 48 58
35 26 30 50 45
14 38 38 17 58
50 33 17 5 28
7 33 6 57 59
39 45 15 37 12
9 8 51 8 44
19 5 18 41 39
47 38 23 8 21
46 60 6 29 52
35 19 39 14 27
24 25 53 10 41
56 45 20 17 24
5 44 24 5 44
59 23 44 55 48
14 37 45 41 56
31 53 15 12 27
28 5 8 57 25
49 16 40 35 51
27 54 3 31 35
1 39 35 29 54
25 27 47 48 1
57 23 35 55 58
4 18 44 32 36
4 23 31 38 48
56 3 46 49 14
47 51 60 19 15
53 29 6 31 29
33 49 10 45 38
34 4 59 17 15
32 13 48 3 2
56 55 17 25 31
41 31 13 54 20
28 41 2 18 55
51 10 8 41 39
31 35 36 29 55
48 51 59 33 1
57 34 52 28 15
16 34 31 58 24
14 42 58 22 45
6 28 32 23 43
31 33 35 36 11
24 41 48 19 13
51 41 29 55 27
12 43 51 4 54
21 43 21 34 32
51 52 27 34 19
14 24 55 5 34
11 20 8 7 38
3 45 22 38 34
6 5 3 54 30
58 28 60 1 44
36 59 23 34 42
36 46 56 42 20
52 15 24 31 43
43 40 13 42 51
23 18 59 31 38
22 10 18 45 7
40 59 27 5 9
50 5 23 40 51
34 48 15 35 43
6 33 32 8 15
14 52 56 59 8
45 3 57 57 47
14 52 42 17 2
41 26 20 42 57
29 2 43 59 44
29 47 40 25 19
36 29 24 46 11
31 59 22 56 5
46 8 7 30 13
20 12 44 28 1
25 52 47 43 14
43 4 31 20 23
9 54 37 26 41
33 9 37 45 7
36 58 30 56 13
44 55 2 53 8
59 23 47 48 57
24 42 54 3 48
59 20 43 14 27
48 36 9 54 43
1 25 45 21 22
4 59 29 50 33
34 39 40 49 58
14 14 33 48 52
60 46 23 50 5
3 14 30 44 43
50 46 55 1 51
27 4 42 21 50
28 14 46 54 40
58 57 48 11 2
54 28 44 51 36
15 21 26 24 22
37 17 51 58 11
8 56 3 39 59
17 26 47 18 46
8 46 29 3 15
7 28 14 52 12
17 52 34 31 36
54 54 8 26 23
8 19 27 43 44
54 30 54 45 52
32 46 16 32 45
27 6 25 10 15
34 14 4 43 33
17 4 12 27 4
6 32 43 40 38
41 48 36 19 51
4 51 16 53 21
45 28 18 18 22
24 17 47 26 27
27 6 36 54 36
21 20 17 2 51
8 37 5 42 39
8 10 40 27 17
32 49 54 48 30
3 2 4 7 42
9 52 60 41 28
36 1 43 45 1
52 49 46 14 38
36 7 41 27 34
14 9 54 15 52
21 11 20 48 24
39 22 32 25 59
7 31 48 10 1
5 11 8 25 54
55 51 11 22 1
26 43 34 10 19
59 27 36 48 32
12 6 23 9 46
34 27 11 18 54
31 59 19 5 33
25 18 2 2 24
45 5 38 27 30
35 6 39 34 59
19 19 57 31 11
3 15 34 45 42
47 4 25 42 32
17 28 19 3 50
22 41 7 34 19
54 51 11 13 22
49 2 24 44 24
52 18 44 35 54
44 1 33 15 9
45 8 5 44 51
42 1 35 3 35
21 30 12 18 28
24 36 57 16 25
25 56 18 48 2
49 54 15 59 18
55 18 16 49 26
10 38 42 22 37
26 56 55 18 29
12 27 38 52 6
55 55 49 16 12
28 13 49 53 20
4 15 38 11 24
7 55 46 4 27
6 58 34 15 47
40 37 30 34 48
22 57 41 44 50
15 22 15 54 7
22 40 48 2 51
16 14 19 9 14
36 54 16 48 33
31 19 39 48 30
56 28 2 16 2
28 58 6 59 35
37 54 21 60 26
59 42 60 16 14
30 42 57 60 12
38 23 48 20 24
58 33 30 39 12
26 58 35 34 37
22 20 55 40 2
36 4 39 14 1
9 38 28 42 4
1 14 4 12 8
52 47 57 60 55
53 27 53 5 21
3 24 32 25 40
46 28 36 1 2
54 4 4 24 59
7 5 36 1 41
54 2 41 12 39
2 15 49 17 35
41 28 22 6 51
53 40 11 60 52
6 23 2 28 20
16 1 10 32 18
13 13 58 9 55
17 60 20 11 35
57 15 55 26 54
4 29 46 40 39
58 55 18 5 4
51 57 50 22 35
53 43 43 51 42
51 42 40 35 17
45 31 14 17 34
52 7 11 4 41
10 18 27 8 24
15 27 48 33 53
46 10 43 53 5
45 55 45 4 10
18 4 9 41 58
24 25 36 35 36
39 58 18 47 53
2 18 52 31 21
54 19 50 36 58
46 24 48 13 32
16 26 48 53 28
3 19 24 40 6
26 13 46 49 4
4 21 20 26 24
60 50 20 43 22
36 15 58 45 2
60 25 43 3 14
15 59 55 30 59
42 30 35 50 24
40 51 43 36 6
44 5 29 8 60
47 29 53 2 21
59 59 35 8 16
35 5 9 29 42
49 44 15 8 25
11 39 50 54 35
48 21 40 33 32
2 40 44 28 46
17 49 59 9 39
35 58 43 4 48
20 23 23 50 48
42 1 42 7 4
41 11 32 16 53
27 8 20 25 18
57 46 45 31 16
49 10 29 40 49
10 13 19 17 59
58 24 35 30 44
58 25 4 52 6
8 27 24 22 19
37 8 51 36 9
55 41 32 6 3
53 53 30 8 12
60 17 19 12 22
14 40 56 19 3
41 53 19 20 1
11 58 22 45 28
60 35 39 42 11
17 16 12 24 14
15 56 20 35 25
46 25 16 37 26
12 4 35 51 58
24 31 46 1 33
8 4 37 32 38
30 15 57 22 12
4 59 42 22 28
36 21 30 47 48
49 23 34 51 53
50 41 56 8 58
37 17 36 31 3
51 14 47 54 35
37 43 1 15 2
29 27 50 38 17
3 37 22 14 14
1 57 6 45 35
6 45 2 18 1
37 20 14 26 13
52 30 22 53 11
32 24 15 6 47
7 18 39 45 2
32 26 25 19 30
24 37 31 10 58
30 51 23 52 5
42 42 28 56 38
1 1 52 28 5
5 25 60 23 15
5 51 42 52 45
22 52 56 28 38
52 19 58 37 32
50 27 20 44 35
49 56 16 23 40
56 33 53 8 55
52 34 3 42 6
56 47 53 21 8
47 3 47 17 60
16 31 36 27 18
40 49 55 10 36
31 17 40 56 55
22 12 12 52 39
18 44 13 28 24
17 43 1 45 3
48 7 36 38 59
55 59 25 53 1
48 21 12 10 49
60 22 6 49 43
53 17 8 12 48
15 7 22 44 59
33 41 58 45 24
19 23 53 53 27
46 36 54 37 52
44 24 34 35 39
44 34 22 51 39
48 26 11 16 7
22 44 60 43 21
35 18 60 52 4
43 34 29 30 28
44 50 6 56 12
11 2 52 44 60
10 55 9 59 53
13 38 36 6 34
26 15 23 46 16
54 31 2 47 4
32 34 28 45 44
29 6 29 7 27
28 1 57 34 40
47 31 13 11 11
47 37 23 55 9
54 32 3 45 18
16 2 16 23 36
46 57 19 11 7
35 35 10 24 37
2 45 16 10 30
2 49 46 49 48
25 57 17 21 6
4 19 4 28 59
59 47 36 50 36
18 9 27 26 13
39 5 19 19 46
9 52 52 2 47
28 14 36 11 36
31 43 48 1 23
35 19 57 44 11
11 12 27 14 16
25 4 24 17 40
4 26 19 6 14
39 9 20 8 34
32 20 23 14 56
30 35 2 33 27
21 11 6 36 23
20 56 15 6 38
48 24 12 45 34
14 9 13 44 60
27 21 57 14 12
30 25 34 18 48
58 35 1 22 56
15 26 38 30 18
56 5 47 26 42
53 7 13 40 31
59 3 34 48 35
43 28 43 10 11
37 46 33 36 3
30 32 46 18 6
34 10 43 40 53
22 59 21 41 16
42 40 57 10 31
31 13 4 17 28
5 46 33 29 13
37 53 36 45 20
2 56 42 14 8
31 57 29 59 21
15 30 1 27 53
58 40 18 7 8
37 47 26 9 36
31 2 18 29 19
16 28 6 10 49
41 5 59 36 38
55 40 7 51 40
2 34 40 7 24
18 30 11 5 30
11 18 16 40 44
27 23 18 25 24
14 47 46 12 15
49 48 17 31 25
31 47 39 57 25
41 13 11 42 47
24 26 57 39 59
55 14 59 22 29
37 1 3 5 3
53 15 55 5 56
58 28 1 38 59
10 17 45 38 58
49 27 8 48 44
8 45 24 18 39
37 23 6 51 41
49 36 47 44 55
42 35 24 11 19
39 22 44 51 4
58 54 9 30 23
46 58 22 29 49
18 14 21 1 60
50 22 51 40 25
28 29 12 24 26
36 18 53 10 11
18 1 60 8 21
24 10 1 55 32
35 7 2 29 4
1 29 5 32 3
19 33 10 31 26
57 15 56 27 44
58 47 40 50 4
24 19 34 44 47
3 41 29 24 52
48 14 19 7 13
50 43 58 30 58
4 24 22 59 9
49 59 45 34 5
51 25 24 19 3
60 22 43 43 23
44 40 59 20 43
5 12 60 7 50
22 25 40 57 8
14 49 37 10 20
43 36 40 59 59
2 5 38 11 13
39 3 9 7 50
8 47 13 41 54
50 27 23 33 4
60 7 17 35 32
29 24 5 22 16
52 13 30 46 24
33 35 47 4 4
50 55 29 39 18
57 5 54 18 33
8 36 46 35 7
3 46 4 4 39
47 30 59 23 51
14 46 44 3 48
9 32 20 16 19
42 21 6 26 37
39 9 43 38 46
23 59 35 13 16
7 17 7 25 35
24 49 30 6 7
12 4 51 53 43
4 53 33 60 37
51 45 37 57 52
52 53 39 8 11
26 7 40 33 42
24 31 55 28 3
11 53 35 37 45
37 45 14 12 3
45 3 39 18 17
20 48 3 1 53
36 16 26 20 48
24 20 55 34 48
26 46 33 42 49
41 45 14 14 51
6 45 25 33 38
20 19 49 46 5
5 50 6 59 5
21 47 48 39 29
49 56 14 20 57
52 24 10 4 49
44 15 9 7 36
1 57 48 17 60
15 34 25 60 57
31 14 21 51 12
39 30 34 32 59
51 15 40 38 58
43 39 6 44 43
1 13 41 27 18
24 6 51 7 50
1 28 42 54 28
18 36 33 22 25
38 22 26 27 14
24 3 33 2 45
7 35 14 47 4
55 40 39 54 43
45 3 10 12 41
16 3 16 23 53
3 54 37 16 38
34 47 49 7 49
21 29 42 60 45
28 5 49 12 16
58 58 52 51 1
7 55 48 31 8
12 30 13 34 40
1 3 19 49 45
36 18 55 50 46
41 14 6 16 33
37 57 31 16 51
23 3 42 58 22
58 25 37 37 6
38 53 4 21 32
49 11 12 39 19
42 19 53 19 30
39 34 15 28 27
41 5 33 15 41
9 58 34 28 18
12 11 56 13 2
25 30 1 53 51
19 53 17 56 43
3 25 45 15 7
28 9 39 48 50
44 9 34 24 27
33 20 44 51 42
2 5 44 8 28
25 58 5 47 9
32 30 6 2 6
15 18 48 26 6
25 43 14 36 35
16 37 41 25 15
18 41 33 13 29
38 37 17 31 50
55 58 54 46 25
31 38 41 24 44
11 10 1 1 60
39 3 23 58 20
33 23 1 12 56
24 58 8 3 57
19 13 9 52 8
22 51 30 54 41
12 13 22 49 43
34 19 46 20 16
8 21 58 46 58
39 58 41 28 49
18 42 47 39 6
30 41 8 3 47
33 3 50 58 20
56 34 57 41 4
56 58 40 4 18
37 7 13 54 32
26 41 51 9 58
2 7 47 1 35
49 54 55 40 55
24 40 58 59 17
23 15 53 50 31
12 8 41 9 29
22 55 20 16 19
30 5 5 7 17
9 56 40 26 22
51 11 4 41 29
35 60 19 45 28
19 44 41 7 37
15 28 50 32 47
52 5 60 39 1
14 38 17 14 16
45 28 23 19 49
14 20 4 35 32
26 52 4 29 49
57 53 5 40 13
45 37 24 20 10
49 47 56 11 43
5 32 50 26 16
45 11 37 38 20
54 41 54 1 40
29 8 21 1 46
8 4 40 53 12
52 50 23 28 11
20 8 22 38 12
57 43 10 14 31
49 47 15 51 5
1 41 14 42 25
6 18 13 36 53
9 5 48 5 59
3 13 52 58 40
8 2 44 53 36
10 40 21 47 40
16 51 44 29 50
38 56 8 35 35
14 47 29 4 21
45 18 40 39 23
59 60 34 49 53
34 31 4 22 9
9 53 15 16 16
17 36 8 27 22
60 2 49 11 53
11 24 3 58 55
52 47 58 24 49
15 55 39 1 9
44 58 23 3 46
44 7 50 49 11
14 51 18 23 40
39 29 59 5 23
46 33 14 50 59
32 5 42 59 1
10 33 41 44 30
7 50 57 53 40
17 26 29 31 12
50 2 46 49 54
32 8 56 31 29
53 28 48 28 60
5 52 48 49 38
6 16 58 53 49
35 45 13 44 47
5 20 4 15 4
4 9 35 34 4
44 55 4 23 35
56 13 56 23 24
12 49 45 1 26
18 47 6 19 21
24 45 57 32 32
14 38 57 57 41
44 55 25 49 22
43 55 12 9 40
5 15 16 32 59
22 29 34 14 56
6 28 34 43 10
36 23 47 54 7
46 24 51 1 8
23 48 58 6 36
3 20 55 39 2
11 8 45 28 21
3 44 43 6 27
36 13 20 51 29
50 5 23 31 7
28 18 39 47 47
13 3 17 36 17
56 58 31 45 8
58 19 17 48 16
20 15 4 58 1
15 27 37 41 50
3 55 19 1 33
23 7 16 16 27
26 1 14 24 3
34 57 18 22 22
16 37 44 6 57
32 31 18 36 39
12 49 29 53 18
23 5 60 3 3
50 30 55 21 15
39 10 16 48 44
47 54 53 58 18
12 42 7 56 35
9 33 59 25 10
48 27 34 35 7
48 55 44 11 34
28 21 51 8 22
11 52 41 24 48
39 30 18 53 19
23 12 40 25 41
32 17 4 39 2
40 25 4 6 32
8 49 1 57 25
35 59 15 58 31
15 11 29 45 38
25 50 11 12 44
57 45 4 29 11
41 53 32 59 17
56 16 14 47 38
6 47 54 8 52
46 16 59 18 54
52 6 8 42 3
44 60 46 36 30
42 47 33 24 5
44 11 42 15 24
24 19 24 6 12
12 13 36 25 41
43 31 35 55 51
26 12 55 52 47
26 52 31 15 45
56 17 57 30 21
23 7 19 34 13
51 1 35 24 22
8 46 34 28 36
24 21 34 39 60
27 16 34 24 40
24 4 29 13 55
30 28 27 2 59
31 46 43 25 34
37 56 12 8 24
46 55 42 35 51
35 52 19 46 1
38 49 4 39 44
50 38 22 6 49
38 35 42 16 48
23 7 17 23 14
32 30 28 38 56
11 17 50 6 32
54 52 20 22 37
53 51 56 10 29
60 24 12 20 27
8 22 53 34 12
30 46 32 40 13
18 30 4 43 26
23 41 55 42 46
5 32 40 60 32
15 47 52 19 52
48 54 29 42 54
45 22 20 31 49
3 16 28 24 37
30 51 41 26 47
54 7 56 1 49
11 22 8 55 60
58 48 52 21 4
26 14 48 55 38
53 26 30 5 23
47 31 53 60 17
6 56 46 19 16
10 7 41 19 16
20 44 24 60 47
29 29 54 44 25
54 18 56 35 39
37 27 55 28 13
1 33 20 16 6
52 28 50 9 33
22 45 36 25 5
42 48 13 31 1
53 29 57 43 30
23 13 23 42 47
42 25 58 9 2
38 13 7 59 19
12 41 40 2 55
39 38 57 57 13
15 18 7 57 11
33 43 5 24 12
8 59 38 24 53
41 7 33 46 24
20 16 36 56 17
60 13 39 14 21
40 21 30 1 37
40 44 53 24 55
13 54 4 3 17
3 51 3 53 55
40 43 12 1 57
49 41 7 31 1
11 41 38 38 5
18 59 59 2 29
39 16 57 21 29
2 52 25 46 49
1 43 27 9 43
12 8 22 41 53
14 29 42 26 5
39 13 11 1 52
30 27 60 40 16
37 31 28 56 5
14 59 8 9 47
34 55 29 45 53
37 25 40 52 53
28 46 60 20 28
41 39 26 14 29
57 48 10 31 42
9 46 31 38 43
59 45 37 20 48
56 9 46 20 13
47 49 24 54 20
30 52 2 22 41
40 28 19 14 30
23 2 20 19 58
39 32 52 13 49
57 20 26 18 36
43 32 8 20 10
21 47 39 7 54
44 52 4 51 60
52 37 46 24 26
53 16 17 41 25
1 33 14 14 8
28 2 49 41 53
5 25 9 30 3
39 50 22 16 50
53 24 30 13 8
26 56 12 6 9
11 58 6 38 50
47 35 22 5 58
28 53 49 29 29
57 32 20 13 53
25 5 22 25 38
10 30 15 25 20
59 57 6 18 60
45 57 49 47 43
59 46 13 55 37
18 11 8 24 36
24 24 14 35 3
28 59 2 53 20
21 19 46 11 34
27 45 59 32 45
17 50 57 38 43
8 25 50 23 21
17 51 17 42 43
52 21 48 60 32
9 2 53 55 46
28 17 31 5 35
25 52 3 42 11
19 59 21 40 10
13 53 15 44 10
6 5 20 31 47
59 22 29 53 10
20 55 50 37 27
23 44 16 7 18
26 18 6 47 13
14 29 26 54 16
9 26 24 8 43
27 35 41 54 45
31 22 4 51 28
47 28 10 50 32
38 36 57 32 56
29 43 49 53 41
27 6 5 47 26
13 43 55 29 20
25 50 43 32 18
29 55 60 43 18
60 30 5 13 13
55 8 21 51 29
9 13 43 48 33
18 4 60 6 55
29 53 57 7 11
27 59 51 41 56
53 44 51 46 46
6 36 58 60 8
6 22 32 47 25
7 18 59 32 16
4 48 58 58 26
24 12 37 57 43
15 26 43 26 60
55 56 19 43 31
3 51 59 28 20
43 24 31 28 18
10 14 35 57 43
19 4 12 53 17
27 27 10 33 51
56 17 41 10 2
53 47 37 16 19
10 40 48 58 9
51 47 36 51 5
32 5 57 5 43
54 54 5 24 36
39 54 40 42 5
16 18 11 26 52
29 39 17 49 31
58 56 58 2 40
6 7 40 40 41
30 22 48 27 59
43 53 30 15 25
43 38 50 10 27
26 49 33 3 8
24 22 54 27 17
55 34 58 18 44
32 40 43 52 58
13 45 15 33 8
3 21 45 5 9
42 23 4 48 50
36 43 12 8 53
27 38 7 1 49
60 49 8 34 21
41 57 42 27 54
35 13 47 21 22
23 5 41 51 46
49 16 50 54 10
29 26 41 8 31
14 34 22 9 40
45 33 21 29 43
31 32 41 57 29
58 50 18 30 21
51 53 44 51 26
44 9 19 19 23
45 37 13 59 47
41 32 12 42 59
10 25 33 13 35
48 50 40 4 18
9 53 21 58 11
46 1 49 55 10
50 31 30 26 49
23 44 13 9 22
7 56 2 1 42
22 55 32 49 24
28 55 56 35 20
8 34 22 46 27
16 50 33 25 8
24 56 7 27 60
24 42 18 37 53
60 15 45 56 20
14 42 35 9 32
27 53 13 45 17
27 35 15 29 20
58 11 1 23 36
49 15 27 35 2
15 11 13 31 56
24 7 55 10 7
43 29 34 2 48
30 35 55 35 22
34 20 20 35 2
23 42 49 54 40
58 23 38 51 11
13 56 10 18 39
49 58 41 54 20
48 2 10 58 39
2 11 46 14 49
1 54 26 15 33
33 18 26 40 43
52 41 15 9 22
29 8 9 13 11
42 43 57 29 53
13 11 6 19 49
33 2 28 1 31
42 33 52 7 10
60 54 49 10 56
8 40 39 49 35
16 40 22 58 14
21 49 58 41 60
40 27 56 5 8
55 30 52 5 14
59 14 13 11 42
9 4 14 31 17
38 36 49 33 57
11 22 45 35 47
9 51 10 51 50
14 57 20 47 39
15 47 45 30 11
51 10 40 56 52
28 16 18 32 16
35 31 47 44 19
53 45 34 54 28
33 4 3 40 40
32 44 36 5 59
4 56 36 26 33
59 25 19 3 42
52 24 9 60 47
16 19 36 30 23
28 40 2 41 36
50 38 25 51 35
29 43 56 25 30
47 60 4 29 53
17 32 32 27 52
39 8 23 1 51
24 50 48 13 1
5 42 45 20 21
2 11 35 36 38
18 36 7 50 2
45 45 5 31 44
28 51 39 38 31
18 35 21 42 5
45 28 26 29 35
59 29 41 7 13
21 5 45 26 60
26 21 52 4 6
3 43 11 13 32
6 40 3 26 8
46 31 4 29 6
50 24 28 29 33
55 52 9 48 58
23 7 23 52 7
38 26 36 55 1
2 43 19 18 29
40 54 37 41 28
29 7 15 56 24
29 41 60 2 52
40 22 27 56 24
27 25 17 59 59
4 23 42 47 11
36 39 8 46 31
5 16 22 28 44
40 58 29 10 52
19 9 16 51 52
9 39 5 36 23
20 34 11 5 34
38 39 14 4 26
28 15 37 55 6
41 48 39 44 45
50 39 13 5 34
35 21 15 24 60
48 49 26 47 3
45 44 40 38 16
52 34 57 20 50
10 31 41 26 18
51 33 11 9 50
43 9 10 52 19
24 47 22 5 38
60 28 7 23 1
30 5 13 42 29
10 41 10 2 27
33 25 47 15 54
44 15 43 14 4
18 53 25 24 21
2 25 54 19 50
5 48 38 57 51
6 22 51 17 19
35 43 18 9 32
3 52 40 26 39
7 31 10 58 41
47 19 5 5 36
8 17 11 56 15
56 58 34 6 19
46 31 10 20 1
33 32 27 15 33
59 58 31 55 3
58 1 25 52 16
54 47 14 43 17
57 11 20 2 10
60 24 3 14 57
13 24 27 31 3
4 31 51 26 24
30 47 39 38 42
11 20 50 39 57
50 11 29 48 10
27 36 47 17 21
50 47 20 30 47
12 3 43 7 31
24 15 41 23 44
29 51 44 59 24
50 43 44 10 52
26 19 26 49 50
60 50 27 9 6
30 54 5 53 46
58 40 54 21 13
35 8 53 35 22
52 51 56 49 51
18 25 14 28 19
46 25 59 41 56
25 59 35 42 7
38 4 14 25 60
19 6 60 4 24
20 12 30 31 38
13 29 11 51 38
13 14 42 35 8
55 41 52 36 54
59 47 19 41 41
14 8 30 50 20
51 54 19 29 33
10 35 38 16 19
9 26 2 45 22
21 3 13 20 13
59 16 59 18 55
15 21 17 10 55
3 39 2 59 19
25 28 14 12 2
46 4 25 38 27
37 35 22 41 7
2 45 8 17 14
47 28 23 35 39
32 22 21 10 13
21 49 46 53 47
42 51 14 59 2
16 32 1 7 31
35 60 45 52 9
17 25 2 49 24
16 50 10 8 47
25 1 57 59 41
7 16 53 59 26
6 17 44 47 47
6 55 43 50 40
56 9 12 39 60
23 30 55 37 34
44 11 18 32 56
24 30 18 57 9
33 13 50 44 52
32 53 46 53 47
42 22 17 17 25
32 44 51 11 51
43 24 28 54 3
56 8 31 33 21
46 22 7 48 56
34 60 10 30 22
48 23 11 9 57
8 15 17 56 24
41 17 33 53 19
49 4 35 51 46
41 55 27 10 21
43 44 24 48 29
54 40 54 50 14
16 43 33 29 19
45 20 14 31 29
42 9 54 53 11
39 34 46 49 7
12 52 60 52 22
60 31 33 5 27
38 14 8 48 29
13 18 36 26 11
34 10 36 33 44
29 20 25 11 34
9 42 2 15 54
13 17 53 44 23
47 50 48 7 24
10 48 10 30 19
36 23 33 5 28
7 38 53 38 12
53 1 14 13 46
29 25 18 40 23
16 21 46 32 45
44 60 43 12 37
41 7 13 41 38
47 52 51 58 18
52 16 7 22 52
16 14 28 38 21
43 58 30 16 52
23 7 2 30 29
30 4 23 29 54
13 41 18 58 9
36 37 54 5 41
