3000 10
22 18 27 13 1 19 58 26 43 53
23 60 17 51 51 30 51 31 48 38
6 22 54 27 8 3 25 23 51 10
17 2 12 17 32 41 29 31 37 21
19 59 7 24 42 10 4 58 21 3
59 40 38 35 36 35 55 23 59 38
33 45 39 7 2 20 6 24 33 54
54 44 21 23 27 33 46 31 47 50
30 16 11 5 3 20 5 26 16 45
22 35 14 53 31 15 29 11 53 32
49 56 52 58 48 51 6 51 3 45
18 49 53 21 32 19 47 20 5 29
56 52 41 50 17 58 46 9 40 57
48 2 14 41 37 3 59 50 29 55
40 24 39 58 54 29 4 41 7 57
19 12 11 18 19 59 13 16 55 6
53 59 51 25 5 26 42 14 11 13
58 24 31 38 41 53 52 10 57 33
10 1 29 28 40 46 12 31 17 3
6 46 16 59 8 42 42 38 25 48
28 37 8 9 22 9 58 26 1 40
10 14 25 47 5 49 33 21 28 48
44 39 52 55 48 5 17 18 6 52
12 11 39 24 2 2 37 24 39 41
37 29 23 10 15 29 40 45 46 41
5 49 26 52 23 42 20 20 38 36
30 20 33 10 12 34 58 45 10 38
48 48 20 13 43 41 40 59 31 42
2 31 8 23 14 29 53 54 30 58
5 18 31 1 48 23 6 39 12 28
15 38 58 6 54 27 42 23 13 29
17 31 1 58 5 2 30 52 29 24
24 13 20 54 52 11 26 46 3 51
41 55 15 1 45 33 25 37 21 45
4 11 36 4 30 31 56 55 57 53
25 11 27 18 42 25 4 6 41 27
17 21 55 41 21 57 45 19 14 1
51 16 36 54 12 36 58 15 28 37
45 52 18 46 39 52 32 33 38 45
47 54 7 39 32 41 55 25 12 34
16 41 44 6 14 31 56 8 59 7
56 20 15 40 58 51 38 3 9 56
3 28 1 56 3 15 16 35 24 11
19 10 58 5 16 16 42 11 45 21
25 36 32 4 21 36 32 19 1 47
4 34 33 3 45 46 29 40 41 31
13 12 57 8 4 28 38 9 2 11
38 57 51 23 34 31 23 50 36 21
12 55 12 10 47 20 22 58 52 30
33 49 3 39 45 23 40 18 56 4
5 8 20 8 29 56 25 15 49 26
34 22 11 17 27 47 34 14 46 10
29 34 36 26 49 3 40 22 11 49
40 11 25 48 45 19 22 12 32 5
58 7 9 34 9 26 55 5 58 5
57 33 25 9 45 21 13 34 21 41
46 22 25 39 30 37 13 23 21 18
11 44 10 3 54 24 53 32 42 57
11 52 20 46 2 13 10 58 28 14
14 27 20 44 1 18 52 54 46 23
42 24 49 18 24 22 47 53 19 23
53 29 27 59 14 60 59 51 51 39
44 26 45 8 22 54 23 26 51 46
17 39 29 46 47 60 46 50 4 15
56 6 4 55 45 57 51 20 46 11
9 17 59 32 23 6 7 22 58 3
37 48 22 8 22 50 52 51 11 25
32 45 53 7 2 8 40 6 44 53
34 4 13 36 24 7 4 58 9 29
11 41 49 26 6 57 23 33 2 8
8 42 12 1 31 3 44 34 33 17
40 11 25 5 17 14 48 8 36 29
53 6 51 52 50 7 32 57 5 28
15 30 16 59 25 15 3 8 8 28
20 10 19 10 2 25 35 32 9 13
48 49 22 5 36 49 14 34 1 16
29 32 3 19 11 7 45 52 51 40
39 22 7 25 31 15 13 17 41 43
1 13 26 30 27 28 56 3 42 52
17 26 5 4 44 60 26 51 6 42
48 59 55 35 55 30 20 41 32 16
15 49 48 52 9 32 11 57 46 24
18 52 10 54 27 46 38 19 4 10
35 27 44 8 21 23 39 20 28 21
26 43 47 12 6 35 12 37 57 10
38 21 9 38 15 46 14 23 17 26
2 27 23 50 15 9 45 10 47 7
45 55 33 20 16 47 17 4 35 45
59 54 6 18 1 59 34 16 14 35
55 58 17 26 44 36 47 32 45 29
31 29 36 48 27 20 8 16 51 9
4 31 15 12 19 35 57 55 3 16
19 22 2 42 56 32 51 31 34 47
50 38 40 51 55 50 51 1 27 2
23 21 39 50 37 14 33 15 1 12
6 42 39 37 29 54 31 19 47 15
39 16 50 15 50 36 24 11 12 49
20 12 4 29 43 42 7 12 45 27
47 33 46 60 24 37 53 27 44 9
10 11 48 15 32 18 20 48 41 9
41 36 3 43 46 9 33 16 14 15
37 47 42 26 35 41 1 47 25 31
38 33 30 31 29 37 53 28 46 53
32 15 42 24 50 45 39 2 50 59
14 54 34 17 40 3 21 38 26 12
19 2 7 27 41 11 41 36 13 24
13 13 6 42 5 18 36 18 47 15
8 25 20 48 23 49 15 56 18 6
4 47 49 8 29 49 21 46 34 50
27 34 59 5 4 49 56 15 53 16
14 16 22 18 51 10 58 1 54 37
28 30 2 45 14 57 38 20 33 1
40 28 48 44 55 58 37 3 43 22
60 45 55 31 19 20 18 48 38 39
52 55 39 10 49 19 45 22 25 17
54 33 50 32 48 44 35 11 53 5
39 1 44 38 53 40 45 16 14 23
46 21 9 52 16 13 40 20 58 25
9 53 2 31 21 19 50 41 10 27
25 41 3 60 26 14 40 49 8 8
25 57 24 12 6 3 6 18 12 56
10 15 7 4 16 31 36 37 34 59
32 37 50 9 60 54 36 34 54 26
1 10 49 5 15 38 34 44 9 19
58 34 24 38 37 10 43 48 58 45
8 8 9 45 38 60 22 43 36 59
16 9 16 24 11 58 60 10 33 36
29 50 35 32 32 18 5 56 42 41
58 38 36 37 53 16 27 9 40 47
54 10 20 28 43 47 43 37 9 10
55 60 45 23 35 13 33 19 14 9
23 32 37 53 35 3 28 4 35 18
57 11 33 56 16 46 39 25 38 7
60 13 58 15 35 33 58 48 51 32
9 53 13 51 30 20 41 5 32 37
52 41 44 59 46 30 9 23 38 46
43 44 56 60 17 39 27 11 16 44
6 48 38 22 6 21 14 37 47 49
34 12 28 28 30 4 8 54 45 45
43 44 56 33 10 52 1 8 2 2
34 8 4 58 48 60 45 16 46 25
41 26 49 2 45 46 58 60 27 16
18 45 21 58 28 51 15 12 57 22
28 3 35 47 22 29 10 60 48 19
50 5 60 25 30 54 49 47 41 32
41 12 12 1 18 58 30 16 33 1
27 50 40 46 34 57 54 4 33 59
30 35 26 39 53 43 28 59 39 36
13 15 19 40 48 19 22 43 21 56
41 35 55 40 45 13 59 44 55 23
42 11 4 60 31 34 4 44 3 41
38 46 10 27 47 46 55 7 20 11
9 37 39 25 47 4 53 46 32 7
20 13 29 29 16 41 54 1 13 32
16 49 10 56 17 10 45 15 60 11
4 45 55 48 50 38 8 39 23 40
40 36 33 9 54 25 22 12 2 28
12 10 52 45 55 19 27 31 43 29
33 7 36 1 25 51 51 39 23 28
49 29 8 30 39 34 36 6 30 47
53 37 46 51 48 3 5 13 38 41
33 27 60 2 55 18 18 45 50 39
50 53 35 46 50 40 29 33 46 28
19 7 12 60 9 42 13 5 11 12
40 38 12 36 9 59 28 1 41 27
35 5 39 47 16 40 21 40 1 51
25 4 9 9 51 53 10 27 34 45
18 31 11 2 37 27 45 15 48 42
25 17 2 44 5 42 25 15 33 15
19 2 5 30 36 3 13 55 53 54
10 44 41 54 58 55 57 28 28 26
31 37 16 1 46 37 17 60 25 47
35 54 18 22 60 35 51 41 17 57
38 32 45 30 26 40 28 31 46 17
58 47 9 30 29 55 50 35 33 41
33 55 40 30 55 58 5 28 22 2
54 5 29 59 20 40 45 14 33 44
1 18 28 22 43 15 6 52 57 37
48 31 56 8 56 29 34 6 35 37
23 52 49 11 2 50 29 24 6 55
34 18 10 1 6 16 24 43 25 10
1 39 2 25 50 2 24 46 38 28
47 35 59 7 11 3 40 40 38 10
3 18 15 7 38 29 12 12 26 4
35 16 38 48 56 58 10 33 10 11
16 47 22 49 30 11 35 6 19 47
46 18 8 51 7 29 23 14 42 51
50 31 20 2 13 57 12 16 6 41
36 49 4 4 44 33 27 25 14 48
34 8 28 25 25 20 31 59 24 29
17 8 38 2 12 52 24 45 20 19
55 25 56 12 46 1 21 19 3 17
17 39 4 9 12 44 52 29 32 15
58 13 51 3 56 54 42 33 50 12
18 30 33 57 60 17 17 29 48 37
25 46 41 49 20 59 49 58 36 40
48 28 12 28 56 32 8 37 41 6
46 14 35 46 36 28 4 15 39 26
33 46 10 20 10 6 54 1 37 1
57 32 4 52 5 37 41 33 23 59
24 31 31 1 6 31 47 37 2 39
13 42 15 19 12 39 42 10 56 1
11 50 6 26 54 23 31 58 52 58
59 16 53 39 2 45 27 51 54 25
26 25 55 37 13 56 3 59 58 31
56 9 35 27 56 17 24 46 23 5
11 31 20 24 36 59 2 9 39 16
37 26 45 27 57 11 60 47 34 32
14 30 43 18 56 35 21 7 29 27
47 57 42 39 20 20 40 55 48 24
33 10 40 54 56 9 3 41 31 23
14 55 36 44 9 59 3 34 50 53
59 30 42 57 6 1 49 39 35 41
8 46 53 4 34 56 1 49 35 10
21 40 37 3 37 52 50 29 13 12
40 16 8 20 38 20 9 33 29 43
48 52 39 4 51 60 26 46 60 6
19 30 11 49 3 35 17 3 30 52
6 5 35 55 31 23 40 29 17 50
52 42 50 49 7 56 54 49 43 13
3 34 40 59 8 10 54 8 4 26
44 27 41 50 43 2 12 54 33 11
18 53 48 10 41 37 28 27 19 17
60 45 33 10 50 31 29 59 53 20
56 59 46 37 51 11 8 44 52 44
19 11 40 47 60 38 46 49 41 5
11 35 48 40 49 16 18 46 38 13
3 4 28 9 23 34 60 25 2 34
44 1 45 24 1 33 47 46 12 45
45 12 37 30 56 8 52 33 24 54
16 60 29 15 59 51 11 32 18 27
46 59 9 4 53 39 17 46 50 18
26 31 39 34 17 5 54 52 40 38
9 41 8 41 36 18 1 44 49 17
6 41 12 29 4 4 29 15 45 6
36 51 39 42 51 53 58 59 27 58
51 45 19 8 41 16 35 17 43 21
30 43 29 29 5 34 51 11 28 9
38 53 40 30 57 9 19 40 17 38
14 13 50 40 60 38 34 31 14 39
36 1 2 15 26 14 11 18 60 57
46 23 25 6 44 2 41 27 2 8
5 29 19 14 10 8 38 31 13 9
3 43 7 30 45 35 42 46 10 35
54 56 54 26 29 2 39 7 58 22
31 16 52 16 49 10 16 38 52 32
24 37 44 15 37 58 12 45 21 42
26 35 47 25 48 14 44 16 20 40
56 39 27 8 10 35 5 3 56 7
10 43 28 59 28 28 29 20 42 4
59 31 30 2 30 16 18 29 53 43
3 36 37 11 44 7 27 7 3 60
41 1 35 49 51 42 56 20 27 49
50 14 33 53 25 42 1 4 3 31
34 16 51 43 35 39 13 41 54 15
42 1 52 11 6 16 3 56 54 45
1 44 11 52 18 29 12 46 54 7
8 16 13 24 45 18 51 59 2 23
32 56 59 1 47 11 13 44 32 30
28 19 12 59 44 10 36 50 23 2
15 7 7 1 30 17 51 2 23 27
3 9 4 18 56 51 20 22 17 58
28 2 24 20 54 38 26 20 2 41
50 18 35 24 58 24 10 56 2 5
57 37 57 8 39 22 23 56 28 9
53 1 43 37 41 10 22 3 41 33
45 53 3 8 46 25 3 41 14 54
46 27 54 37 53 30 11 7 15 24
45 47 60 30 50 19 57 14 38 29
54 38 43 59 36 51 27 59 10 35
2 53 58 48 60 55 41 17 53 47
39 11 30 13 19 1 33 14 15 26
2 25 23 42 45 21 25 56 23 29
60 58 22 46 52 53 57 58 19 39
60 57 40 8 51 9 11 9 24 54
52 33 46 59 12 58 57 50 30 47
35 60 12 13 20 44 60 25 3 26
50 59 32 13 31 46 53 59 9 3
16 27 60 20 41 7 37 29 11 6
13 28 12 51 43 42 27 5 10 21
11 60 55 22 22 4 23 5 51 4
52 57 59 22 18 33 33 6 52 38
42 43 60 53 33 42 22 2 11 26
22 11 7 47 44 37 54 51 55 30
37 16 54 47 31 59 38 28 14 7
21 16 40 3 24 44 40 36 43 21
31 6 6 23 31 41 40 32 48 5
17 14 11 43 37 6 9 29 48 49
27 36 44 21 15 2 11 14 9 20
40 48 17 1 18 4 28 1 14 55
15 46 44 14 59 26 40 41 31 56
53 11 17 21 30 11 5 53 32 4
23 43 59 10 55 37 43 50 48 52
12 47 16 29 28 11 10 13 56 26
36 41 37 50 7 60 24 23 11 27
31 42 46 56 9 32 13 4 2 28
17 46 34 45 1 43 1 19 3 24
9 21 46 49 60 10 48 59 4 22
25 51 12 42 1 18 46 30 57 12
43 8 13 25 54 56 33 44 20 16
26 40 41 11 38 3 19 27 16 25
33 52 48 49 39 50 31 44 52 46
60 28 58 30 60 17 59 33 12 19
7 24 14 3 19 33 43 60 8 18
14 15 35 27 22 38 8 54 58 33
60 28 29 51 55 42 30 15 19 4
14 25 41 58 4 14 58 41 19 51
12 41 56 52 3 28 26 55 35 58
10 30 34 8 18 17 26 9 10 50
43 43 41 1 54 20 54 9 19 52
56 42 13 20 22 31 40 16 30 32
37 50 10 7 17 44 16 30 60 52
8 25 25 33 34 3 22 11 59 49
21 9 25 13 13 53 42 34 2 57
22 6 47 56 19 10 58 29 47 36
33 37 36 54 56 42 26 27 1 53
8 48 3 44 45 45 14 48 41 38
10 6 23 3 4 45 11 2 36 35
3 20 58 58 2 59 40 11 59 31
40 2 43 14 47 49 59 29 30 25
25 50 60 29 30 5 9 45 56 47
23 49 42 6 34 47 41 14 40 5
52 31 47 38 47 48 6 12 43 52
50 45 25 25 5 45 19 59 21 46
27 26 49 52 54 45 38 1 60 18
46 15 16 30 19 22 27 52 40 17
56 13 36 19 50 51 35 46 45 17
7 15 37 34 21 41 24 26 60 45
52 42 19 13 5 47 42 21 19 25
40 59 54 24 15 13 20 30 10 19
53 32 15 28 17 2 52 58 15 38
41 35 20 46 50 36 52 10 14 17
51 13 42 36 21 56 53 11 38 16
59 58 15 11 22 4 8 38 12 40
19 48 44 44 52 50 30 16 48 8
23 14 44 7 30 37 14 40 9 16
36 43 52 38 57 33 44 30 5 41
6 14 5 22 54 27 25 23 37 20
19 55 22 44 58 50 50 31 50 5
4 55 48 44 16 19 17 48 33 16
17 29 46 19 2 54 56 10 25 12
21 33 51 24 59 46 49 12 10 11
4 19 11 44 12 5 29 33 8 53
33 36 7 6 27 60 53 41 22 52
4 45 48 43 30 56 41 51 3 47
43 45 33 37 17 36 33 41 24 31
59 40 30 21 51 50 2 9 32 59
57 35 20 40 15 29 48 26 19 35
55 37 35 29 26 47 18 5 35 47
58 57 49 34 7 7 16 58 43 56
37 18 47 15 20 39 54 47 24 11
24 22 42 45 1 4 9 35 7 7
15 55 55 5 1 1 10 49 54 24
41 6 40 58 30 57 11 47 2 18
50 16 45 41 10 51 2 49 36 39
10 15 13 37 59 36 43 12 50 25
42 47 50 13 7 27 27 35 42 15
1 57 36 39 17 23 5 18 24 50
51 55 52 1 6 44 49 8 1 38
58 13 17 4 43 30 32 31 19 43
10 47 39 60 58 54 14 28 14 27
47 8 32 24 12 43 30 28 36 7
24 15 22 26 58 17 43 58 5 40
31 20 47 9 9 51 47 9 41 12
6 51 39 31 38 10 27 22 33 17
10 45 57 53 28 40 48 17 51 49
54 44 27 40 34 17 27 11 40 4
16 13 44 35 57 44 9 46 25 45
14 58 33 39 55 22 11 40 58 44
12 20 41 10 17 13 3 56 33 24
17 44 13 59 20 12 7 31 20 10
20 33 60 7 20 48 18 60 46 26
8 6 35 58 22 55 6 47 59 46
10 47 9 38 27 17 52 50 16 28
52 56 34 41 15 16 58 45 49 14
53 7 35 4 6 16 36 18 12 29
58 28 29 27 6 31 24 9 5 42
58 30 43 52 55 53 13 25 43 25
8 43 27 48 29 34 3 60 54 17
31 12 26 35 54 53 4 31 46 40
50 32 21 24 11 60 15 60 41 48
18 31 24 49 7 3 45 12 2 42
51 59 38 14 44 12 54 35 6 53
17 41 14 29 17 38 4 32 15 48
38 59 31 46 44 25 52 14 55 36
31 50 44 27 23 11 30 20 23 43
26 40 36 2 41 56 59 10 45 54
28 56 31 52 32 14 6 21 37 22
21 58 28 43 50 30 55 51 36 27
25 31 58 16 49 48 24 17 44 37
31 9 33 3 31 9 41 50 8 34
26 51 20 19 37 5 55 28 12 19
10 53 48 46 44 46 24 45 48 8
20 14 12 35 8 35 48 30 57 24
17 36 31 14 27 58 9 59 44 10
30 49 40 52 37 2 1 4 10 56
28 14 55 37 17 15 35 32 41 35
34 49 40 55 21 42 10 48 50 42
53 52 1 59 17 46 3 44 25 1
19 40 35 45 29 31 44 22 44 59
51 46 3 56 49 36 59 30 18 11
56 52 4 44 17 15 29 4 16 43
10 4 57 8 3 17 16 25 59 23
21 60 33 50 57 9 59 25 30 50
37 10 56 43 2 26 32 16 12 40
53 55 2 49 7 56 41 35 49 31
5 33 19 43 15 9 43 6 44 56
19 1 8 8 57 34 45 7 41 20
60 58 53 41 53 52 45 12 18 50
17 24 20 5 48 33 54 29 32 21
4 59 35 19 24 22 2 44 50 12
55 44 14 55 51 42 19 59 36 11
15 54 16 25 22 17 15 6 45 14
27 50 17 46 14 21 12 28 29 13
23 16 17 33 18 41 41 5 6 39
37 14 45 30 25 11 32 10 48 10
25 15 11 45 58 18 3 6 5 36
41 15 46 30 1 48 41 27 32 35
56 58 25 45 10 14 11 13 5 10
29 16 58 34 34 30 59 37 43 16
2 28 53 19 31 39 15 24 29 53
43 16 48 2 20 10 56 17 7 19
34 33 14 22 11 55 58 26 59 40
31 47 56 3 50 21 30 17 35 58
13 55 35 34 46 39 33 12 15 2
30 29 13 7 11 39 34 16 55 46
47 44 55 36 6 51 49 28 7 46
35 29 37 24 34 16 41 32 26 26
11 49 43 1 10 38 55 26 56 46
52 60 11 32 16 54 32 20 25 46
25 5 53 42 16 56 33 6 57 44
4 43 55 17 56 1 1 16 27 45
25 36 44 41 50 17 40 12 22 53
35 5 4 60 56 4 35 9 22 28
27 2 34 38 48 34 45 26 4 60
3 14 59 50 45 2 47 2 4 41
32 33 34 46 38 38 5 38 56 24
60 4 15 37 5 15 37 57 57 57
42 45 7 1 27 33 11 12 19 36
27 39 5 5 21 11 2 9 8 45
32 7 12 53 11 13 19 19 28 25
59 14 43 16 59 17 44 53 21 43
32 26 27 18 40 21 60 31 43 32
24 59 5 23 56 10 26 8 19 38
5 37 33 26 3 23 30 60 10 31
27 24 2 27 16 60 48 36 48 26
25 57 52 36 21 52 6 5 16 49
8 6 6 48 34 41 24 58 41 22
16 53 35 49 31 52 31 52 41 45
49 20 42 52 4 36 13 19 57 38
4 60 47 43 33 22 45 18 45 51
5 16 16 24 31 22 41 14 58 14
42 5 6 3 57 24 35 31 28 29
1 39 48 12 31 21 11 39 14 27
52 17 19 30 54 55 44 33 16 35
9 41 15 41 47 57 14 1 16 6
18 47 43 9 16 19 44 7 10 12
49 19 27 35 25 60 28 32 53 17
52 37 15 34 7 37 49 1 44 22
47 56 6 29 13 31 34 7 50 3
28 37 35 39 34 58 45 23 35 16
11 48 22 28 18 40 47 7 3 56
25 19 55 55 58 16 46 4 41 32
10 58 6 25 15 24 52 33 52 46
45 18 50 6 36 51 33 1 31 32
24 7 29 18 14 53 7 22 42 48
7 15 27 54 58 54 39 53 53 10
55 1 14 34 5 19 29 9 16 29
42 52 20 31 36 56 25 5 36 42
20 15 13 17 28 27 17 38 5 47
22 28 17 4 37 17 30 21 42 24
39 20 3 39 8 44 17 26 52 19
9 30 9 31 47 24 33 41 11 1
5 54 15 54 28 16 18 11 48 17
50 13 36 26 1 30 57 33 15 51
28 20 1 33 35 30 46 14 25 44
20 47 4 12 37 35 40 21 24 52
19 39 19 1 20 16 4 49 55 45
44 36 40 38 43 40 20 36 10 58
35 26 33 3 57 8 2 20 32 41
5 18 21 13 42 15 41 34 22 52
15 53 22 16 60 17 11 29 15 23
7 5 18 42 30 39 41 54 34 24
3 15 42 56 13 29 7 4 26 12
35 15 41 19 55 24 13 28 17 25
26 14 23 15 54 41 13 34 23 38
11 27 54 20 7 30 46 47 26 21
16 1 19 19 21 42 8 16 28 38
36 42 58 59 56 45 49 14 45 19
35 32 23 47 11 47 1 16 36 44
33 8 7 1 38 33 36 37 38 27
29 49 24 29 25 41 36 34 15 48
39 55 36 44 6 47 34 13 14 45
11 16 54 51 47 34 42 49 58 47
23 18 3 19 30 25 47 1 9 39
39 49 32 13 42 42 10 3 19 58
48 40 48 21 28 5 54 39 1 58
4 45 52 41 44 53 29 49 53 56
30 20 28 29 40 30 5 22 31 53
57 1 23 43 59 6 3 38 28 17
32 17 27 45 17 16 28 8 19 14
16 57 32 21 42 28 57 12 28 30
44 46 19 40 31 41 33 7 22 57
49 60 59 8 1 33 27 35 56 5
49 47 6 42 43 57 45 39 44 22
19 7 58 46 41 60 8 28 17 7
35 39 34 36 57 39 53 27 30 8
13 13 47 13 59 10 19 58 53 43
9 43 11 44 39 19 46 48 6 32
20 41 49 10 3 22 21 15 25 16
25 56 22 58 7 39 19 30 17 8
37 59 31 15 11 32 13 32 18 40
15 5 10 7 6 10 22 41 15 46
19 26 27 56 30 3 41 20 6 20
51 1 14 46 35 23 45 1 8 32
10 26 48 4 51 39 4 60 50 21
58 43 55 27 52 7 39 41 12 9
52 42 30 47 42 35 5 30 38 26
15 15 11 48 10 4 25 34 34 23
4 14 41 15 28 16 41 22 5 45
20 9 19 38 28 11 11 18 54 30
28 4 26 11 31 49 16 58 24 60
14 15 16 31 19 41 48 7 21 7
23 53 30 21 50 31 27 46 53 15
47 60 58 44 36 11 9 55 33 20
9 25 41 10 2 60 7 11 33 24
25 16 12 6 16 37 51 2 15 48
11 14 60 49 17 13 32 48 28 22
25 45 15 41 20 29 9 30 38 31
31 1 6 49 6 11 44 17 3 57
41 23 45 1 31 47 42 36 40 22
54 28 58 24 9 53 21 17 54 21
45 28 21 23 41 45 3 37 24 4
50 8 47 22 1 53 8 10 42 2
51 16 9 10 12 52 4 29 16 18
54 53 21 6 57 31 18 7 36 33
47 36 51 46 59 28 21 14 6 3
48 39 41 10 18 3 59 16 45 29
18 2 34 38 57 59 33 30 26 32
16 8 19 33 26 16 40 40 57 47
49 54 49 58 28 9 36 21 6 25
23 3 7 18 45 58 58 57 18 47
7 13 41 25 23 54 17 53 54 5
23 55 36 4 59 14 43 25 28 15
52 16 6 25 51 34 35 55 29 31
31 43 31 56 13 16 32 49 10 59
27 43 39 39 44 19 42 44 31 26
47 8 34 59 30 24 19 20 16 6
30 47 1 30 52 59 26 13 6 26
13 26 53 10 22 12 51 38 22 37
2 16 44 55 41 59 13 14 55 11
54 28 32 21 7 4 49 58 23 53
38 52 53 7 25 39 60 27 8 13
23 1 42 46 45 30 16 2 34 54
25 8 31 35 22 10 26 58 52 55
2 5 60 60 59 48 44 29 22 30
60 46 44 48 44 24 15 49 51 53
15 7 1 34 57 43 23 46 52 17
22 12 13 16 12 13 48 38 18 25
24 9 24 7 50 53 8 46 11 35
29 41 48 12 10 38 6 21 48 41
59 55 26 48 13 45 28 10 27 26
54 51 5 34 10 42 32 32 29 18
23 44 19 34 35 38 53 32 20 1
7 37 39 18 51 42 33 49 48 29
27 57 9 4 29 34 25 22 41 14
36 17 42 5 19 48 34 4 49 35
40 2 40 33 3 53 1 32 44 5
38 58 20 24 37 60 36 29 4 5
4 10 5 47 3 47 51 34 57 37
15 55 1 52 55 55 34 45 60 18
4 32 37 53 13 55 19 3 19 56
31 45 24 11 11 50 23 48 5 52
23 46 52 4 22 9 32 53 56 24
32 31 47 49 32 18 32 18 37 3
38 57 10 55 21 50 45 3 18 27
19 35 20 21 13 34 6 41 14 52
45 16 25 35 33 50 14 23 38 51
1 9 33 30 7 29 36 18 39 23
57 50 35 54 38 45 12 19 13 34
46 5 15 17 36 33 59 34 1 9
15 58 45 35 38 49 3 47 41 58
54 6 44 4 12 42 39 48 55 53
18 18 3 25 17 7 60 23 28 46
3 50 23 30 57 38 50 49 47 36
25 4 19 16 17 25 14 28 37 23
30 4 19 24 17 58 43 39 4 11
39 60 4 36 55 13 4 10 58 22
38 32 19 35 44 47 39 24 58 50
35 53 54 51 38 7 43 15 11 54
34 23 50 58 40 59 31 39 39 48
21 17 37 13 45 12 6 8 27 25
4 17 43 5 32 36 36 56 53 37
53 6 58 5 14 34 7 45 37 25
45 7 29 9 21 11 55 10 23 14
45 13 37 9 34 7 37 51 47 16
47 5 36 38 41 7 43 23 39 56
41 37 16 7 19 21 53 8 26 3
9 45 12 57 9 41 32 8 23 55
36 20 43 59 46 46 56 14 31 51
38 34 57 44 4 33 50 32 39 55
32 9 7 41 46 35 21 7 28 22
21 17 36 47 42 38 47 21 41 27
16 3 30 38 32 10 49 1 33 54
57 14 16 43 33 10 11 30 25 28
31 20 33 32 42 21 55 21 54 21
19 37 56 34 27 10 59 10 60 5
14 34 29 25 5 37 14 22 33 7
32 57 49 20 14 6 60 42 4 36
38 7 14 57 42 44 22 50 42 30
14 56 56 32 4 12 39 18 43 46
31 18 17 13 42 4 41 30 10 20
43 56 13 4 33 29 8 49 36 45
16 9 31 27 40 46 9 13 21 35
6 6 58 54 50 31 31 36 53 1
32 26 4 57 39 46 27 15 33 37
55 41 3 15 23 40 25 56 38 33
33 52 6 50 25 39 20 39 55 23
24 14 59 33 60 50 37 2 24 55
29 19 41 51 21 4 42 34 27 8
32 29 46 57 3 50 46 42 14 14
50 7 53 16 43 52 7 52 55 59
58 37 2 27 14 37 48 29 43 25
6 24 59 14 16 41 2 49 11 34
39 4 2 20 44 2 51 9 28 26
2 17 14 3 53 40 41 53 13 21
15 21 49 6 32 32 27 32 59 57
7 46 32 4 2 25 56 27 49 23
31 33 15 40 24 31 11 43 6 8
56 8 33 19 45 19 28 41 13 14
39 4 29 16 30 10 32 57 58 60
8 8 7 52 5 1 42 49 22 36
14 41 24 20 53 28 35 28 54 12
3 31 16 44 45 46 30 21 41 7
4 33 35 21 38 19 21 8 52 6
52 10 15 48 36 19 20 12 10 15
25 2 51 4 11 17 17 57 11 6
11 13 14 6 44 58 11 15 31 46
28 51 58 17 34 11 51 53 8 19
18 55 27 40 51 43 39 23 28 18
3 3 3 19 41 10 46 36 41 23
31 7 29 30 44 51 32 52 59 31
11 9 8 56 51 35 45 58 44 37
7 9 31 31 24 36 32 17 8 13
54 15 39 42 27 45 46 18 47 35
35 23 6 15 41 25 12 43 56 2
32 38 50 55 20 47 9 14 14 21
2 8 16 21 8 16 30 53 26 12
38 29 10 17 31 29 33 42 32 22
2 51 2 5 37 18 23 48 22 40
58 38 28 31 42 41 23 27 22 45
20 58 55 10 20 25 60 17 9 45
49 21 56 45 14 7 54 51 55 52
51 32 55 8 53 31 28 50 50 16
46 49 52 31 50 24 6 50 3 31
48 57 55 47 3 39 26 58 57 28
1 24 45 32 10 33 19 24 41 17
45 44 26 59 37 7 60 32 34 13
1 2 22 32 28 34 1 40 45 20
33 19 52 19 25 59 45 31 42 31
27 49 49 13 36 3 37 15 48 38
13 16 49 4 12 1 60 34 1 38
42 47 53 45 54 36 40 13 5 31
16 43 38 17 59 25 41 42 3 12
1 42 6 44 50 57 14 25 49 56
35 6 31 46 55 20 37 13 20 46
42 7 29 38 53 30 44 7 8 22
36 14 40 4 42 10 45 42 36 40
22 8 47 21 28 58 31 7 19 25
24 33 10 34 57 48 13 60 25 46
50 44 6 41 28 29 41 11 11 25
24 18 44 17 59 54 31 17 17 35
17 59 15 24 6 8 43 46 42 20
51 20 14 17 5 40 45 50 24 37
51 19 59 11 20 22 53 10 51 29
3 58 31 34 23 54 32 45 23 53
32 34 46 59 13 21 10 52 7 8
15 44 21 26 28 39 48 54 35 23
34 2 6 13 17 10 25 30 60 25
52 32 7 54 53 20 59 59 22 29
29 55 19 15 3 35 43 21 22 59
54 12 49 53 17 25 27 46 3 27
31 1 2 42 58 47 38 3 2 44
19 6 41 57 39 30 58 4 28 7
57 33 20 43 1 36 6 23 45 23
39 12 13 32 21 2 53 10 36 11
4 1 50 41 18 31 29 52 31 13
29 43 18 40 47 35 40 39 1 33
10 59 43 60 20 47 18 20 33 51
19 49 43 40 57 46 56 54 33 6
28 40 33 17 39 14 9 21 43 53
56 13 9 15 39 19 33 26 17 9
22 7 13 35 36 20 15 49 43 20
29 38 1 59 27 15 29 10 57 34
50 45 6 30 13 11 5 29 7 10
48 47 2 58 59 46 29 12 32 31
51 9 49 19 56 60 40 22 57 24
4 34 6 2 13 24 36 55 8 38
23 40 29 3 11 9 57 14 24 53
33 20 28 43 58 42 33 59 39 47
32 30 28 13 50 60 24 49 29 5
55 48 3 16 18 22 57 26 10 27
34 36 35 44 21 51 23 6 7 2
53 6 11 20 56 28 25 35 54 13
10 49 17 25 58 49 30 45 37 5
47 10 42 29 34 50 43 36 19 39
30 14 11 50 27 59 22 49 20 48
58 47 8 24 37 18 5 33 20 47
10 38 40 7 32 52 43 13 20 46
58 44 35 39 43 33 37 39 14 3
50 45 56 22 14 15 33 44 9 8
51 30 14 17 36 53 33 8 32 33
46 33 19 24 46 29 49 23 56 19
1 50 12 58 20 2 16 41 52 49
23 42 43 9 14 9 11 58 48 35
21 2 55 1 13 41 13 1 25 34
59 43 26 51 40 18 18 40 55 19
42 55 28 45 17 13 54 35 38 21
1 15 36 41 13 48 60 15 33 37
29 1 36 41 23 51 38 42 34 28
47 3 20 54 31 18 46 39 57 45
51 23 47 47 21 22 25 55 23 21
44 10 24 45 18 32 4 34 4 54
8 58 41 33 49 5 6 9 27 50
14 57 37 17 40 26 12 16 19 1
33 47 50 21 55 34 19 14 1 47
20 43 45 15 12 57 53 59 35 16
22 3 20 54 50 51 39 50 24 39
60 54 9 10 57 18 41 33 2 19
29 53 35 54 54 55 33 7 8 10
53 36 59 26 55 41 55 37 29 23
1 38 7 4 11 16 59 37 13 20
26 13 27 52 21 36 42 2 46 1
34 17 4 28 55 29 17 25 39 56
15 50 47 56 15 5 4 9 51 11
44 1 1 11 56 24 23 28 14 35
46 20 22 33 23 31 49 42 30 24
12 3 31 39 32 53 40 40 31 37
54 38 1 9 51 13 22 53 23 15
16 52 48 7 12 23 50 36 33 6
26 24 46 33 24 37 40 28 20 29
26 21 44 3 3 37 32 1 1 52
18 50 2 45 24 57 7 25 4 44
19 22 59 46 6 29 31 33 12 32
41 53 8 29 36 23 41 56 5 31
10 45 23 6 11 36 26 11 41 54
55 47 50 1 25 12 41 59 13 11
52 48 42 57 58 45 43 38 44 29
34 25 56 33 46 50 42 49 55 48
39 18 30 3 7 26 24 24 6 28
17 13 49 20 40 38 21 27 35 41
30 1 19 12 48 7 57 36 18 50
10 5 44 2 17 21 48 17 26 29
55 43 16 35 18 13 15 7 35 51
20 9 36 14 22 46 58 8 20 1
39 19 33 60 40 39 46 26 17 38
49 39 25 24 20 18 14 1 49 19
13 40 11 16 20 52 22 36 23 24
14 56 7 22 32 13 10 34 55 27
5 37 1 12 5 38 11 20 48 59
41 24 51 57 58 38 29 49 11 29
18 35 48 47 22 25 20 30 42 58
2 16 32 6 12 21 37 39 3 18
6 46 46 25 54 15 26 21 47 44
30 5 22 34 50 60 36 24 11 9
38 45 52 24 41 45 7 19 30 32
27 3 32 39 5 49 10 58 37 54
53 36 26 47 11 49 14 20 24 28
32 33 9 47 10 31 21 22 45 29
20 24 57 53 28 45 19 1 1 36
37 19 57 45 48 51 35 53 47 9
58 11 15 6 58 17 6 3 53 26
58 3 5 34 21 52 45 28 28 52
2 34 11 45 42 19 2 50 34 41
13 9 56 53 5 12 26 29 36 27
56 26 29 59 23 40 7 53 40 39
32 23 22 23 38 52 49 21 55 3
50 22 22 52 41 42 13 19 44 35
32 10 2 3 22 27 19 29 52 8
47 31 44 38 30 52 52 43 58 28
36 58 17 3 36 12 8 25 22 1
24 4 57 52 46 38 39 21 41 51
6 44 19 60 47 13 47 49 27 33
14 27 36 54 57 44 8 6 11 42
18 28 6 23 57 22 32 49 28 60
18 8 9 56 60 38 27 14 9 56
25 4 13 47 57 54 42 50 55 19
19 59 21 55 48 28 42 30 46 36
24 60 25 43 35 54 35 57 6 34
3 2 38 5 19 4 29 58 40 19
26 43 2 36 52 24 58 9 6 12
29 10 27 56 16 20 57 56 56 8
22 51 33 23 6 52 2 26 5 31
32 20 56 57 11 51 54 8 1 24
21 52 23 20 54 22 20 28 23 51
52 16 16 10 27 42 29 49 24 53
58 41 15 39 49 18 54 59 19 52
51 59 10 13 31 17 18 9 25 30
14 33 54 24 42 8 16 44 29 51
53 57 13 56 18 36 47 45 22 39
28 51 32 33 20 10 15 24 25 59
22 23 10 37 34 39 21 22 56 50
60 12 26 41 5 26 20 20 14 28
44 12 53 13 37 22 44 20 8 27
47 14 28 43 43 18 39 44 27 33
4 5 52 40 21 12 58 18 24 34
49 53 56 6 58 55 25 15 33 15
42 17 29 57 9 51 21 42 34 22
9 59 14 36 1 13 3 42 15 35
13 36 53 14 36 38 32 32 45 53
46 21 6 46 19 31 54 44 52 23
24 22 28 24 33 20 29 34 35 20
39 57 29 10 58 4 47 11 30 49
12 14 26 11 27 34 43 57 47 46
30 1 55 48 34 12 7 10 47 39
10 48 26 31 24 53 20 48 37 8
5 35 44 3 29 39 5 23 49 17
30 7 18 40 6 48 44 9 49 42
54 60 24 34 48 48 57 17 12 11
30 26 47 8 21 45 34 34 46 8
25 48 17 30 53 23 38 58 22 49
41 37 4 50 7 42 29 14 36 56
22 20 22 52 7 41 34 22 13 25
56 30 39 10 49 12 30 24 16 47
43 42 44 60 56 6 3 34 59 18
13 36 42 39 17 39 58 43 44 19
18 3 2 15 27 21 55 48 27 50
6 59 24 50 50 37 22 55 32 22
38 26 21 25 58 59 11 6 12 54
5 21 34 27 23 60 36 52 23 59
45 35 60 37 55 47 30 28 17 33
40 27 25 21 30 6 34 33 48 3
52 60 23 37 3 34 40 4 40 5
49 2 35 27 27 1 21 21 9 18
2 53 20 21 42 19 56 51 12 11
34 18 36 29 49 6 25 34 20 53
10 28 6 29 47 55 19 48 32 25
33 29 37 3 47 56 12 49 39 23
2 33 60 16 44 57 28 9 7 6
54 38 29 4 13 51 3 59 27 44
9 51 55 20 20 35 50 57 11 9
41 36 35 4 11 11 23 44 41 58
19 35 47 42 20 40 18 52 6 1
54 58 57 10 55 42 19 1 17 3
54 58 21 1 58 51 41 33 5 39
51 34 1 48 12 43 33 47 46 50
45 43 19 36 32 47 26 24 40 45
12 29 36 48 26 8 37 15 13 19
43 37 59 9 2 41 29 25 11 28
16 45 26 15 7 29 6 9 4 53
15 39 41 5 11 24 38 34 18 41
10 39 18 16 36 53 10 19 52 46
16 3 9 23 5 43 41 37 7 36
14 18 43 48 36 9 30 4 16 13
7 59 3 26 2 28 47 59 7 3
39 1 36 8 2 11 7 5 52 31
41 13 57 37 46 41 19 18 51 52
58 36 18 21 7 7 46 13 26 27
19 52 23 35 54 60 34 60 50 14
8 27 54 28 35 42 39 21 22 25
9 23 53 24 44 15 25 30 24 23
5 38 40 41 58 51 23 18 22 12
38 53 30 23 37 54 44 55 39 38
50 3 55 19 29 49 54 32 35 13
6 18 40 23 60 45 36 32 54 8
5 35 41 12 4 32 20 54 8 17
36 46 60 56 36 45 41 4 53 37
4 5 57 32 13 20 18 20 43 37
52 27 36 2 40 51 47 16 8 40
40 59 53 1 7 7 55 46 10 36
41 59 45 38 56 42 35 46 47 11
24 37 59 37 53 51 43 13 42 11
48 20 38 57 36 4 18 28 57 35
10 45 50 9 15 29 54 3 23 6
22 44 31 32 48 27 9 26 28 15
22 18 24 52 54 50 19 54 44 18
28 36 1 19 3 7 46 35 21 10
55 60 38 22 9 35 45 58 11 46
17 40 58 38 3 19 34 56 22 14
42 35 52 6 49 1 42 22 13 41
17 56 49 43 24 33 1 40 56 52
12 56 4 50 57 14 15 26 42 10
15 1 19 53 30 34 21 55 43 37
13 45 22 28 26 32 48 26 60 37
27 12 4 25 21 21 33 50 19 39
31 9 45 22 9 1 10 9 26 7
53 20 26 18 45 6 7 51 42 48
44 7 11 50 47 25 46 18 10 30
52 21 45 14 30 10 12 17 47 33
16 32 37 45 43 3 1 27 1 35
4 7 12 11 21 33 50 54 55 59
33 25 17 9 14 1 35 16 50 9
41 33 38 17 47 20 23 14 46 57
14 38 3 15 45 32 25 27 18 49
35 31 22 32 55 36 53 13 49 54
21 39 5 40 12 44 31 19 6 16
3 15 10 39 7 52 51 45 12 8
10 19 40 14 14 39 60 29 52 7
55 23 38 29 29 20 15 38 35 10
33 29 39 39 56 30 57 47 5 24
25 60 24 1 18 46 30 31 42 36
30 58 43 55 14 1 19 40 26 4
29 19 28 11 49 34 18 25 46 55
2 28 21 46 36 27 31 44 20 49
57 51 11 43 32 26 49 29 1 4
36 7 1 1 53 1 24 54 35 59
8 50 43 37 37 23 2 35 31 29
42 50 34 44 43 33 51 13 22 32
48 14 37 3 21 59 4 49 20 3
3 25 25 47 9 17 20 32 23 8
43 52 46 47 45 45 28 10 25 54
13 53 26 46 54 53 7 25 37 35
19 45 29 25 52 3 40 3 34 44
40 36 30 18 20 40 54 1 43 8
28 23 54 7 20 49 33 32 20 10
37 41 32 24 59 45 5 14 18 57
18 39 23 55 52 35 46 59 49 8
46 31 40 38 41 15 10 3 18 21
11 13 57 18 28 54 27 54 1 51
21 31 17 9 28 16 44 24 43 55
39 33 47 8 37 22 35 7 40 33
59 50 38 44 48 20 50 53 29 8
27 42 25 10 16 42 42 52 51 30
53 34 19 43 20 17 17 53 45 60
57 39 57 34 55 40 8 36 14 6
1 13 31 32 56 6 7 29 41 29
23 9 52 24 16 51 44 59 51 20
60 4 20 49 49 36 2 36 41 58
2 23 56 26 46 24 2 49 7 54
26 59 21 16 59 40 29 46 58 30
12 54 3 38 22 17 37 45 53 5
17 34 14 33 37 43 13 55 35 16
52 23 60 43 45 57 40 45 10 22
43 56 30 22 51 37 17 10 38 7
30 26 1 24 8 58 40 12 7 36
15 36 44 54 32 42 52 25 30 15
35 31 40 28 5 6 38 49 6 26
5 29 18 46 23 6 22 26 28 39
33 5 1 60 3 5 21 43 22 10
48 48 9 45 47 56 12 51 26 42
42 15 23 36 43 26 32 16 31 35
47 19 29 53 40 19 33 50 9 13
60 46 17 12 38 52 43 8 33 52
9 19 42 51 50 39 54 43 48 60
6 31 55 30 44 10 15 14 10 37
39 60 53 14 11 50 31 14 9 52
21 40 45 20 28 59 27 1 19 7
25 60 13 19 12 54 53 27 20 39
2 4 16 14 13 46 3 45 33 54
60 58 38 43 36 14 56 15 18 30
40 33 38 8 1 27 25 39 28 25
25 9 46 53 14 52 32 56 25 18
50 30 11 12 12 39 55 3 55 28
29 6 3 43 58 33 54 29 32 43
58 10 37 48 12 18 11 19 18 23
15 24 5 41 26 32 29 57 52 28
52 11 29 45 4 8 29 26 27 18
37 8 52 20 33 55 28 52 59 39
36 21 52 3 34 34 20 3 44 38
42 44 38 25 14 22 46 12 4 59
44 5 30 12 33 5 11 51 42 27
56 10 60 47 18 47 18 56 56 26
27 57 13 33 59 51 57 59 5 50
17 28 53 60 15 4 29 26 59 7
44 14 36 24 52 60 13 6 13 45
55 32 24 48 9 52 52 4 27 32
38 52 53 5 24 23 22 37 54 25
18 12 48 28 19 55 28 48 4 8
38 5 38 9 19 47 1 47 37 50
10 28 47 60 54 5 32 51 29 37
41 10 15 45 29 34 22 4 11 51
27 57 44 35 19 46 22 13 37 2
15 60 59 48 18 29 25 6 35 8
56 39 4 38 19 32 48 35 6 55
60 31 25 19 43 21 17 13 50 60
4 7 4 4 44 48 27 3 53 54
59 42 19 26 11 9 43 31 49 16
44 30 60 50 56 42 38 47 41 21
2 56 19 6 19 17 36 13 39 27
42 3 3 48 44 49 54 23 17 45
26 33 53 58 35 59 44 15 26 1
48 33 9 54 3 33 37 30 19 4
6 12 23 1 15 5 38 37 57 46
3 26 15 5 5 49 44 15 35 31
19 6 16 59 29 39 3 49 10 46
6 41 54 4 19 17 15 14 49 28
38 40 57 23 33 16 44 41 41 22
22 2 51 54 20 27 12 19 18 22
53 37 23 34 37 31 4 37 44 26
4 51 21 2 12 17 10 27 27 22
15 37 44 32 58 22 49 1 59 23
23 4 14 38 2 38 11 21 40 2
55 32 20 15 6 1 22 21 49 16
22 57 12 9 31 42 60 3 23 6
16 59 16 37 34 15 38 24 23 50
42 5 18 15 29 37 9 12 11 13
54 38 21 19 39 59 56 11 26 54
5 34 26 23 41 11 15 4 39 19
52 27 15 3 27 50 24 19 32 31
25 47 27 23 45 44 9 35 23 28
54 41 5 2 48 12 47 58 42 44
1 44 21 48 14 39 32 50 11 13
38 2 29 37 18 13 22 45 12 52
38 38 24 39 59 34 10 54 54 45
53 9 60 24 20 54 55 11 6 50
5 9 35 8 13 40 24 31 10 40
48 17 9 31 51 20 44 4 16 30
20 41 53 49 11 51 34 36 18 32
33 51 47 17 51 52 18 7 29 17
58 28 55 1 1 14 51 44 29 40
50 16 21 6 18 47 34 11 18 34
13 38 27 23 20 43 53 26 50 8
19 12 21 40 3 5 28 1 33 46
53 31 12 45 47 3 6 44 57 9
33 20 49 21 30 5 48 11 52 8
27 42 50 53 44 1 50 52 42 10
15 28 15 29 10 35 35 12 45 9
14 18 12 32 2 60 23 60 46 57
29 50 19 43 21 23 50 54 50 45
41 36 4 14 26 9 4 9 23 6
45 33 38 40 60 3 17 54 27 8
42 2 33 4 44 47 53 51 54 24
59 5 17 14 2 52 31 53 1 30
60 15 20 47 9 4 33 26 34 22
38 34 12 44 47 33 36 49 3 29
19 49 57 29 49 56 51 58 1 45
60 32 42 33 18 25 58 5 25 57
47 50 35 6 19 55 27 6 2 32
37 49 25 33 54 37 30 33 19 35
25 31 20 7 19 52 9 47 51 47
2 18 22 52 36 34 30 26 24 52
2 43 57 59 34 9 1 20 5 26
46 43 9 7 32 33 53 59 2 42
33 30 27 1 5 23 58 3 55 60
28 50 16 41 30 60 19 39 44 29
32 48 28 46 50 23 52 13 31 16
41 1 29 15 39 34 28 18 31 16
53 24 10 15 1 42 16 54 59 36
33 58 53 23 58 38 37 6 60 39
13 13 36 26 22 38 40 59 2 4
17 2 7 29 28 52 42 49 17 57
20 36 21 25 41 13 13 21 37 10
9 32 47 24 26 12 34 54 12 34
6 8 55 39 15 27 12 9 54 28
23 60 5 5 46 2 18 6 22 24
26 28 47 17 13 13 56 44 46 52
44 18 13 48 16 44 29 3 48 25
47 47 43 56 34 34 18 19 13 6
33 27 18 23 7 26 13 6 8 7
12 25 50 19 4 11 26 5 9 46
31 26 27 16 29 10 5 39 55 23
36 48 28 17 53 36 55 46 45 36
21 45 4 58 20 1 41 47 52 36
59 36 21 22 41 4 4 41 22 22
43 55 38 16 51 48 4 14 13 12
31 57 46 17 36 13 40 29 12 23
28 39 20 2 11 46 31 36 17 46
48 46 37 14 37 25 52 16 27 22
52 9 35 6 25 52 32 40 44 28
2 60 19 32 46 6 36 32 33 9
56 9 29 26 34 21 39 30 12 30
53 11 21 41 25 34 56 24 48 6
56 27 23 49 54 48 44 26 39 36
46 23 26 21 59 56 39 50 19 34
26 4 5 54 2 6 38 44 60 15
13 34 48 45 18 12 19 57 55 14
14 38 52 23 36 42 52 11 22 46
12 30 44 16 7 11 45 16 5 46
50 14 8 13 3 44 24 9 5 1
4 31 12 9 19 38 36 26 49 16
12 18 10 41 5 38 32 13 31 56
5 29 13 13 53 44 55 59 16 43
33 35 33 59 8 5 25 35 33 6
2 26 53 28 50 12 56 58 15 60
3 17 17 45 55 49 13 52 15 11
44 27 31 54 33 14 4 15 33 38
50 49 16 33 6 13 16 41 17 31
25 24 53 20 54 36 44 26 20 29
17 21 56 34 28 48 20 11 16 48
23 15 59 16 1 55 25 35 33 53
3 35 3 35 11 21 7 9 32 3
46 1 58 43 43 48 41 9 20 18
49 51 40 32 3 6 18 6 40 58
42 16 9 30 32 26 16 8 29 24
53 42 29 26 5 19 37 33 5 37
19 48 59 23 21 21 37 46 7 20
15 50 30 39 38 51 54 44 48 14
1 59 38 17 13 48 59 37 27 45
15 24 42 43 51 38 52 31 54 31
29 44 14 47 27 13 11 13 37 5
10 25 7 15 5 52 6 9 38 29
53 24 22 4 26 1 7 2 30 57
54 7 6 47 29 50 36 17 30 6
19 23 35 55 2 17 50 2 5 5
13 10 38 25 37 29 37 59 23 42
18 2 13 35 58 9 32 15 11 35
15 48 54 40 22 39 10 25 60 14
46 47 16 46 34 23 1 24 18 5
59 33 56 26 8 28 44 11 46 51
39 57 1 48 32 29 14 60 44 12
38 18 47 17 34 8 53 31 28 35
20 3 16 14 27 50 51 32 34 55
13 48 26 54 18 55 48 26 45 22
1 33 47 20 52 46 40 27 55 48
30 58 19 23 41 47 23 11 36 41
7 34 6 30 4 15 55 5 20 7
26 18 41 9 19 21 39 8 47 24
43 26 22 18 44 58 41 22 47 27
55 38 4 52 16 22 10 41 40 35
40 35 25 35 33 24 56 1 13 27
56 32 26 39 24 16 13 17 23 35
12 22 28 5 16 38 52 52 41 14
20 15 15 4 2 45 37 50 8 32
59 20 28 21 6 23 26 6 38 43
57 7 46 26 49 55 9 9 25 50
58 18 23 13 59 7 35 41 22 41
31 28 30 22 16 34 10 58 38 12
13 22 26 6 21 37 33 14 51 55
22 37 43 45 10 17 35 9 2 9
23 19 57 54 39 60 29 47 38 30
23 8 45 8 50 26 49 49 40 37
21 27 41 33 25 13 18 41 15 2
26 18 44 19 6 2 29 56 29 46
40 51 12 41 60 55 23 24 16 10
5 60 39 3 17 34 52 27 6 53
53 2 55 58 44 43 3 4 7 45
25 40 54 14 55 12 58 20 1 45
2 60 8 52 34 32 29 49 50 52
35 43 38 27 43 57 13 53 14 53
58 44 29 10 48 57 53 12 48 53
28 39 59 51 10 12 23 18 20 25
54 5 54 21 49 25 17 24 2 33
13 19 51 11 8 48 8 51 46 57
45 6 34 33 15 48 58 54 31 56
57 22 20 42 49 25 34 22 3 1
12 9 41 29 6 14 21 10 49 29
25 42 30 7 21 7 51 11 6 28
28 23 15 10 32 10 47 42 60 16
29 42 55 29 23 1 58 17 13 56
36 56 29 37 32 36 18 31 43 6
54 7 45 19 25 30 39 50 10 11
42 56 59 59 23 1 5 21 17 27
42 37 2 7 17 14 8 26 13 34
42 36 16 12 11 50 49 32 51 27
6 60 46 59 13 26 18 54 3 10
3 12 9 19 3 19 17 18 20 24
37 38 21 41 44 7 45 3 32 59
20 50 58 11 1 26 24 44 50 11
55 29 4 13 14 50 37 43 41 5
25 46 41 28 37 19 13 59 32 15
18 33 52 32 48 3 40 24 10 30
25 9 44 32 13 52 23 29 6 41
51 35 13 57 27 57 7 6 11 1
27 10 51 50 43 10 15 45 48 6
1 58 59 23 58 18 19 28 52 45
46 5 11 7 2 53 52 31 60 34
2 20 53 51 58 58 39 42 46 9
44 44 23 60 49 24 11 3 35 23
56 1 8 3 29 26 13 45 48 29
38 59 40 16 11 31 26 33 33 47
11 20 42 30 55 48 33 49 16 5
8 27 27 32 20 38 46 21 40 34
60 48 25 44 60 33 44 17 13 48
31 57 34 25 33 4 9 27 22 24
18 40 15 19 19 39 24 32 42 42
13 19 41 42 21 31 29 3 41 18
30 36 10 29 55 34 18 28 18 17
57 40 51 47 38 53 1 51 7 19
53 49 54 24 60 18 51 42 9 13
21 2 46 41 39 31 50 33 8 16
59 30 43 34 1 13 60 30 40 39
1 12 32 8 43 38 44 6 53 49
37 9 37 59 11 6 34 28 22 40
58 44 21 58 26 60 57 11 44 48
5 13 23 42 8 46 57 1 24 57
39 27 51 41 57 57 33 41 44 16
29 36 18 2 3 1 9 35 21 24
9 55 50 56 9 41 58 5 27 2
17 32 58 7 30 39 21 22 24 14
59 7 15 38 54 59 16 50 24 41
10 31 43 22 20 52 32 36 20 44
22 19 40 24 9 52 57 19 57 27
45 52 37 53 51 2 25 53 40 30
41 19 11 6 59 44 20 15 9 23
5 22 50 32 51 12 11 20 26 21
8 23 50 16 1 57 30 58 56 10
33 39 14 21 44 36 32 57 1 13
40 21 42 5 55 7 59 13 54 57
4 33 56 35 6 5 50 27 4 18
11 44 52 23 34 33 22 31 29 11
42 60 50 20 13 8 45 29 28 40
41 33 2 53 25 45 10 58 58 48
39 31 44 3 18 50 56 16 55 36
39 10 2 13 32 52 5 35 21 45
48 2 18 59 40 60 39 43 20 34
56 1 53 34 36 28 49 7 12 42
15 30 50 44 13 32 57 4 56 55
56 44 54 17 30 1 33 34 10 18
24 33 30 7 11 28 37 14 22 47
53 19 49 39 30 52 51 13 8 18
59 12 50 43 41 31 38 23 11 12
57 3 1 43 37 53 41 34 5 19
51 60 32 44 2 54 36 55 14 29
24 41 5 6 39 20 11 60 4 47
37 1 48 43 15 21 55 13 14 18
8 5 39 43 10 60 35 2 25 23
1 49 33 59 51 13 5 30 28 12
11 31 7 26 28 12 37 10 37 43
59 53 29 39 46 57 29 24 28 22
15 13 19 41 58 45 48 16 41 58
17 8 30 15 16 31 46 32 45 24
10 40 9 3 49 56 11 20 6 20
39 48 8 19 9 1 46 37 30 4
13 34 27 14 15 26 20 7 22 59
55 53 58 18 32 54 33 35 27 48
46 24 28 29 11 43 34 36 16 1
60 6 36 18 37 47 25 56 23 35
6 42 17 38 37 19 49 41 45 26
6 8 54 47 19 17 17 21 25 3
39 56 3 17 25 7 52 33 56 14
29 4 28 38 23 33 47 16 45 42
1 4 42 4 26 46 14 12 48 3
5 59 49 57 42 39 53 21 29 9
2 5 17 25 60 47 8 60 53 57
10 56 18 51 48 35 10 32 58 18
45 56 13 27 11 60 51 50 3 13
28 46 12 34 54 47 12 43 54 19
31 57 18 10 53 45 47 26 19 50
7 53 3 17 5 40 50 19 27 36
40 9 46 19 32 52 32 22 15 49
11 2 29 36 9 41 39 57 27 25
38 55 31 53 29 38 39 58 7 55
31 53 23 8 27 19 26 47 36 5
22 18 15 16 53 38 50 22 58 1
46 9 36 54 26 55 59 6 30 57
55 53 40 58 60 18 3 27 47 44
24 57 1 12 22 36 20 8 9 11
27 42 12 58 55 10 16 39 30 2
56 12 5 20 28 43 7 28 21 33
46 1 8 60 3 56 27 38 9 20
5 43 42 60 2 57 4 27 33 38
37 20 57 28 47 27 27 32 45 47
56 9 42 36 24 31 47 39 31 17
8 16 40 31 14 13 37 21 52 45
11 26 10 7 34 18 5 50 1 48
27 47 47 12 37 59 6 43 22 26
59 27 45 40 53 25 55 37 10 34
27 17 24 30 31 29 10 38 1 28
47 4 37 30 18 33 46 58 2 12
52 4 38 48 24 10 59 6 41 21
13 15 20 8 33 11 27 49 33 58
13 9 48 40 12 35 43 53 14 27
41 48 1 50 35 20 22 53 55 20
48 47 39 53 42 10 58 42 23 15
19 10 13 17 23 52 39 57 16 2
26 48 36 16 32 37 20 53 31 7
47 57 17 20 42 22 3 39 43 56
45 46 60 20 34 53 59 47 29 38
11 37 12 17 9 15 40 49 28 9
49 28 59 17 56 56 7 35 26 45
17 12 6 40 31 20 30 44 30 53
26 28 24 49 56 49 13 59 19 29
21 55 48 37 48 49 7 56 10 11
13 40 3 26 7 50 2 6 17 39
1 14 48 57 54 54 3 32 36 37
26 13 35 25 29 34 53 23 3 49
7 2 11 8 17 9 2 15 23 47
4 15 58 26 34 25 52 34 4 41
43 47 36 26 12 23 29 1 9 2
4 14 36 32 27 6 12 52 15 50
40 45 42 42 34 52 59 22 50 59
11 30 29 24 21 34 4 15 40 3
9 8 17 52 32 21 27 24 31 32
59 44 31 23 7 51 54 6 20 42
5 27 17 36 13 25 24 33 51 20
12 54 48 58 6 40 34 2 47 36
45 44 60 4 21 30 44 12 3 24
35 41 41 23 52 29 16 44 18 1
28 16 54 33 2 15 43 35 40 28
6 4 39 4 25 10 31 32 19 60
48 59 31 6 36 22 8 57 18 16
55 19 4 19 10 59 32 1 36 31
38 48 38 17 46 5 10 28 48 16
29 42 56 29 29 41 51 11 9 30
51 45 5 1 50 37 33 11 11 58
13 50 36 49 57 46 5 55 50 30
38 45 58 34 54 15 1 25 10 50
36 35 45 20 45 24 34 44 18 11
15 2 19 39 41 56 49 32 12 16
21 59 15 4 2 47 53 10 18 52
19 39 32 41 54 21 41 17 1 46
58 55 43 1 35 29 51 16 56 41
32 21 57 11 55 20 11 5 20 8
4 44 41 51 37 19 54 6 27 57
53 10 21 54 45 20 25 6 43 51
23 22 40 30 36 48 22 22 5 36
53 25 47 48 41 46 49 16 30 18
48 16 56 59 25 11 55 6 37 51
25 22 20 41 22 13 53 36 58 26
56 50 25 31 44 33 5 31 48 40
48 24 18 4 51 19 50 10 11 55
58 12 29 41 26 1 36 15 8 20
20 60 35 21 42 42 48 6 17 59
16 20 50 24 52 14 60 5 37 22
16 40 24 15 25 31 55 56 31 9
39 47 47 29 43 53 31 38 57 18
9 24 25 53 29 3 2 3 34 54
48 41 54 20 41 38 31 15 20 22
44 8 42 36 6 26 31 47 28 37
58 55 17 35 15 49 37 42 11 39
6 57 50 49 43 10 40 36 26 59
29 9 32 46 40 45 39 35 51 44
13 41 9 27 55 51 32 46 53 41
12 58 20 26 60 9 29 51 31 27
21 13 35 28 34 11 2 21 44 33
59 27 18 51 49 11 56 52 57 58
9 36 14 24 58 15 13 35 7 23
25 17 40 53 4 25 8 48 1 38
30 50 8 35 56 6 36 41 1 35
60 2 49 16 24 37 27 21 29 8
9 2 57 14 60 14 31 37 58 7
12 26 26 14 48 39 55 46 55 45
33 43 13 60 5 49 13 58 8 48
9 52 4 45 26 33 50 23 60 29
25 23 43 58 27 38 24 41 2 17
6 39 6 10 30 45 50 14 26 29
3 44 18 34 1 24 10 3 23 59
32 28 48 1 54 11 57 43 52 23
60 1 12 28 7 3 18 38 20 49
43 52 55 50 8 40 29 37 16 24
57 38 44 23 44 36 16 31 50 27
55 49 25 17 58 20 4 2 21 4
32 3 25 34 26 41 1 37 26 29
27 31 52 12 58 59 59 12 25 51
2 60 4 41 38 1 31 3 32 52
23 19 10 34 55 24 50 55 48 34
51 49 29 24 33 1 38 44 60 49
37 11 48 58 15 31 37 39 56 4
26 48 54 7 54 46 32 36 5 10
53 34 3 37 29 10 28 4 43 4
33 18 9 12 45 48 3 27 36 2
17 51 18 28 13 49 8 60 8 4
10 53 43 1 18 42 60 1 53 40
12 57 10 20 58 20 18 33 2 6
15 26 44 2 53 41 23 26 33 25
18 9 35 16 28 23 53 38 3 14
20 28 38 35 44 35 13 46 22 24
25 26 45 45 42 52 58 33 47 33
54 29 54 44 28 60 17 31 60 26
26 9 7 60 31 35 4 54 24 23
49 59 42 13 25 35 37 58 19 29
7 19 44 51 53 1 56 29 48 55
10 6 24 19 20 8 54 18 44 50
49 29 56 21 39 9 30 26 32 35
32 41 22 46 53 6 23 39 18 18
3 23 20 24 5 45 34 4 29 46
24 27 49 8 8 39 31 3 23 57
43 8 43 57 38 60 25 2 2 44
9 39 17 12 35 23 33 19 54 37
33 47 37 28 23 41 5 8 52 6
40 21 11 33 1 51 4 46 2 58
43 5 13 55 5 3 7 21 7 8
36 39 58 29 16 32 53 58 3 29
49 47 1 59 44 37 34 46 42 1
56 3 21 21 15 57 56 38 42 47
34 7 14 10 21 12 23 20 31 30
32 51 23 58 45 17 18 46 35 57
57 54 46 58 38 6 29 47 50 42
23 46 27 53 52 54 16 24 16 18
37 55 35 17 54 6 47 35 46 19
36 31 24 60 43 12 54 28 60 43
1 36 36 40 37 3 5 24 58 24
20 23 33 37 2 60 24 57 36 36
7 36 2 55 14 45 25 3 38 51
50 60 3 13 20 6 27 13 22 29
11 22 33 37 4 33 17 15 57 38
49 50 5 26 16 50 38 10 1 35
37 53 29 1 15 47 10 20 47 23
54 45 34 48 31 16 59 24 55 19
38 20 18 42 18 27 5 27 25 33
38 10 24 5 18 59 52 48 24 1
57 4 15 58 10 21 41 3 43 10
34 54 55 7 9 31 55 49 37 51
20 10 22 11 3 60 5 43 46 33
42 26 47 7 27 8 14 58 49 39
18 22 24 12 12 15 15 9 42 21
7 33 39 46 15 16 17 51 59 43
37 23 13 23 53 16 15 51 33 15
24 42 18 30 39 19 11 14 18 11
4 26 54 17 42 18 44 20 30 1
47 30 57 48 21 22 25 7 21 50
8 29 15 19 27 13 59 4 8 5
13 37 16 11 23 3 8 42 29 59
4 4 46 47 6 7 8 27 15 11
41 4 20 1 7 49 45 26 22 17
49 8 29 51 8 20 6 44 33 4
42 7 39 53 38 13 1 40 37 47
58 16 46 58 46 27 38 18 35 12
7 17 19 24 7 51 40 40 60 57
17 53 35 52 19 46 47 53 45 36
44 31 47 4 47 13 25 15 42 41
24 38 36 39 3 22 36 57 31 53
48 23 42 44 20 15 43 7 12 31
22 11 19 48 24 33 56 20 4 16
40 23 3 3 52 28 17 27 45 1
31 52 40 6 22 8 51 12 52 60
14 12 9 13 50 45 42 33 13 13
40 42 46 47 12 23 13 14 60 12
38 29 35 59 45 2 41 29 56 60
17 47 17 45 31 35 15 56 29 42
34 14 31 21 58 1 53 52 22 19
22 57 58 41 3 19 33 13 5 5
22 13 5 12 22 23 19 16 15 40
16 28 42 48 53 2 36 24 28 55
51 19 21 30 20 21 38 12 10 42
11 40 4 58 57 21 23 27 2 14
1 32 48 30 30 28 12 29 18 60
19 37 56 51 28 33 2 59 54 10
58 55 57 59 17 58 50 14 19 20
35 8 32 51 2 23 23 56 35 50
32 52 17 35 6 16 12 32 31 55
44 30 24 45 26 39 9 8 37 32
38 60 50 43 35 13 40 23 35 2
26 44 5 50 13 19 56 12 38 3
11 42 55 43 32 25 49 44 57 18
2 21 11 44 41 24 15 48 31 26
36 8 18 17 10 31 35 36 32 58
20 60 39 59 14 3 57 18 21 4
15 27 33 37 52 28 30 60 11 17
16 37 35 3 45 37 60 13 33 54
35 6 42 27 32 40 9 2 53 29
50 10 46 55 60 12 27 18 50 32
24 12 5 46 40 60 34 15 47 32
31 28 15 50 46 32 11 17 14 39
5 34 57 56 29 13 10 29 18 5
32 29 52 55 12 47 26 34 13 1
39 45 22 6 50 23 27 38 25 22
37 27 43 38 35 14 55 41 25 58
52 4 20 45 12 56 10 38 56 8
49 58 58 28 35 26 60 60 11 53
54 23 33 29 25 41 40 12 44 7
50 44 50 43 30 46 38 10 9 46
58 57 35 15 5 36 21 21 13 22
6 40 48 18 24 32 15 43 41 60
53 52 4 10 9 29 34 2 45 40
35 31 28 39 10 37 12 13 25 15
19 1 16 8 53 47 22 42 29 31
18 43 56 36 23 8 13 53 50 27
43 15 19 6 9 50 40 30 3 58
11 13 59 52 49 47 5 42 30 42
44 39 20 36 3 47 26 2 54 25
49 58 51 38 41 16 15 54 52 10
21 55 12 43 60 5 15 26 2 44
6 15 51 55 21 3 43 34 17 15
21 59 40 9 57 9 5 9 51 52
30 20 28 9 13 35 49 22 2 9
14 36 11 9 31 18 9 40 5 33
21 7 6 23 35 53 20 27 4 19
18 26 19 52 8 45 32 54 59 26
26 19 50 32 29 7 39 34 43 53
13 1 39 15 60 53 52 33 8 9
45 54 34 41 18 30 20 2 8 9
2 41 59 26 30 53 2 4 33 55
14 17 55 20 20 28 23 10 37 21
47 43 57 16 53 14 52 49 45 22
22 3 12 1 11 48 17 39 20 55
23 47 30 4 26 8 43 58 25 51
49 9 19 54 9 36 28 20 6 30
43 56 25 52 46 24 31 2 55 24
26 14 54 35 60 28 16 33 44 54
16 18 41 55 21 19 18 6 20 5
28 26 16 45 32 24 55 24 54 36
11 19 8 22 37 22 16 9 30 49
42 58 36 5 33 5 52 10 11 56
51 42 37 7 7 39 13 32 59 30
60 5 6 28 46 56 46 43 24 18
12 23 56 34 16 16 50 44 24 57
15 10 46 33 16 41 59 40 44 15
46 24 2 38 3 52 41 35 18 27
3 50 15 50 17 51 30 20 29 9
50 15 20 60 26 8 25 20 56 39
6 3 18 17 11 56 40 47 41 58
51 46 37 24 17 10 15 56 16 53
51 40 41 37 35 42 57 24 22 14
15 36 15 48 11 25 16 24 20 39
41 45 1 9 2 46 32 30 54 59
42 3 23 10 20 3 38 6 2 36
49 11 34 26 13 23 41 60 36 43
60 49 47 39 2 8 5 10 39 10
25 39 39 39 45 39 20 6 40 55
27 60 17 31 54 28 11 49 23 50
46 52 36 7 59 36 45 1 59 31
14 24 28 4 51 12 39 46 23 43
38 15 22 57 42 8 45 18 37 29
34 6 23 14 56 55 25 2 51 15
21 29 16 58 22 54 9 8 18 8
26 1 8 56 33 9 49 56 36 12
49 46 1 35 19 48 30 25 42 15
60 37 2 5 59 57 32 25 24 16
36 21 46 53 32 3 42 20 40 10
2 2 43 49 16 7 13 20 4 9
52 24 56 50 26 55 50 23 60 19
48 46 21 39 26 4 12 46 31 18
24 10 58 3 30 57 2 47 19 9
52 35 25 54 45 6 43 56 56 57
39 49 39 47 55 1 41 53 41 43
60 18 11 51 30 9 58 9 29 27
21 54 8 17 12 22 43 35 40 42
54 29 47 9 46 44 35 39 36 3
55 56 54 56 32 43 40 59 30 26
52 16 54 39 16 58 4 42 48 46
39 26 22 36 34 32 28 37 8 56
20 14 48 51 50 56 20 33 50 5
50 44 46 55 16 21 16 50 3 16
12 16 17 10 44 25 2 17 17 38
33 48 55 11 36 19 54 43 48 20
8 19 30 24 25 9 50 56 44 59
42 58 18 4 34 33 52 12 44 33
15 2 42 39 12 37 25 24 27 31
31 13 16 51 16 54 41 24 6 55
4 22 57 5 54 3 34 41 58 46
48 49 29 26 15 14 24 54 20 1
13 34 3 51 55 37 40 45 44 18
10 27 58 4 31 31 40 49 11 37
1 27 52 14 3 4 15 4 37 25
2 35 23 15 12 24 11 51 18 3
58 2 42 16 58 1 15 15 4 58
34 16 39 3 12 58 11 42 29 11
23 10 22 56 24 51 22 17 52 55
4 58 38 15 32 3 7 15 14 52
12 49 23 43 8 35 60 54 11 12
11 35 38 54 41 28 48 41 39 18
29 12 48 4 59 53 53 42 2 23
53 17 4 14 49 53 51 10 45 40
50 18 53 53 35 36 19 25 52 4
53 57 55 35 59 56 17 21 43 36
37 2 14 54 59 30 16 22 8 55
58 16 16 26 40 46 11 50 4 58
8 13 59 9 38 21 20 47 12 28
25 23 24 39 7 27 32 1 28 30
13 20 2 1 55 5 5 23 25 17
43 31 30 34 23 2 7 29 16 36
8 58 31 59 56 29 10 33 60 58
15 2 16 11 24 27 8 45 46 24
30 50 36 51 36 10 54 43 47 1
50 35 18 56 29 10 60 40 24 23
21 40 47 2 34 49 41 47 3 17
53 57 34 34 47 16 28 52 30 18
22 54 42 41 21 5 45 45 19 56
60 32 42 19 47 3 17 4 3 22
53 60 22 24 19 18 46 53 4 41
32 17 1 42 52 33 46 4 12 1
13 8 54 50 15 14 28 51 7 4
49 16 20 6 40 41 17 50 9 18
10 39 52 49 23 2 19 51 54 48
43 47 43 39 15 7 28 59 3 42
47 24 36 13 46 26 40 46 58 41
8 57 16 41 10 30 53 24 28 39
20 27 24 50 47 40 51 14 48 31
28 32 5 53 3 32 9 37 40 34
14 38 21 13 31 23 24 21 7 56
33 21 58 5 35 12 48 12 31 23
5 33 24 39 50 50 15 21 10 44
15 56 6 56 48 54 31 8 54 1
26 34 40 38 35 48 8 26 33 7
11 17 43 43 24 27 15 59 27 15
8 2 50 28 5 3 44 51 28 2
4 51 4 7 40 33 37 16 7 18
51 56 55 26 29 23 33 59 23 28
55 32 4 10 13 52 16 8 41 16
10 41 31 22 54 7 60 11 15 30
54 48 22 51 18 37 58 37 58 31
9 57 59 48 33 39 31 59 37 3
38 3 33 12 12 39 38 43 43 17
58 14 49 53 29 45 30 53 28 34
21 4 52 60 7 28 56 35 26 58
28 38 38 21 57 16 55 13 34 19
6 25 11 45 26 31 29 35 29 2
52 6 3 2 30 3 10 12 32 59
41 40 41 37 12 22 33 47 28 47
38 39 32 49 28 17 40 9 20 25
10 42 20 4 34 59 29 38 7 36
54 13 22 57 25 6 11 34 3 56
57 20 11 39 46 9 24 40 27 3
30 17 29 45 9 57 30 12 19 59
28 36 9 23 16 47 29 60 36 42
44 27 30 32 1 47 31 49 42 37
24 50 17 39 53 54 15 28 57 56
6 51 17 26 17 15 50 10 12 44
20 19 32 51 58 38 59 25 50 2
7 11 43 38 4 27 24 32 33 25
30 15 54 39 18 56 4 31 35 48
32 6 8 4 44 32 27 45 42 11
11 21 37 45 23 29 36 58 41 39
26 47 26 25 41 49 18 15 22 18
27 2 47 43 28 27 55 17 52 8
1 29 36 58 8 35 56 46 7 24
2 28 16 33 5 44 28 23 25 46
19 51 24 3 28 59 41 45 37 52
56 57 59 8 41 33 37 41 43 29
20 31 10 56 27 9 41 12 58 50
46 19 58 13 11 60 6 51 32 59
46 3 5 17 40 49 54 16 34 51
20 55 21 48 58 56 56 12 22 36
13 43 14 34 4 5 54 59 46 15
56 50 32 49 49 34 1 5 56 53
14 47 27 7 6 45 38 1 12 15
7 36 35 30 52 5 54 32 11 52
29 34 48 1 19 13 31 35 21 53
17 45 37 58 17 4 19 12 7 41
19 60 5 57 9 53 28 4 32 5
58 16 51 21 51 58 54 6 7 31
18 36 35 45 17 6 50 45 24 16
36 26 2 25 55 19 49 12 57 50
1 42 41 47 35 22 16 30 32 33
37 7 4 23 8 28 52 60 24 2
37 42 3 3 23 11 53 5 19 59
1 28 52 19 36 14 45 52 3 46
52 48 12 34 42 46 2 24 41 52
4 46 60 55 8 37 30 28 56 36
25 24 36 45 40 12 41 27 2 58
7 6 32 60 26 16 32 55 59 40
53 3 49 25 54 13 20 49 20 39
58 35 47 50 53 17 56 49 7 4
24 4 35 52 31 27 12 8 49 35
46 28 20 43 1 12 48 14 60 25
31 36 42 1 11 45 27 24 9 33
40 12 49 37 30 26 22 44 60 56
53 60 41 52 40 19 42 11 53 19
3 22 14 47 29 60 39 3 59 52
18 4 13 15 2 41 39 42 51 54
32 31 56 19 15 15 29 24 47 10
6 42 31 55 45 58 1 35 22 24
9 51 31 17 9 29 58 23 59 32
46 49 22 24 7 3 3 58 46 53
41 15 19 8 26 50 11 49 27 10
24 22 5 37 59 46 18 37 51 3
51 48 46 18 6 39 38 5 39 57
5 29 24 27 56 55 41 60 51 55
23 13 1 52 38 32 36 50 17 4
44 58 35 24 27 43 26 46 49 1
48 51 57 24 15 17 17 3 22 43
36 35 25 45 8 19 25 52 17 25
25 29 44 38 43 57 6 34 58 33
44 28 53 33 57 30 30 31 43 49
34 40 26 48 10 40 13 29 53 25
55 14 21 32 8 38 11 14 37 8
59 9 11 58 48 2 33 19 27 45
31 6 2 19 29 7 43 60 55 33
2 51 35 58 20 47 60 3 13 8
11 9 15 32 34 38 10 32 33 7
42 1 15 56 3 45 28 26 45 22
56 55 9 9 41 40 25 50 10 4
34 4 52 43 40 23 7 33 39 51
12 5 12 50 34 45 23 6 42 56
24 3 43 19 58 39 54 43 9 2
15 49 60 15 47 29 54 8 12 35
41 22 29 28 50 24 8 46 28 30
5 16 2 40 1 48 16 26 55 50
23 27 60 59 10 39 7 60 26 12
24 16 39 10 5 2 22 19 56 6
54 32 18 19 39 2 32 48 36 2
42 9 51 48 59 11 36 38 53 53
51 55 14 40 45 43 16 26 10 43
29 34 33 43 52 17 25 22 51 37
52 51 2 28 25 10 54 21 46 40
3 58 16 33 50 42 56 43 41 4
13 46 18 27 14 2 19 23 46 17
47 3 4 10 11 54 25 41 20 4
18 6 25 8 43 36 44 31 8 32
43 6 6 11 7 48 36 41 60 7
46 20 4 3 53 15 19 44 48 40
13 55 8 46 36 56 35 35 50 28
33 8 40 56 2 2 38 35 17 20
1 25 23 30 42 28 18 50 31 53
33 20 54 46 34 47 19 23 30 20
47 41 57 21 16 11 18 34 55 36
43 35 12 38 13 9 26 41 15 22
2 29 42 13 22 60 50 5 10 50
56 53 30 59 36 48 3 30 5 56
59 9 38 48 10 1 45 1 10 6
33 49 27 41 2 48 38 16 3 5
57 58 49 36 22 16 39 14 52 16
54 27 43 28 27 45 2 26 50 25
43 34 28 14 1 39 12 16 58 41
31 53 24 26 37 40 18 57 13 21
4 49 20 48 17 46 29 8 45 19
7 34 23 50 32 60 43 55 39 36
48 37 13 55 38 44 29 34 39 60
25 3 18 44 58 60 42 7 40 20
10 16 36 42 2 13 7 44 11 40
25 46 47 42 32 16 56 13 34 22
2 22 37 42 32 8 5 4 55 2
19 5 35 53 53 36 53 30 46 57
54 36 8 15 10 16 28 56 29 54
41 43 30 2 16 54 30 40 41 26
29 18 34 37 20 22 19 37 40 40
43 12 33 47 54 30 53 14 38 2
35 50 25 36 21 37 55 46 14 12
50 40 2 59 59 26 58 7 26 11
7 10 3 11 18 13 51 54 55 17
45 17 5 4 1 35 46 59 12 25
34 54 57 19 30 6 24 36 21 19
57 52 3 42 4 9 30 48 37 33
51 22 2 32 5 49 34 56 24 9
21 30 42 52 27 34 1 29 26 45
10 11 6 59 56 8 33 25 52 9
42 26 57 42 1 56 23 42 25 24
53 33 35 49 10 9 29 23 11 15
58 55 33 60 45 28 55 21 47 35
26 40 23 23 55 57 9 56 21 11
49 43 19 33 23 5 5 23 23 11
55 39 23 28 1 44 31 43 26 33
9 47 16 30 29 12 40 40 37 58
20 59 50 21 45 56 34 50 11 31
2 43 20 19 5 8 24 55 11 49
22 2 42 58 36 27 5 2 41 46
38 18 45 57 45 56 12 6 54 24
50 56 39 29 33 59 31 24 52 1
14 21 23 44 33 40 20 38 8 31
53 8 53 48 10 32 6 57 1 26
18 15 41 47 44 41 33 44 17 54
56 35 39 23 44 54 41 34 16 15
22 16 28 43 35 29 27 58 33 1
26 51 20 45 46 12 21 52 55 53
58 38 52 32 2 25 49 43 13 39
17 28 18 1 4 54 54 55 32 14
17 13 12 28 23 51 7 33 53 35
57 35 8 6 49 25 55 16 9 40
23 14 28 55 15 54 35 53 40 47
46 60 48 7 52 9 8 44 45 15
45 40 3 18 25 6 36 5 49 19
1 30 46 9 39 7 5 18 55 22
52 60 40 44 20 27 55 1 47 39
19 44 2 34 38 12 58 26 26 17
33 15 34 41 28 18 54 51 28 55
14 16 50 21 16 1 55 30 14 32
47 37 34 40 55 3 52 45 53 43
24 58 2 23 39 3 17 49 1 3
53 45 36 40 49 4 53 14 4 4
49 50 38 47 37 50 48 54 60 12
3 34 1 2 33 47 17 6 28 23
40 10 40 50 17 20 23 15 39 34
38 53 23 41 7 51 6 13 32 25
42 26 40 42 29 29 50 58 2 22
30 40 12 50 22 36 35 41 34 29
52 58 10 34 41 52 3 20 27 60
49 36 7 59 50 15 46 24 12 8
21 58 25 22 30 9 24 58 51 58
13 10 12 32 17 45 21 11 29 20
14 11 3 50 49 8 7 30 23 3
46 36 23 26 11 30 9 12 56 41
34 52 29 34 43 4 49 23 15 18
5 57 48 24 13 43 14 20 38 42
29 25 14 38 41 58 17 39 6 39
21 41 4 45 28 56 9 13 27 11
28 8 22 7 12 41 11 36 33 28
25 18 5 43 21 19 27 53 47 44
38 48 59 17 7 9 54 30 33 19
46 8 3 19 12 51 28 56 39 46
53 1 35 20 39 10 13 50 60 39
51 31 30 57 22 38 52 20 22 35
46 50 5 46 12 25 25 33 48 23
32 16 47 46 6 50 27 12 56 9
2 22 14 35 39 34 42 8 14 55
43 46 19 49 26 35 30 57 39 37
50 50 14 7 46 55 17 1 41 35
51 37 5 14 36 26 5 5 5 21
29 29 8 7 28 6 36 56 17 57
50 25 11 44 19 8 3 6 19 16
31 40 23 26 18 54 48 45 60 37
35 41 36 28 28 25 16 47 54 14
16 32 54 36 43 15 14 22 19 10
2 60 41 47 38 41 36 13 8 48
20 41 3 23 44 60 38 47 10 43
42 39 25 34 40 47 43 18 39 7
18 58 57 51 29 8 40 49 13 15
6 27 37 36 18 33 41 20 42 20
22 13 43 3 20 8 41 35 58 29
49 44 28 46 15 59 54 3 15 48
52 57 25 51 8 34 59 33 15 38
9 60 10 17 5 30 24 51 38 1
2 2 6 42 23 16 50 42 44 52
30 23 10 29 34 44 50 25 23 37
57 27 43 53 41 36 28 12 24 1
9 34 16 32 41 13 8 15 17 2
35 10 34 18 43 7 36 9 46 23
54 49 34 38 4 4 54 52 18 16
33 32 53 16 14 52 25 2 5 16
48 4 10 24 59 6 39 23 27 19
46 30 60 26 9 5 31 13 10 46
30 12 37 26 55 58 4 10 42 3
46 21 20 39 16 57 60 24 39 24
25 42 28 51 32 28 5 25 45 2
9 35 21 7 31 25 2 26 5 12
26 49 33 35 4 29 36 22 16 24
23 13 27 40 41 50 15 34 53 15
6 17 16 20 8 12 40 36 53 27
44 56 55 34 39 11 11 52 4 50
23 51 33 8 49 58 42 33 40 53
3 45 8 29 58 49 17 6 33 40
42 32 16 21 1 25 36 4 18 23
58 40 7 46 10 54 2 49 38 14
21 36 19 39 51 29 36 28 43 2
24 52 51 14 49 57 14 24 39 13
6 8 30 57 58 54 38 31 54 36
12 36 36 37 14 40 59 21 37 56
35 49 9 41 31 18 28 53 17 1
6 16 12 39 57 45 54 44 12 1
14 3 47 51 7 33 27 31 58 21
44 21 57 14 58 48 25 32 41 57
58 27 51 36 35 22 33 52 22 12
1 4 29 38 57 42 32 29 56 2
50 49 4 12 13 51 20 51 53 38
36 42 19 37 27 31 25 34 19 2
45 53 17 59 57 15 20 5 20 7
11 7 58 9 30 56 53 33 53 51
50 31 10 21 41 49 13 53 55 37
13 60 39 46 56 36 58 24 44 57
53 2 45 42 31 47 58 9 5 43
53 15 59 2 53 5 11 43 9 18
3 44 30 6 16 4 29 48 30 43
37 19 7 20 44 38 55 40 12 9
30 54 50 18 55 9 16 2 27 6
49 5 27 29 10 47 42 22 58 59
8 44 13 32 8 46 15 27 24 10
38 6 25 5 56 52 33 29 56 38
49 15 36 32 10 13 38 27 21 25
15 37 59 33 33 19 39 9 52 16
30 8 37 3 9 19 33 22 59 14
4 34 35 22 58 53 17 19 9 52
35 49 48 19 34 43 42 13 3 28
57 42 45 33 53 46 5 9 54 1
25 37 51 59 7 18 10 51 53 23
48 45 31 8 3 20 23 48 54 50
6 39 57 40 15 34 20 46 57 7
26 5 13 19 59 55 43 31 19 35
20 28 34 17 23 13 59 44 52 39
40 50 31 38 10 51 50 12 5 1
12 46 33 3 48 31 2 47 2 48
29 45 7 33 57 56 6 46 34 38
12 39 34 43 41 7 46 59 15 41
46 41 53 12 34 52 45 10 58 19
59 38 56 37 35 49 7 8 53 5
10 11 36 39 55 42 25 13 7 19
38 18 50 47 25 3 32 16 1 21
38 23 57 49 56 23 24 44 21 8
45 13 13 39 28 26 11 33 10 46
30 41 28 54 2 47 26 20 27 20
34 21 34 58 46 12 48 4 16 21
27 42 9 27 47 35 43 17 4 46
48 42 4 16 60 49 25 42 52 49
1 33 33 9 6 57 19 29 38 19
49 26 59 23 50 6 46 38 8 25
11 48 27 41 14 5 37 13 22 13
24 12 57 26 23 13 49 53 52 14
60 54 8 32 27 56 15 58 58 5
4 26 45 12 10 21 15 31 10 55
37 17 8 49 30 11 5 55 56 52
13 42 18 45 21 50 34 27 33 15
21 20 58 41 36 47 3 55 59 2
19 24 48 20 28 10 4 16 26 9
45 25 38 17 45 29 53 58 31 2
31 41 11 22 1 39 52 55 45 25
24 36 41 9 3 54 54 31 50 3
30 8 5 48 4 54 38 52 4 16
29 38 18 57 1 12 32 20 19 47
20 7 2 14 19 42 21 12 40 15
24 46 32 29 30 14 51 20 7 57
51 25 25 15 29 45 51 11 13 34
12 57 44 22 34 26 60 39 38 55
21 44 59 39 18 3 32 30 3 41
30 2 59 29 3 24 52 19 43 23
17 46 56 50 60 30 58 22 47 38
3 25 24 58 52 36 47 10 47 14
16 49 22 25 7 28 39 13 55 57
56 31 39 20 40 36 19 12 6 43
38 37 59 22 1 27 29 23 5 8
41 48 2 54 21 15 6 6 16 49
40 14 37 52 27 22 10 49 59 29
59 42 31 4 53 39 7 35 11 54
14 58 51 44 44 39 39 3 46 28
47 60 36 1 33 18 17 12 15 9
51 55 33 57 1 13 43 56 43 39
37 59 54 44 6 54 27 9 1 50
48 7 47 54 60 50 57 2 52 31
45 34 35 41 18 37 24 25 52 50
28 57 44 22 30 50 56 2 58 38
43 36 58 15 5 60 38 20 20 39
18 36 25 41 42 35 17 54 59 25
10 35 55 50 18 9 26 6 42 22
58 29 23 4 42 47 25 57 18 32
29 15 52 54 11 30 3 9 13 37
60 1 56 5 36 39 51 33 55 8
4 12 9 27 57 23 21 19 23 9
60 29 20 55 22 51 21 31 20 32
8 23 59 58 31 34 37 40 60 35
14 57 16 59 57 27 22 16 35 35
45 13 21 29 2 32 34 56 27 1
18 12 9 20 19 13 37 59 31 37
22 26 14 39 26 30 23 43 31 1
14 32 24 32 26 60 9 23 36 6
25 30 27 9 19 60 59 17 12 24
29 24 9 8 18 60 37 46 60 39
40 11 53 58 6 55 60 54 14 32
45 42 41 42 48 47 45 41 35 18
39 28 46 53 57 8 49 54 1 53
27 42 60 23 3 40 9 42 50 38
49 59 11 32 51 42 37 6 22 1
32 4 35 59 6 30 37 11 51 15
20 2 44 50 8 3 44 17 60 54
24 7 42 60 32 34 56 34 7 12
5 25 16 38 36 14 40 36 15 3
53 39 36 29 50 32 18 46 42 9
27 4 30 35 16 35 12 21 5 2
11 1 10 56 13 22 30 54 4 17
39 34 50 57 14 21 8 44 54 10
22 12 19 11 40 8 41 39 15 58
41 27 26 26 39 7 33 53 38 54
51 55 17 32 54 50 53 60 35 30
18 49 40 54 53 32 33 39 26 36
59 41 58 53 46 22 14 29 37 19
39 31 18 46 35 7 37 23 27 33
32 24 50 54 60 38 5 57 22 39
10 13 10 31 20 18 13 35 54 41
38 51 15 49 7 22 57 27 46 9
55 43 21 39 12 59 2 32 12 21
27 40 8 21 36 59 56 30 1 43
48 30 38 18 27 20 49 39 30 30
9 34 43 33 14 40 37 26 23 2
46 27 25 30 39 20 39 19 10 6
55 20 45 8 37 31 44 30 37 25
16 45 54 23 6 56 9 54 26 23
8 25 10 13 39 41 49 24 8 22
6 29 47 53 1 8 58 38 34 22
56 51 31 38 7 52 29 58 54 43
29 6 25 60 6 49 37 32 55 10
35 31 26 25 24 25 22 52 43 30
32 27 4 4 20 29 20 60 18 55
59 7 24 42 45 57 46 38 55 40
54 53 52 28 15 42 40 7 52 20
3 22 20 60 55 55 1 51 8 24
46 34 3 1 50 52 46 56 41 12
49 45 36 56 4 26 13 59 10 6
40 34 50 20 25 46 15 44 11 52
55 17 57 45 4 4 4 45 18 35
59 7 18 29 53 42 38 4 36 28
47 17 50 51 22 59 31 58 25 4
22 51 42 47 17 51 43 4 27 56
6 1 6 19 16 2 50 22 45 43
2 40 60 5 51 15 26 18 52 43
31 47 21 50 50 51 44 13 5 16
56 57 50 44 9 25 45 42 23 18
34 47 12 10 12 39 41 44 19 23
15 26 45 29 28 33 54 20 45 11
4 59 3 8 13 6 40 57 42 38
17 44 59 5 59 26 33 38 38 12
21 29 31 30 14 57 59 39 13 58
56 20 34 19 13 6 36 59 47 31
23 47 13 20 38 31 5 6 58 12
46 57 38 40 13 54 1 36 15 1
54 32 43 7 19 48 52 36 30 39
20 18 38 45 13 40 8 4 13 7
5 24 52 48 39 5 37 36 48 49
33 45 35 49 60 47 46 45 36 26
39 4 51 17 4 11 4 21 32 37
9 10 34 25 55 13 11 23 54 37
37 37 49 37 41 15 42 16 23 50
9 17 8 40 55 41 10 24 17 38
59 6 45 27 55 17 27 22 24 25
29 54 32 16 42 20 3 27 26 49
6 46 60 5 60 27 22 28 55 45
60 12 33 57 31 14 58 22 42 52
48 53 6 32 51 58 4 32 22 30
49 25 21 46 11 20 42 59 8 43
24 58 7 18 24 33 49 14 37 41
25 22 43 45 14 59 40 59 58 40
48 19 49 19 8 10 53 10 20 59
33 52 42 9 9 39 48 15 1 35
55 17 22 47 47 45 58 27 28 33
5 56 55 4 29 7 8 6 19 2
14 38 33 33 3 51 59 35 50 14
5 51 26 58 34 38 41 8 24 60
20 26 34 32 48 11 1 34 5 1
3 45 42 28 37 51 25 20 15 45
14 45 54 53 13 26 24 34 27 17
13 13 8 41 43 5 40 39 51 4
46 21 39 1 11 34 4 2 55 33
15 36 57 12 10 1 14 7 28 38
41 28 32 39 53 32 8 3 33 44
31 52 57 9 21 10 5 36 12 43
15 48 46 41 28 41 54 19 45 8
58 24 51 52 47 30 57 17 54 29
60 14 23 48 48 34 48 7 12 21
41 59 34 1 25 1 39 20 13 25
9 22 23 17 51 36 3 51 37 4
26 14 51 34 14 18 50 46 18 48
1 45 49 60 12 7 55 46 25 9
47 13 36 57 44 1 28 40 36 53
48 17 58 11 47 2 7 36 28 20
8 21 43 57 3 8 5 3 45 26
13 44 8 21 37 53 13 32 29 18
25 32 47 40 4 57 13 21 56 26
12 20 9 54 31 21 44 40 31 21
12 53 34 49 4 58 13 39 51 20
31 50 36 34 23 48 19 25 8 23
25 60 29 21 14 2 10 28 29 15
53 38 8 54 60 23 52 40 44 41
2 15 37 21 49 23 15 30 52 20
30 35 30 47 56 43 23 17 41 55
21 39 39 1 12 48 28 16 23 46
35 42 59 4 47 12 2 38 7 59
49 60 10 51 26 23 11 31 7 32
51 34 35 25 26 39 15 31 11 30
37 56 17 49 1 27 39 53 54 54
46 11 53 29 2 41 8 22 6 22
58 21 4 44 7 6 42 22 31 34
24 56 39 33 38 53 49 42 33 53
23 15 45 10 50 57 44 44 14 54
58 51 29 10 19 3 57 5 48 40
9 38 46 26 5 44 14 49 15 55
14 4 4 24 8 54 44 13 31 29
6 31 49 57 19 56 47 2 53 31
50 37 26 22 8 21 60 38 32 1
35 45 5 16 30 27 45 28 52 9
56 38 39 24 34 58 42 4 50 57
15 47 50 17 2 31 34 51 49 2
54 4 46 40 28 17 39 6 9 3
58 10 46 52 34 39 59 60 59 22
53 17 23 7 60 26 20 59 14 39
36 30 43 35 42 29 8 10 60 1
8 56 28 30 33 28 36 11 7 31
50 51 23 17 26 10 6 17 2 51
27 44 43 32 13 47 29 9 33 41
25 8 40 12 15 56 29 7 43 30
39 60 6 59 32 40 27 16 8 60
36 5 42 10 24 14 28 30 28 21
3 53 11 35 55 33 24 45 18 15
10 44 56 9 25 20 24 60 60 23
37 22 39 47 27 26 38 3 20 4
44 28 12 27 39 20 7 48 4 7
50 37 49 46 41 27 31 13 6 55
44 54 33 60 2 20 4 56 18 16
37 10 39 19 18 43 6 28 23 29
30 10 13 56 6 46 57 41 18 36
9 3 7 39 33 5 48 26 35 19
35 22 41 4 2 10 23 17 3 27
39 26 32 45 59 39 58 10 25 42
49 29 52 55 54 4 34 45 55 6
5 3 42 48 20 50 56 31 9 57
53 15 52 37 42 1 25 18 16 59
30 29 12 54 45 18 36 44 56 32
41 59 25 20 17 26 25 6 54 5
16 8 22 23 25 32 27 18 19 16
51 25 6 11 8 40 15 22 23 14
10 20 12 25 49 38 60 51 33 48
5 49 4 26 24 22 56 17 47 53
49 39 9 51 10 49 14 32 23 5
60 47 8 21 32 5 13 4 34 9
59 46 13 40 32 33 16 1 45 45
10 48 32 14 58 3 54 11 35 55
16 45 54 38 43 7 37 59 17 42
31 29 18 56 51 31 49 12 44 48
37 18 1 32 17 50 51 49 27 54
27 34 5 27 43 34 19 10 13 40
55 41 10 34 4 13 51 58 48 48
4 16 58 2 33 58 51 25 10 50
25 55 59 23 15 4 6 40 8 32
60 27 42 43 39 49 14 11 21 23
11 17 49 55 59 35 59 27 52 45
20 46 36 12 21 22 53 52 4 31
38 27 46 2 39 34 14 9 54 21
55 1 16 15 16 15 8 27 28 52
60 27 21 14 55 59 20 59 43 32
37 22 18 58 19 26 58 29 35 15
20 49 29 51 11 15 12 14 25 24
39 28 12 18 18 6 56 27 9 54
26 9 51 56 54 18 31 39 35 53
54 50 44 60 59 55 49 18 12 10
56 51 28 60 49 24 16 23 55 28
33 12 53 13 34 43 36 24 41 22
51 2 46 58 30 1 38 23 20 38
50 24 1 43 11 18 50 13 31 29
16 18 9 3 6 11 6 8 56 24
22 5 53 32 35 17 53 54 32 47
47 37 44 54 47 20 20 51 31 6
58 53 57 25 33 40 59 49 34 2
49 35 10 7 48 2 50 8 5 51
47 3 45 5 6 59 1 32 2 21
36 2 52 15 41 56 32 55 27 41
25 37 39 4 52 51 7 18 6 33
24 47 8 1 19 52 15 59 30 38
37 28 10 10 59 39 11 14 43 32
48 42 14 58 25 51 20 40 58 56
50 2 38 56 21 22 15 58 25 20
37 40 22 22 11 34 3 39 27 4
23 1 30 18 11 8 47 2 7 34
25 52 53 28 24 15 29 18 34 54
48 46 7 31 13 41 36 14 1 4
5 23 56 30 29 57 43 13 27 4
21 51 27 16 44 53 2 27 17 26
34 4 37 28 14 40 35 47 50 16
59 5 38 10 13 43 50 47 36 50
45 10 32 4 18 28 30 48 48 46
56 6 48 57 13 27 23 3 33 43
17 39 56 2 1 54 12 3 57 40
7 18 29 2 22 8 6 7 54 33
29 46 6 35 39 34 42 10 9 51
11 56 17 42 1 53 54 3 19 53
51 51 33 38 12 24 45 23 58 52
34 19 13 39 57 20 7 41 12 36
38 41 20 28 60 42 18 58 50 8
3 8 1 36 19 31 32 49 33 50
53 44 6 43 57 19 8 25 13 39
43 37 30 48 10 13 47 15 23 25
44 53 16 5 18 44 40 6 40 60
38 3 34 12 24 34 7 3 32 4
33 51 24 45 42 27 19 16 30 27
22 20 30 9 24 30 59 33 20 11
37 1 9 3 59 6 3 9 45 33
53 47 46 32 49 12 58 5 12 8
28 11 55 9 28 36 17 40 28 60
14 54 7 13 53 36 45 59 39 58
50 51 24 54 13 57 11 42 60 40
33 45 50 49 34 30 1 26 1 10
56 36 30 51 30 41 23 32 38 58
2 5 19 1 59 31 52 50 17 38
4 9 44 21 49 7 18 21 58 9
20 28 2 30 32 27 26 23 59 46
57 10 45 55 13 23 10 32 10 49
43 39 36 22 40 5 23 11 52 36
24 33 6 38 7 30 59 9 26 35
32 51 11 45 41 59 39 14 55 60
20 20 19 24 60 14 36 31 22 46
21 2 44 43 16 53 47 37 53 15
59 35 42 13 22 57 58 16 27 19
39 42 12 29 5 32 11 4 51 49
33 51 17 17 27 1 30 41 33 25
20 24 59 13 25 49 52 15 9 41
11 7 28 50 15 38 6 19 24 10
44 60 39 23 52 33 13 19 20 49
7 2 15 60 1 5 21 36 1 36
21 3 51 39 9 19 42 41 18 18
24 4 41 10 12 26 42 24 38 33
2 10 17 24 58 43 40 16 51 16
58 2 23 28 49 16 5 44 37 52
22 3 47 28 46 53 34 2 59 40
30 22 14 3 33 11 52 24 18 23
7 23 43 30 33 5 39 8 7 59
5 27 40 39 15 27 41 27 6 38
60 20 6 9 17 40 32 7 28 12
20 13 32 8 23 15 12 22 5 14
34 58 11 44 22 53 7 41 41 35
9 28 33 60 41 17 41 58 57 53
22 48 20 14 40 23 59 37 14 1
39 34 44 12 18 10 20 43 31 43
1 13 9 4 27 49 39 12 21 30
40 59 7 45 3 53 18 28 56 11
10 24 54 60 31 46 15 46 23 10
59 22 19 33 60 21 39 6 60 9
35 29 31 1 52 40 43 45 19 14
57 45 30 53 25 21 4 33 26 55
42 43 22 59 57 50 15 27 52 53
46 50 25 14 12 55 59 39 37 42
10 28 3 38 60 59 38 4 42 5
17 12 23 18 57 57 32 38 27 57
54 54 11 50 55 47 15 46 36 8
32 10 14 21 32 17 54 15 43 15
2 26 6 33 18 60 23 15 18 16
9 48 14 58 10 53 56 54 57 40
20 1 10 3 31 38 13 20 45 6
5 4 5 20 60 4 44 51 28 23
38 49 13 12 44 15 2 58 43 56
51 55 55 37 44 12 45 3 50 51
39 42 12 14 11 31 9 14 58 22
5 1 58 46 25 35 36 43 32 14
24 42 16 36 10 7 12 36 57 5
8 3 54 23 1 54 9 56 24 10
29 28 39 5 36 38 32 16 37 4
49 31 30 47 44 11 3 56 48 45
21 44 32 49 52 35 56 43 59 52
36 23 7 45 54 24 4 27 34 56
13 38 60 38 34 55 5 49 17 32
47 36 17 32 40 2 52 56 52 4
7 34 16 16 29 21 56 38 42 28
6 17 14 37 6 42 25 32 21 25
39 44 15 18 27 18 20 3 60 49
46 57 56 7 17 44 55 18 6 37
23 28 38 54 13 18 20 21 1 36
50 41 52 21 44 23 13 42 56 5
43 4 20 38 53 58 49 19 24 10
9 10 27 47 52 4 34 27 45 58
16 7 53 59 44 51 20 50 52 22
28 22 46 21 34 37 2 11 6 42
35 8 18 8 14 21 17 22 22 7
22 31 18 35 55 15 52 23 5 16
56 43 35 23 1 5 24 15 46 42
16 29 23 29 15 51 19 16 31 32
1 33 8 11 38 13 14 21 24 33
48 8 26 21 24 9 40 4 10 12
18 7 17 46 41 59 55 35 38 31
41 39 60 16 22 37 5 60 4 29
9 12 2 8 14 57 26 1 25 27
34 20 45 1 3 15 28 8 56 56
42 28 1 26 57 25 14 20 18 42
6 34 11 45 51 3 44 56 34 17
51 59 14 21 55 24 18 21 12 52
59 56 27 16 48 19 25 60 40 43
22 25 17 41 31 6 28 4 3 36
54 32 45 44 9 30 17 3 45 11
13 22 18 51 60 34 20 4 50 23
15 47 21 45 23 21 8 3 5 26
46 32 5 43 19 39 14 4 27 43
7 45 9 41 46 54 32 26 41 24
50 46 1 19 52 22 35 48 56 26
56 56 33 12 18 16 4 6 49 53
8 59 50 28 35 26 33 6 16 5
33 6 27 35 46 42 57 5 13 23
1 50 2 52 55 10 7 27 11 31
54 51 4 39 22 50 6 42 29 1
21 29 50 26 47 37 26 58 45 1
55 1 23 30 36 33 56 48 26 32
41 43 28 56 32 15 14 37 17 28
22 9 49 11 3 11 57 39 60 58
14 41 51 13 4 46 53 34 55 51
58 38 21 27 18 1 25 45 38 14
37 32 19 7 56 30 9 33 4 40
46 59 48 58 43 4 10 6 46 18
55 18 55 21 56 53 54 36 10 34
50 56 13 44 20 37 37 39 14 37
32 28 34 57 22 52 5 14 6 13
1 60 41 8 9 41 9 22 23 26
28 46 7 39 1 16 12 18 54 54
48 48 31 28 1 43 9 52 57 33
30 7 20 41 36 56 9 52 21 7
26 30 49 15 49 31 20 35 58 53
46 15 46 57 54 19 39 53 49 32
18 34 21 3 46 19 5 31 5 25
59 7 44 20 27 7 25 17 19 53
54 55 51 23 27 60 18 24 6 9
37 13 48 57 8 28 19 18 55 1
3 13 14 56 56 7 11 44 8 24
2 35 53 27 53 25 50 51 28 56
18 52 7 21 53 46 22 19 31 19
50 13 58 40 21 8 50 59 51 31
22 44 44 33 10 33 25 18 29 18
55 30 11 16 7 36 41 26 25 53
35 37 51 58 60 39 22 40 24 19
41 27 23 1 41 7 20 2 37 1
24 42 7 33 10 11 33 59 55 23
47 46 54 47 19 42 53 52 7 42
41 5 7 3 44 53 16 6 34 47
26 7 31 20 7 50 51 6 49 59
41 9 55 12 35 24 26 37 35 14
25 60 15 46 19 17 11 23 33 46
37 24 5 43 45 29 39 2 13 59
50 37 55 26 39 1 57 1 3 7
35 6 36 30 15 34 11 19 54 60
24 10 10 21 25 9 1 38 51 54
33 54 3 40 16 35 48 55 59 56
7 50 55 8 39 37 13 23 18 14
3 5 34 29 12 49 1 20 28 29
4 4 18 10 37 20 16 12 21 12
52 45 56 52 60 52 51 29 19 9
39 19 42 35 30 32 32 21 18 20
14 49 11 17 33 41 10 56 15 19
31 4 44 24 5 29 35 11 52 1
32 32 3 15 15 17 12 13 33 37
13 45 15 30 31 49 23 26 48 23
46 37 16 50 15 29 33 26 25 55
44 29 26 29 27 22 18 49 7 20
5 59 18 48 2 4 7 24 43 46
20 10 10 3 13 38 33 1 48 26
17 11 6 15 53 42 47 11 16 2
34 57 16 57 52 2 53 7 44 20
55 59 26 47 27 1 12 16 56 43
17 20 39 50 46 52 33 37 20 6
38 19 12 41 13 8 31 58 21 30
32 45 20 31 40 14 17 41 13 12
57 16 28 52 12 31 12 47 39 60
19 38 23 32 54 1 39 41 49 5
35 54 25 15 3 31 4 3 54 16
29 21 32 24 17 60 9 24 58 44
42 45 38 7 19 32 45 29 36 49
35 4 53 20 32 14 1 22 39 6
45 36 13 9 15 1 43 46 16 21
34 13 17 3 2 46 47 43 16 21
43 49 25 52 50 43 56 43 43 36
41 18 55 24 7 49 23 52 35 35
16 27 32 25 43 60 6 3 15 38
6 25 36 31 10 39 50 58 18 12
59 29 5 45 48 55 41 42 27 53
48 59 33 49 29 56 3 4 12 5
8 45 28 1 14 23 7 30 37 56
22 50 11 43 12 15 27 49 48 16
42 45 5 30 13 30 43 35 17 23
38 35 19 10 11 19 49 21 55 13
27 37 54 8 4 22 31 49 29 50
47 28 6 2 26 20 22 59 17 11
51 40 4 19 37 28 55 43 49 54
1 38 1 36 9 55 20 13 52 54
57 43 56 4 16 45 30 49 29 18
1 30 17 25 54 55 54 25 9 13
2 22 4 13 34 15 35 30 23 29
3 46 39 22 4 37 29 41 21 36
15 13 21 29 39 29 20 51 34 3
45 19 27 19 43 40 39 58 21 1
10 2 21 42 8 54 30 37 51 51
23 38 48 31 9 20 13 54 39 38
9 35 52 23 18 50 26 10 50 21
1 48 16 21 29 11 20 36 58 33
45 35 15 19 48 15 45 12 59 3
42 22 15 49 46 14 58 52 25 48
25 58 24 12 25 10 22 33 59 60
40 53 58 26 42 41 36 30 52 3
31 39 10 36 13 11 41 53 54 19
16 1 44 50 57 12 42 47 34 32
41 47 23 6 24 31 29 28 53 11
49 52 29 18 10 59 42 52 12 4
36 42 34 59 12 15 18 12 29 57
34 52 31 1 19 18 5 10 17 12
51 48 26 12 42 26 45 4 22 53
56 14 22 10 10 32 46 23 47 24
31 1 1 58 22 3 39 9 46 9
57 46 28 12 53 19 19 8 27 19
48 24 1 43 36 27 5 50 46 51
14 35 17 33 1 28 42 19 44 5
4 51 27 50 19 54 41 44 23 42
42 9 23 54 59 22 3 39 41 55
33 9 28 33 56 5 57 33 26 6
11 50 52 2 3 42 57 28 60 41
14 57 4 41 43 34 8 40 35 46
6 40 22 3 14 39 49 23 25 11
12 40 22 7 57 25 16 60 22 42
21 59 7 31 22 36 48 31 16 6
32 18 30 53 20 56 57 28 9 5
16 32 18 20 14 10 50 56 21 48
16 7 21 1 9 2 19 15 1 9
35 40 29 49 46 3 12 8 41 18
19 53 28 47 1 1 15 45 56 15
46 23 36 16 43 17 48 43 27 27
35 14 31 41 44 54 14 20 60 45
34 7 14 52 9 33 13 28 28 1
60 3 4 20 24 46 18 22 56 9
22 39 46 13 52 19 37 4 2 14
35 22 26 5 2 53 18 27 10 23
24 4 46 45 42 48 48 27 10 14
21 3 8 18 35 47 30 44 54 22
28 15 36 49 47 4 51 42 38 26
48 43 54 2 50 18 47 60 5 15
38 54 38 15 35 35 27 34 20 12
4 27 24 55 51 45 50 58 15 13
24 42 14 39 60 43 54 44 48 58
42 15 16 55 45 32 28 13 14 22
42 19 6 25 55 1 13 55 51 30
24 16 50 40 25 26 2 16 47 27
28 56 43 37 60 56 45 51 28 29
44 24 28 34 29 23 50 56 60 20
56 5 9 58 17 9 58 24 7 52
45 40 35 47 13 4 45 34 60 52
42 35 49 13 30 18 37 10 37 25
29 48 30 47 52 49 55 41 34 54
18 37 16 43 22 36 6 47 3 28
26 3 4 33 34 52 7 19 36 15
14 2 38 59 47 2 57 21 58 17
29 9 46 13 47 4 8 59 7 29
57 48 27 38 37 27 44 43 58 57
8 34 53 14 40 7 2 16 35 21
60 10 17 47 10 54 5 51 28 49
24 34 55 53 35 1 8 4 1 26
8 25 24 27 35 48 21 51 25 16
26 33 29 21 53 27 51 32 33 3
53 33 36 7 16 60 50 29 25 33
43 56 58 27 30 21 47 2 9 38
15 24 4 17 24 17 1 42 15 48
3 28 56 21 7 41 51 43 31 50
38 28 10 19 23 12 48 12 5 25
58 26 32 17 43 11 44 29 60 6
58 7 9 36 40 34 16 40 1 44
18 11 24 3 23 5 21 50 2 51
48 18 9 50 12 54 29 37 53 43
43 23 58 52 8 23 37 32 29 3
31 31 59 14 9 53 41 7 8 56
25 16 54 53 27 59 25 22 55 18
8 35 40 57 53 36 1 44 16 52
12 59 7 56 42 12 33 12 22 23
57 8 52 11 55 40 23 7 9 58
5 2 33 31 9 21 60 48 9 44
30 12 45 47 35 12 13 20 10 53
8 42 46 45 33 26 23 36 40 38
58 32 2 58 59 52 25 25 2 7
33 29 37 43 29 37 17 58 38 34
57 39 57 56 16 9 27 36 17 11
46 19 8 14 48 9 2 51 40 23
57 2 37 30 23 26 28 16 42 12
20 40 21 59 21 31 10 56 14 7
8 40 10 9 34 45 49 39 59 33
18 9 14 54 10 17 9 8 32 24
28 40 22 1 59 59 54 4 41 52
53 38 38 57 17 43 34 26 17 9
31 48 14 4 40 17 17 55 35 8
36 54 59 51 32 4 31 54 57 58
14 19 59 26 23 32 22 43 2 60
60 8 58 21 31 40 8 57 20 60
38 52 17 60 21 36 44 7 49 37
4 54 2 36 31 37 47 41 39 47
46 21 44 14 48 32 13 50 1 2
30 42 10 2 34 58 20 16 53 17
27 51 9 4 21 23 3 42 42 42
58 29 55 18 48 52 3 49 55 39
47 26 25 13 52 28 53 15 32 58
51 45 53 47 44 24 14 28 22 53
57 54 38 47 38 7 2 55 34 27
10 20 51 18 12 28 11 17 52 10
2 21 48 1 57 7 21 50 49 33
32 47 27 55 20 29 30 4 42 13
20 33 54 30 2 19 34 51 47 53
11 4 13 31 2 51 38 23 39 38
45 21 1 38 32 44 58 48 20 57
58 49 21 16 42 44 32 27 49 32
54 19 34 54 59 1 14 29 16 46
41 52 26 49 17 16 52 50 23 4
39 12 1 32 14 55 1 35 34 43
32 3 1 50 12 24 14 13 26 48
27 30 11 13 39 2 42 53 58 36
36 23 41 46 1 27 57 29 20 21
3 21 14 8 44 36 12 35 16 37
39 42 10 21 30 60 8 8 32 39
41 56 32 54 6 46 16 19 33 40
59 53 14 57 24 32 2 43 23 58
50 31 29 30 11 14 50 6 14 48
42 8 31 56 13 18 54 45 60 29
43 60 28 20 5 60 39 7 40 43
23 27 12 12 6 45 60 11 6 42
13 6 17 54 34 13 20 43 13 5
12 16 37 60 24 6 19 32 37 39
58 7 18 16 43 18 59 2 28 19
11 55 10 24 11 45 7 16 10 28
56 54 55 15 46 11 27 43 30 42
48 25 34 52 35 8 13 26 6 15
22 17 24 60 25 10 18 40 25 59
51 1 38 49 18 7 52 53 38 22
21 12 26 30 21 6 52 21 20 47
28 43 34 21 3 29 49 8 42 22
27 31 45 27 30 35 4 46 11 36
5 47 8 46 46 15 14 15 49 56
37 43 14 41 55 34 58 13 35 55
47 40 19 33 24 41 36 54 56 6
19 44 5 45 43 33 43 45 42 34
10 18 53 50 21 56 34 60 55 43
6 34 12 49 8 52 10 16 23 13
38 25 1 30 21 23 54 35 2 49
24 5 8 1 57 3 31 4 31 60
3 26 42 7 36 28 44 57 34 18
59 2 14 56 3 16 20 3 36 11
21 14 17 19 11 27 53 60 49 32
53 23 16 4 29 43 53 24 49 16
7 28 54 43 9 21 2 33 22 59
28 32 23 13 16 14 30 47 57 32
37 30 58 60 6 41 19 8 31 55
56 14 44 3 37 47 23 41 34 40
44 56 46 55 41 10 10 4 7 10
54 28 33 44 34 40 19 47 12 9
30 17 45 49 12 17 33 56 44 17
22 20 19 31 30 13 2 44 51 43
4 28 34 47 33 25 24 5 55 24
47 49 23 45 12 12 52 5 7 34
18 11 4 30 4 14 48 30 3 39
49 11 38 49 2 19 56 55 51 51
3 46 41 31 15 29 41 36 28 26
21 21 23 50 47 44 10 20 51 3
10 33 26 37 29 54 23 48 23 54
16 44 34 19 47 11 21 19 49 10
4 47 35 17 55 25 11 13 45 6
10 12 25 38 34 49 11 59 54 48
56 22 57 5 14 41 51 14 38 42
20 3 2 27 12 10 33 53 14 57
42 4 9 30 21 1 58 17 13 21
17 42 1 44 22 36 40 6 32 40
20 33 2 26 28 43 37 25 29 52
18 48 12 7 42 35 22 58 31 7
29 26 35 4 42 7 15 14 32 41
45 15 14 45 8 25 21 55 16 55
51 11 17 28 19 30 29 37 10 2
53 23 40 38 19 9 4 12 9 4
51 31 37 2 19 37 49 10 27 52
27 25 58 25 28 44 60 6 43 28
33 58 17 23 5 42 22 7 41 8
11 58 36 14 46 11 32 46 59 44
17 39 17 1 50 21 29 24 19 58
10 2 27 50 37 47 54 34 37 5
5 9 54 24 25 25 31 13 15 25
59 54 11 8 3 16 24 54 6 10
14 16 32 16 42 20 42 9 31 36
34 22 56 3 45 12 4 43 50 59
32 20 60 26 4 29 4 54 26 45
38 60 47 10 2 23 11 42 12 53
39 19 53 2 12 46 2 14 36 46
10 14 36 10 48 18 1 26 54 32
38 45 23 45 2 24 36 25 54 43
26 24 37 8 7 16 32 31 50 47
31 59 12 18 10 56 57 55 49 35
39 4 41 19 23 37 28 24 28 41
49 49 31 48 27 58 15 8 18 5
17 50 36 37 12 42 18 51 2 58
21 57 59 43 21 10 17 28 23 49
4 18 10 43 34 11 10 43 33 25
35 58 3 55 38 12 17 13 17 42
13 32 20 53 35 48 12 56 45 55
14 25 25 20 23 32 36 29 1 44
39 59 34 5 22 50 25 45 29 47
29 56 54 51 29 47 55 54 11 55
30 52 50 3 56 34 39 19 3 57
56 53 37 16 9 4 11 52 10 45
52 54 19 57 15 18 32 21 34 12
41 42 2 35 9 57 13 27 33 14
9 34 34 20 9 29 7 52 9 32
45 50 13 22 16 16 26 36 10 12
4 13 57 33 6 44 59 11 25 37
28 38 55 25 2 55 52 36 40 8
10 12 48 8 3 23 8 54 25 18
1 59 51 9 16 41 43 44 50 38
32 36 49 18 52 30 8 17 19 41
36 45 22 46 37 56 3 33 2 55
20 57 7 23 29 55 24 30 16 49
38 53 39 38 28 25 34 26 53 13
27 42 55 6 13 9 10 57 38 28
53 32 11 8 44 13 28 19 2 38
47 29 6 44 47 28 60 8 8 4
59 41 12 57 4 44 43 19 50 12
2 56 31 17 35 4 28 57 46 48
60 23 24 18 51 12 8 51 43 47
31 40 50 7 59 12 38 7 49 8
53 41 19 22 36 60 37 20 31 59
3 28 60 48 16 16 14 43 6 50
2 9 56 14 56 29 9 38 60 23
9 2 59 32 32 43 35 31 32 22
45 43 37 44 41 6 2 42 19 31
58 28 35 20 34 42 15 19 42 5
37 16 36 37 4 21 27 38 48 40
45 12 1 35 21 53 35 6 55 15
3 20 31 32 31 51 9 16 48 10
44 43 58 7 21 35 19 49 13 21
19 60 41 50 60 17 27 24 45 44
10 13 19 1 17 27 57 10 3 10
59 24 26 25 56 11 31 16 31 27
24 2 42 52 18 29 21 42 14 43
41 17 23 24 37 59 48 33 15 55
51 54 23 38 44 50 6 8 3 31
51 58 52 16 16 43 7 15 22 57
25 36 13 45 44 18 20 49 47 19
1 1 5 50 20 18 35 18 41 10
45 3 46 38 20 55 20 25 37 9
49 17 21 12 35 59 11 5 60 47
6 32 31 17 18 9 1 31 36 46
14 52 40 10 55 47 23 40 54 45
17 11 56 20 59 22 51 55 52 30
15 14 50 55 18 12 35 26 7 2
58 37 54 59 7 25 5 4 43 45
52 40 44 19 60 29 56 18 51 49
14 13 42 39 39 14 12 34 37 19
29 17 24 37 16 8 13 52 43 4
58 10 37 45 18 42 56 27 27 56
8 22 30 19 24 5 19 43 32 43
24 59 38 51 40 49 30 41 52 3
29 43 59 15 4 11 10 48 21 60
27 22 44 3 13 6 37 39 34 52
38 58 3 17 4 24 34 32 37 20
2 45 53 1 28 46 19 31 37 2
14 1 60 38 11 53 10 42 54 23
3 26 44 36 26 53 19 55 53 37
54 40 36 10 53 19 51 34 26 18
18 5 55 57 47 56 6 45 32 1
37 35 25 28 3 47 4 5 25 45
33 4 24 35 23 21 9 12 40 38
59 4 39 3 17 38 10 11 15 31
48 59 19 46 20 59 50 37 12 36
45 37 55 7 25 31 53 56 44 25
45 26 22 10 59 56 50 10 19 13
38 26 39 57 1 2 50 41 1 48
33 59 23 58 14 40 22 55 47 26
46 1 42 24 43 15 36 26 27 6
6 33 33 30 5 22 54 12 17 10
7 60 36 14 33 51 36 18 53 6
39 47 30 21 2 47 47 26 6 16
55 19 20 47 51 7 33 19 20 7
40 11 46 7 48 46 11 16 16 30
26 8 31 9 14 1 36 40 43 53
42 15 44 19 48 6 52 34 34 50
9 50 33 10 14 56 7 1 15 7
32 39 55 7 52 19 8 45 55 15
9 5 23 7 23 43 53 28 4 19
10 28 45 26 26 16 9 56 52 42
7 52 29 22 31 39 58 29 60 23
33 12 24 24 54 14 5 40 39 35
21 33 30 5 37 58 10 32 38 3
19 18 58 26 34 33 8 49 56 3
13 57 19 25 3 35 28 9 20 28
32 58 50 50 49 36 60 4 9 36
56 22 17 38 5 34 57 52 11 54
25 51 34 11 51 18 52 29 48 41
20 53 57 18 10 46 39 8 29 57
52 35 60 26 26 18 9 10 38 18
39 27 43 37 50 14 6 39 18 54
36 8 44 15 18 20 1 38 35 29
47 47 25 25 56 14 48 22 44 31
32 6 29 27 22 42 8 51 42 40
29 31 12 49 43 40 31 3 18 50
28 27 46 35 32 37 11 48 11 22
54 35 40 28 34 39 11 46 33 8
38 22 51 50 53 4 14 33 24 49
24 27 30 29 49 34 6 11 17 54
3 40 9 13 35 25 39 2 50 46
60 46 11 39 42 44 28 43 26 54
33 59 10 2 47 11 15 2 19 8
60 43 60 19 43 48 1 27 56 18
34 15 46 16 8 8 27 51 27 16
40 9 29 16 33 5 60 32 22 24
38 4 43 1 17 22 14 27 18 16
19 10 13 30 56 19 30 25 44 24
12 26 14 60 22 48 38 55 17 14
23 58 44 21 35 38 23 60 34 1
13 11 54 60 13 38 43 54 53 3
52 57 56 3 53 24 35 38 53 35
19 43 59 33 36 57 20 55 8 17
2 25 40 60 8 49 15 58 24 60
26 18 27 44 37 17 11 59 41 7
48 23 1 4 16 19 48 34 18 25
19 34 49 25 45 19 30 40 36 54
42 5 36 29 17 34 40 38 56 59
22 23 48 41 37 40 32 17 34 8
35 22 7 15 11 50 57 46 22 8
14 6 17 20 31 54 56 34 55 30
6 36 28 18 19 41 11 38 37 40
14 20 18 54 46 3 1 3 31 50
53 58 18 56 37 28 38 30 34 25
36 60 4 7 15 29 18 60 42 59
20 55 21 16 38 15 1 15 48 39
60 5 16 11 24 34 46 22 31 29
6 29 6 2 36 9 23 19 22 12
17 50 28 56 5 6 12 21 32 59
23 20 47 52 47 43 49 27 44 58
35 16 54 3 43 28 59 55 54 18
14 59 15 30 55 46 27 27 57 4
59 21 55 51 55 44 49 51 56 16
16 13 33 56 22 41 38 17 41 7
25 37 17 15 33 43 10 6 22 54
32 11 4 44 30 26 24 55 52 13
3 25 60 34 54 36 16 56 48 41
43 16 9 43 24 22 23 42 40 5
47 31 48 33 60 22 45 38 41 48
30 19 53 21 56 30 1 39 20 6
6 60 4 16 38 36 29 31 43 24
41 47 34 15 52 55 18 51 36 18
56 31 17 28 51 49 32 19 10 45
51 43 11 57 52 53 41 5 42 14
14 33 18 11 10 57 12 27 43 58
29 30 52 10 29 14 11 45 31 23
18 46 60 60 30 55 34 41 13 32
38 47 21 23 16 11 42 56 49 18
44 49 47 52 49 16 14 25 25 47
4 44 39 16 43 53 31 42 53 31
21 49 56 52 14 47 33 35 44 33
21 31 5 26 15 44 12 48 37 24
16 53 30 27 6 33 7 1 14 6
42 30 52 59 52 37 58 13 25 34
46 47 10 27 9 36 28 23 11 4
30 21 23 27 18 29 8 52 18 55
11 34 37 30 31 20 45 1 31 46
55 6 16 23 27 49 19 7 44 4
8 21 45 21 41 46 57 30 60 8
18 51 59 7 39 11 32 60 45 43
25 31 18 8 42 57 58 47 2 25
29 11 20 50 13 27 57 4 34 32
50 13 40 25 53 58 58 23 1 13
42 28 19 20 17 52 18 39 59 23
37 58 21 14 58 35 25 52 53 1
57 12 42 60 1 24 49 29 59 47
26 45 24 2 58 22 39 16 51 58
13 3 57 13 39 51 55 1 58 5
60 28 3 57 20 58 24 14 35 48
17 23 24 35 60 13 19 11 2 7
22 54 5 38 25 25 22 21 39 6
11 2 41 57 39 26 43 17 51 11
31 35 33 42 19 18 35 31 60 28
27 27 37 55 46 50 54 4 31 22
54 51 45 38 15 28 21 43 9 43
20 56 25 6 38 26 25 19 44 7
53 52 37 60 56 28 22 20 34 17
32 49 44 21 54 27 6 34 25 46
3 25 34 38 38 35 42 29 50 15
1 24 8 53 31 53 30 19 55 42
19 12 25 21 32 51 43 39 10 9
1 34 2 15 3 18 25 26 13 36
23 27 25 44 4 19 30 43 60 45
24 13 2 39 46 11 43 5 31 54
44 42 31 46 28 4 49 33 1 19
19 3 54 19 1 24 25 28 43 19
28 37 43 23 53 49 42 19 1 30
1 12 9 36 40 30 11 11 1 40
10 45 27 4 53 23 2 45 17 19
12 1 42 59 27 3 27 29 55 1
33 17 23 22 53 28 16 31 38 43
9 21 12 23 29 52 31 2 24 44
51 49 9 26 27 18 58 39 4 58
39 47 3 59 55 37 58 18 10 59
12 24 19 2 13 40 53 50 19 21
17 11 46 4 31 49 6 46 51 12
57 38 6 31 4 29 50 2 24 5
20 25 58 25 35 17 56 57 43 48
23 16 29 24 31 51 50 4 37 58
44 41 9 58 34 11 13 1 14 4
6 8 40 42 13 10 39 20 22 33
47 23 43 22 54 47 30 10 12 27
20 54 27 53 39 47 49 6 8 6
6 34 22 50 26 48 47 18 6 7
52 11 13 52 19 35 16 17 48 29
37 45 45 57 7 32 47 25 8 32
10 31 60 30 25 20 34 56 25 38
53 1 31 45 25 27 41 3 21 46
15 3 20 36 33 2 60 31 47 58
46 9 11 13 28 15 55 34 28 32
55 40 29 24 21 5 25 30 28 19
43 46 15 50 6 49 4 35 49 20
45 48 39 56 49 3 49 6 7 38
16 32 25 18 31 40 25 13 14 10
2 5 29 35 32 17 53 11 31 60
44 32 3 5 52 29 10 59 26 47
8 28 53 42 10 58 20 44 47 37
30 15 53 17 46 14 28 5 16 32
25 48 49 9 41 47 45 44 44 41
22 23 24 10 39 50 52 50 50 43
47 38 39 42 52 33 52 11 5 17
36 40 59 14 60 43 5 38 55 1
30 40 8 9 32 57 29 57 42 17
32 41 4 38 54 59 60 1 55 3
40 25 29 19 37 42 41 47 57 1
13 28 45 41 56 3 16 48 31 26
36 51 40 23 37 55 45 43 13 47
50 34 1 55 31 1 20 54 18 54
26 43 5 21 42 37 59 40 27 14
36 39 13 33 59 16 11 55 41 60
14 21 60 5 39 19 29 52 12 29
40 30 16 1 26 22 33 21 6 19
54 2 21 19 14 42 48 28 40 19
17 6 1 23 36 33 46 32 33 38
58 56 17 47 22 35 6 31 57 43
24 35 4 53 16 49 14 49 30 56
27 60 35 22 49 55 32 19 3 48
45 25 31 27 15 25 31 40 47 21
1 47 51 39 7 23 58 57 15 41
18 58 16 35 5 33 34 54 50 26
1 53 27 30 28 30 37 19 60 5
53 4 40 33 38 47 55 27 53 21
13 17 42 40 42 41 51 45 40 19
41 26 31 4 13 50 29 59 1 59
50 25 45 6 60 6 49 43 43 5
52 49 24 17 42 51 59 20 16 31
20 39 38 45 17 4 24 18 15 35
23 56 33 39 16 16 48 41 45 22
48 9 32 21 20 30 12 28 18 46
24 25 9 22 21 19 19 31 20 35
35 14 48 20 51 50 8 32 47 3
29 10 59 28 4 7 13 17 20 58
12 31 44 40 53 41 16 20 8 35
51 20 4 18 36 49 16 15 50 53
28 9 38 37 44 40 26 17 9 37
29 20 16 58 33 26 27 22 22 8
50 32 25 30 44 29 33 48 33 57
48 55 32 60 19 22 21 53 5 10
38 44 7 5 8 26 22 56 39 25
57 27 56 26 8 42 34 57 45 28
19 33 40 40 48 38 35 1 30 57
60 16 31 27 16 14 45 43 43 46
20 6 31 41 2 33 49 13 14 2
2 27 30 31 48 35 10 51 7 18
42 38 4 20 37 19 22 39 60 14
28 1 22 56 56 53 21 39 47 9
4 53 14 33 35 54 10 57 25 30
51 42 59 4 56 43 14 36 46 45
25 38 21 35 40 60 33 31 7 56
60 54 5 51 55 52 49 1 52 8
3 4 25 10 20 30 13 12 39 4
54 10 21 15 42 50 52 57 7 25
35 43 27 32 26 59 24 39 11 27
23 9 37 10 30 41 26 24 22 41
37 38 56 11 1 7 2 13 58 60
9 15 60 33 12 54 56 43 13 15
39 37 45 31 38 10 58 30 32 35
11 44 10 2 20 45 19 40 10 40
44 10 1 56 1 56 30 29 40 18
12 12 50 3 40 57 24 46 47 37
21 12 47 49 21 6 15 5 52 6
6 20 5 4 59 19 31 53 45 23
58 9 36 1 2 48 50 57 38 54
25 22 12 25 35 11 26 21 35 58
20 24 22 53 47 41 58 53 21 55
38 59 5 38 7 34 22 53 48 54
7 10 23 35 13 11 39 52 31 31
54 25 44 32 54 4 32 48 8 53
36 22 58 4 49 39 23 54 35 45
10 37 43 4 58 53 17 21 32 38
1 53 48 25 39 10 3 2 23 44
10 47 5 32 29 56 22 30 45 15
52 37 47 43 60 26 41 1 1 19
13 1 5 56 42 1 59 23 12 44
45 40 50 47 7 39 5 15 31 4
15 45 32 33 28 31 31 16 22 26
16 20 22 17 43 33 41 59 13 34
46 35 53 60 23 50 41 33 48 40
54 54 55 26 19 38 7 29 33 19
20 53 44 29 18 30 44 58 26 17
44 43 57 23 20 3 1 38 48 48
43 16 51 6 31 52 21 38 25 4
19 32 50 39 49 6 40 2 18 45
14 23 23 28 58 7 6 49 3 48
27 36 58 25 14 4 24 40 13 31
33 32 57 13 53 32 21 59 29 43
7 15 60 35 6 39 1 59 55 31
57 34 34 58 60 33 51 30 59 3
25 23 17 26 28 28 49 45 59 39
9 4 54 15 60 53 25 22 29 24
36 36 49 24 58 2 54 30 54 50
5 33 39 7 1 51 29 47 38 17
16 49 37 37 50 54 55 55 15 6
9 48 59 22 5 39 36 53 3 3
50 22 2 39 27 22 10 32 2 11
34 23 41 37 13 56 21 41 4 6
6 49 14 25 49 7 52 12 54 25
35 42 40 58 15 47 58 6 41 10
39 47 21 1 19 49 25 29 11 36
19 5 41 7 54 33 18 10 60 14
19 27 2 22 12 20 48 35 25 13
30 24 43 32 27 42 45 37 45 35
5 7 52 6 28 29 43 33 16 19
29 53 41 21 22 25 34 33 17 31
27 51 14 11 34 32 20 50 50 25
27 55 26 31 34 34 17 46 24 3
5 33 5 26 26 16 35 24 10 10
11 56 40 13 37 34 22 8 9 59
16 26 34 39 43 12 9 20 33 3
41 58 10 45 35 11 16 29 5 30
55 3 14 22 18 12 33 26 44 5
4 59 5 25 35 34 46 19 60 58
22 42 2 57 9 15 54 9 48 13
58 57 49 30 34 20 23 50 27 25
23 59 59 7 36 25 16 8 56 34
28 17 29 26 30 38 12 54 38 10
1 31 59 20 5 39 16 20 58 60
23 49 23 8 44 14 17 25 47 28
14 35 37 49 17 14 16 44 52 20
4 47 7 4 58 56 26 8 7 7
36 57 58 35 53 11 28 40 9 34
10 48 53 30 41 46 28 29 39 10
44 37 20 16 7 50 49 33 57 4
27 40 55 59 14 57 36 25 54 46
28 12 35 46 3 24 23 23 17 7
6 47 19 12 41 45 38 23 31 5
12 6 18 35 46 43 30 57 13 31
50 31 29 37 36 1 37 50 29 59
15 6 6 48 35 4 17 24 48 33
12 20 48 57 28 44 19 9 13 29
33 44 31 52 33 38 12 22 1 13
30 2 58 57 15 22 7 5 53 8
6 14 4 38 18 24 24 54 57 46
1 9 39 22 48 27 39 52 4 34
49 23 19 21 9 57 8 26 28 17
16 23 15 8 41 57 38 4 2 27
23 26 11 54 20 38 5 44 50 5
12 59 21 47 58 23 51 55 55 41
19 34 7 47 42 19 28 31 18 15
52 10 11 57 32 23 44 29 25 56
55 43 13 45 7 7 59 55 57 30
38 38 11 51 39 3 32 41 16 15
22 3 48 25 20 44 36 44 42 13
31 15 13 33 15 53 27 31 57 36
35 39 40 35 16 30 3 35 3 1
10 40 24 15 32 39 8 9 30 41
41 18 17 19 35 31 31 46 56 53
23 12 1 41 39 1 55 50 35 42
18 53 51 45 42 18 51 2 16 15
10 53 31 39 53 1 50 44 28 6
37 58 27 56 8 2 26 17 3 49
19 11 41 41 47 36 13 59 57 20
28 29 41 13 31 55 47 39 36 10
18 58 58 12 15 36 51 14 31 11
37 3 23 49 58 14 6 55 25 59
34 5 9 1 40 34 47 58 44 60
54 53 26 31 12 57 60 36 10 29
16 57 41 42 25 10 40 9 22 1
26 28 32 38 40 40 47 41 52 57
40 53 53 54 37 57 10 14 24 32
14 29 46 44 16 43 57 30 22 56
59 16 20 58 49 55 24 53 10 28
43 17 6 57 54 4 18 55 51 10
52 11 8 45 47 58 32 46 20 47
17 28 10 57 55 59 2 12 50 41
37 21 47 7 14 52 28 20 50 59
39 23 30 55 43 41 19 15 33 44
54 32 60 42 24 1 60 45 31 56
49 9 48 60 13 14 38 16 47 20
27 37 24 36 36 60 54 19 4 20
36 27 35 59 42 46 34 56 18 44
47 9 28 23 26 47 12 10 8 59
37 17 20 6 30 1 46 18 4 56
39 20 35 37 6 46 40 6 52 57
22 38 19 26 8 10 42 33 3 50
59 4 26 42 41 25 34 24 41 38
49 31 27 28 14 24 31 50 44 37
31 15 24 59 46 52 59 19 48 51
1 23 25 55 18 38 53 27 3 17
29 22 42 51 16 5 2 26 4 59
9 6 56 5 11 60 12 11 6 21
46 3 46 9 31 59 52 24 40 54
23 16 19 50 9 10 16 15 13 13
49 20 17 53 35 50 59 51 48 6
48 45 5 43 39 36 7 5 8 35
3 46 25 7 41 29 58 2 7 42
14 42 1 32 28 4 2 21 5 22
9 8 19 3 44 16 54 55 1 42
7 36 25 11 14 59 60 34 39 45
49 7 6 26 25 44 41 17 14 37
18 49 46 50 25 42 1 55 57 18
7 5 12 53 27 52 47 15 41 7
43 32 60 18 44 53 8 19 29 15
18 44 9 19 35 55 55 44 56 33
22 30 33 21 8 56 34 32 2 41
1 60 13 13 2 52 24 15 44 48
4 35 26 38 11 28 38 55 34 7
29 1 26 11 19 28 24 5 7 35
8 36 31 43 45 36 3 20 53 26
16 25 4 2 20 35 51 16 18 31
46 3 2 59 40 27 18 58 35 36
45 27 23 57 9 27 55 19 49 15
15 56 57 36 58 54 41 7 1 12
40 1 16 41 12 9 2 46 57 33
53 32 24 60 59 45 6 49 44 5
54 32 37 26 3 18 48 1 33 5
48 39 39 41 35 58 24 1 45 58
59 46 6 4 53 48 34 28 58 57
51 35 15 52 45 56 3 23 35 32
2 16 39 21 55 40 5 55 46 18
12 21 14 7 32 39 40 39 7 7
16 28 15 28 51 42 16 21 47 47
51 44 58 12 53 49 10 4 38 40
5 17 42 42 8 53 10 24 4 12
45 13 1 12 19 52 22 23 4 36
37 29 13 1 35 45 40 7 33 51
39 50 58 20 26 9 20 57 22 18
50 3 45 31 57 26 45 46 9 12
45 33 8 11 37 13 23 16 49 56
15 9 40 18 25 8 56 28 38 52
23 44 59 59 40 44 53 7 14 10
46 30 35 53 15 16 28 7 7 29
57 17 16 7 38 51 15 29 48 11
14 34 40 44 49 56 35 22 2 20
33 19 42 60 2 9 57 21 25 60
4 41 17 50 5 4 25 24 9 48
34 10 29 26 8 34 31 28 51 29
4 33 14 27 46 23 23 58 40 11
11 54 13 9 9 39 37 31 31 23
8 4 9 1 41 42 20 28 3 37
28 12 6 20 7 18 2 60 44 47
10 6 43 55 8 14 36 7 12 39
11 31 58 53 59 46 43 16 13 47
9 56 60 19 57 18 48 59 42 37
55 15 12 26 48 10 5 38 33 56
47 41 46 53 13 20 28 17 29 1
53 43 28 55 52 55 3 43 50 22
1 60 4 57 48 24 59 12 34 52
25 23 4 42 2 55 12 11 25 46
6 36 25 12 18 36 55 5 29 45
24 25 57 8 18 23 33 14 2 16
9 24 42 22 22 9 53 19 19 2
38 55 31 28 6 10 43 47 60 60
24 51 55 18 13 29 24 55 30 4
19 18 57 56 38 39 43 15 41 26
57 54 53 5 44 23 10 46 56 47
43 54 34 6 31 43 17 15 48 36
15 27 55 60 21 34 31 5 27 35
58 37 43 33 52 1 45 5 10 11
42 56 3 22 10 26 60 11 20 15
6 54 35 52 49 48 35 43 55 32
53 51 25 47 17 17 60 8 43 30
6 4 33 46 52 27 7 18 20 14
23 53 15 10 30 11 6 57 18 4
58 13 38 1 47 20 11 24 10 10
49 43 41 43 18 57 20 7 33 22
16 13 38 29 55 48 22 39 54 11
60 3 30 18 35 27 31 57 24 55
9 27 44 1 52 42 22 14 55 32
4 33 10 20 45 39 12 55 12 20
28 20 39 30 17 4 19 25 46 27
43 27 30 32 8 8 19 40 39 1
36 14 59 57 18 29 44 58 24 56
7 9 45 10 37 49 13 33 27 44
59 29 30 21 33 59 6 2 49 31
28 6 34 10 17 43 13 20 4 7
35 15 34 56 36 32 14 10 23 31
59 45 58 15 50 5 60 10 36 48
