400 5
8 50 46 51 2
51 4 42 57 11
47 20 49 55 30
21 32 9 25 34
53 34 45 7 36
38 49 1 54 54
10 47 49 21 57
9 40 9 6 4
21 14 29 19 22
58 56 16 19 10
3 37 49 59 3
41 32 5 22 1
8 28 58 56 10
34 51 23 26 9
21 12 41 39 2
37 32 46 40 41
46 51 29 17 31
52 6 22 15 7
54 12 10 30 30
30 6 35 26 36
53 37 24 3 41
8 52 19 42 54
16 58 36 57 49
9 42 8 40 33
38 44 58 48 38
32 45 45 8 35
35 33 19 11 13
42 38 34 45 40
30 3 57 12 12
28 36 15 2 45
37 18 6 49 26
25 45 57 6 26
27 45 12 15 41
4 18 42 31 14
33 5 3 58 22
32 38 56 19 35
43 11 29 38 49
57 49 8 38 27
45 53 4 2 12
19 10 10 1 51
13 18 1 34 17
48 35 7 57 58
46 45 33 54 29
15 41 3 28 16
50 20 2 58 27
55 11 14 34 46
19 29 56 40 21
11 44 38 36 55
5 42 53 23 55
1 11 3 41 6
1 51 25 38 49
15 57 33 53 23
36 28 15 51 48
19 46 48 7 38
11 24 36 2 33
4 11 35 28 20
50 8 55 44 9
47 60 24 25 43
19 23 2 12 49
43 5 40 60 48
23 25 40 53 52
47 17 16 44 23
13 40 10 54 56
52 29 53 24 47
5 25 34 29 1
19 33 21 34 29
12 59 55 28 22
42 40 21 37 24
55 21 49 60 44
7 46 60 37 53
35 15 55 23 12
44 34 30 31 4
25 33 37 35 2
44 5 26 32 36
23 37 17 53 58
33 32 36 7 34
14 20 23 4 60
32 3 41 9 48
24 13 55 22 20
38 12 22 7 55
42 52 15 45 18
37 29 9 44 25
28 35 31 5 28
39 12 36 27 20
54 3 31 60 8
26 40 38 34 11
25 53 30 4 28
14 42 6 30 10
44 33 46 57 57
12 30 51 54 8
20 20 30 10 11
40 45 42 12 15
22 17 22 49 59
36 25 32 3 58
34 50 37 10 8
12 32 15 49 34
41 47 41 56 24
40 11 40 18 35
15 7 7 40 31
4 57 11 11 30
19 37 24 48 45
29 32 25 57 19
27 2 7 32 11
16 5 59 5 40
27 37 51 35 31
2 12 15 12 11
1 36 8 37 60
50 40 59 49 2
39 56 51 29 6
17 21 1 47 45
5 18 45 12 41
50 27 8 42 29
57 33 46 4 29
53 50 49 21 59
51 25 31 51 54
13 38 35 13 45
8 5 16 34 39
60 57 33 38 52
5 15 13 32 58
39 37 3 42 6
32 25 55 13 24
48 1 19 52 12
19 18 39 20 42
10 17 24 5 34
24 8 10 31 3
34 43 11 9 4
41 5 48 12 20
38 31 29 17 22
1 49 23 23 49
21 35 48 42 4
60 50 29 15 43
40 14 57 23 3
32 6 55 50 37
31 9 47 37 38
13 37 42 48 27
46 60 2 48 56
28 52 15 47 51
56 1 10 33 54
18 15 13 34 24
43 32 50 34 23
50 18 9 29 41
7 8 54 42 9
25 15 34 11 50
13 52 15 14 38
39 42 3 18 44
30 20 59 6 53
53 13 24 16 23
12 21 36 50 42
48 48 25 5 42
18 26 55 48 51
59 26 20 18 51
8 27 13 16 52
56 19 56 43 14
8 29 39 45 14
28 57 13 8 12
8 14 57 41 21
59 6 53 44 6
14 8 42 13 55
59 39 52 48 46
2 18 18 31 21
25 20 33 40 16
12 53 32 46 26
52 16 19 18 53
40 12 27 14 11
59 8 56 41 48
24 46 40 21 51
24 40 46 5 13
11 2 54 43 30
46 29 9 35 11
48 7 2 40 7
12 23 20 28 30
52 31 1 13 2
44 1 45 39 51
54 9 17 49 38
13 11 41 59 47
33 16 52 12 14
42 29 20 37 40
30 39 5 4 31
50 44 15 32 52
20 52 22 39 5
52 28 11 4 41
9 34 33 15 41
45 3 28 52 3
23 54 4 56 49
4 30 20 21 14
4 37 13 19 54
32 3 31 47 47
39 13 43 13 53
10 30 12 52 8
20 15 46 13 31
35 20 30 5 2
22 49 49 57 22
1 5 29 55 15
56 44 21 50 35
20 29 48 48 8
3 27 41 9 58
28 17 35 41 8
56 17 35 39 19
44 4 18 12 60
36 57 32 50 11
45 32 32 23 4
47 42 1 60 42
48 29 42 55 48
4 32 1 23 9
44 14 45 9 38
8 36 50 38 21
19 45 52 54 1
16 28 42 50 3
34 10 15 21 20
12 6 38 39 44
25 27 10 41 48
21 12 9 37 52
28 44 39 54 51
46 11 10 42 2
7 60 1 53 4
37 38 17 41 53
25 14 38 57 11
22 1 32 8 23
21 56 24 13 4
22 26 18 58 59
38 24 2 43 22
40 24 46 6 46
20 44 34 9 22
28 42 19 9 38
47 28 32 51 37
2 30 39 22 41
43 24 15 20 10
51 52 32 7 44
21 52 23 54 36
37 20 28 15 26
13 7 12 47 51
13 11 49 14 5
53 56 17 50 29
53 10 7 24 29
56 9 35 19 53
26 21 9 32 5
55 59 52 35 29
48 20 10 24 26
31 28 10 10 43
36 9 34 53 11
47 11 7 43 3
31 50 1 9 28
46 30 44 1 4
7 4 40 51 42
14 39 35 26 29
22 43 25 3 21
24 55 11 15 16
49 1 32 21 10
43 15 33 16 5
54 35 11 56 38
1 50 21 11 52
8 26 29 57 48
17 8 29 21 41
7 43 29 56 34
17 6 8 16 49
36 22 2 43 38
40 37 17 34 54
57 17 37 25 5
56 3 19 17 5
29 24 46 54 37
29 13 36 27 29
21 56 16 58 11
20 1 53 17 27
47 3 40 2 6
58 56 6 35 53
3 32 17 12 60
13 52 53 55 59
50 17 45 4 52
49 35 23 51 2
32 12 55 50 5
49 57 19 44 9
28 37 59 2 49
35 33 11 4 9
44 36 12 29 23
14 8 8 41 4
42 51 28 49 25
31 6 50 26 13
58 21 56 24 49
37 10 33 39 10
33 16 22 13 55
9 10 45 43 37
1 39 38 46 27
32 8 36 46 40
46 23 37 22 20
47 52 13 24 20
34 43 56 37 3
5 13 46 24 49
51 59 26 50 4
46 8 16 6 42
58 20 23 4 21
48 45 27 49 8
4 37 6 47 42
23 59 29 57 28
6 18 8 21 38
16 39 18 41 13
25 54 21 60 13
31 37 34 29 45
45 60 7 25 4
40 38 6 14 51
10 15 13 17 27
7 27 51 8 24
18 57 35 2 2
60 60 40 54 59
20 44 24 32 54
23 19 27 42 3
10 60 23 12 16
22 6 28 21 15
27 6 10 21 18
41 47 34 31 31
33 46 31 4 27
17 42 28 22 20
7 19 58 60 7
46 31 12 52 34
27 10 48 6 60
5 49 57 48 53
23 44 31 42 9
30 4 25 13 46
40 55 31 7 9
10 41 36 54 3
3 51 1 51 55
49 37 38 38 27
35 29 19 2 36
40 36 42 27 7
56 20 49 38 37
42 16 20 56 4
23 15 1 54 52
50 46 13 17 13
16 42 39 55 44
28 57 7 40 26
10 42 47 59 38
58 36 30 57 21
54 24 12 39 14
20 45 19 4 24
20 43 19 27 30
44 51 28 43 50
24 25 23 22 4
59 36 48 31 2
50 23 21 18 44
21 46 37 16 10
39 12 25 16 24
31 42 59 42 34
19 41 16 40 22
6 24 25 22 48
26 33 4 12 26
60 13 58 5 35
14 34 16 24 31
60 25 10 12 12
47 35 54 37 16
14 20 48 27 6
54 58 28 8 34
22 41 33 30 4
31 10 29 16 24
38 33 30 51 5
4 22 42 48 33
21 57 33 41 3
4 16 58 23 28
23 17 6 29 13
26 55 23 35 33
3 60 6 7 52
4 33 23 16 6
58 17 23 3 33
7 19 50 53 53
16 22 11 41 44
2 4 7 41 38
46 40 30 10 58
54 13 35 17 36
18 30 46 28 39
30 6 5 32 59
30 50 36 4 56
35 8 38 33 25
31 22 26 7 38
40 13 51 22 8
15 11 34 36 18
54 31 1 38 10
55 16 12 2 21
26 34 9 50 27
24 35 6 13 17
24 53 34 29 60
50 12 14 30 42
42 42 5 58 39
2 26 46 18 23
41 19 35 3 47
23 54 15 4 35
3 27 33 34 9
41 21 58 12 56
23 56 41 4 18
17 35 36 49 13
50 2 51 38 36
8 54 42 48 30
34 53 49 5 10
19 54 29 35 33
30 44 58 31 27
58 28 59 33 55
54 12 3 15 24
56 14 12 18 6
42 34 32 12 27
53 46 50 8 5
52 29 38 49 2
46 57 7 25 48
9 31 58 45 55
