4000 5
53 21 13 22 12
39 36 34 60 27
30 25 31 38 44
53 11 51 40 41
6 52 19 15 48
9 33 18 26 56
37 37 1 51 20
53 48 10 42 56
18 15 58 57 23
21 22 28 34 21
16 41 55 56 22
34 25 2 6 52
6 51 49 35 31
44 34 7 41 38
20 24 31 40 36
47 42 48 2 51
39 18 35 36 40
9 48 36 50 30
5 7 12 15 2
22 40 18 42 55
15 37 60 24 56
32 53 20 42 22
35 44 58 26 37
60 16 33 58 10
11 18 36 12 27
31 20 31 58 55
31 38 34 42 30
32 42 34 43 1
8 35 18 32 31
10 40 25 22 40
48 4 29 12 50
9 6 13 15 44
45 48 4 4 48
7 25 5 11 60
25 3 14 46 9
52 43 24 46 5
32 51 50 60 5
52 9 3 13 3
31 21 2 48 14
47 52 30 17 22
58 20 48 53 13
1 7 49 5 37
49 35 41 39 30
25 30 39 33 2
56 41 5 60 15
6 21 19 18 11
35 57 31 45 13
2 35 19 59 56
3 31 13 46 14
54 26 51 28 14
6 38 46 15 27
11 42 50 17 41
51 57 11 18 42
7 37 43 46 29
37 21 6 38 58
42 12 37 16 36
43 15 48 32 6
59 42 48 2 26
21 17 11 46 31
3 25 19 32 12
36 12 60 40 8
29 43 36 56 53
23 3 3 55 45
2 29 2 34 23
27 40 55 2 19
13 5 14 42 37
9 22 4 43 48
8 14 19 57 60
54 24 6 56 41
35 5 7 28 21
17 29 19 30 38
10 14 58 36 22
59 55 58 24 48
15 13 35 38 8
27 3 57 50 49
59 29 8 23 15
2 56 47 10 6
15 54 24 41 50
57 50 36 43 37
49 40 44 14 9
54 38 28 60 9
41 52 54 9 49
39 7 35 48 37
6 51 31 11 32
37 38 8 18 12
48 42 9 11 21
16 11 52 11 22
12 47 35 38 34
20 30 25 17 6
59 26 12 18 51
6 55 44 30 2
53 6 31 15 16
45 43 59 49 31
20 43 24 47 18
59 48 37 24 41
27 36 9 21 17
52 27 31 28 32
46 58 34 49 41
18 23 41 40 5
30 3 55 29 39
18 18 57 56 35
26 40 42 53 26
31 10 30 59 39
12 18 14 14 53
4 45 38 10 44
32 41 14 58 44
11 57 10 36 3
26 5 24 8 5
50 51 53 60 12
45 25 4 31 25
49 45 52 19 53
12 6 43 4 19
4 56 39 46 30
23 43 39 19 9
26 57 16 10 59
40 12 19 54 18
59 13 19 17 21
27 10 11 21 39
4 23 52 16 27
57 60 7 53 47
21 51 26 56 42
20 7 24 23 12
10 11 55 37 31
15 57 52 9 37
27 60 17 23 17
34 18 7 13 6
23 3 36 25 41
53 47 37 46 14
28 6 8 15 46
39 45 46 3 57
14 14 55 21 57
37 3 51 37 58
31 27 20 52 30
36 36 57 34 40
8 30 14 6 35
27 19 38 19 35
42 18 10 19 57
38 57 39 59 35
57 48 5 5 8
31 46 48 43 44
30 56 43 45 35
23 10 48 49 38
42 46 49 24 59
60 10 1 46 17
44 54 22 45 25
42 19 53 37 35
10 52 33 22 58
50 18 38 58 12
48 9 18 32 8
36 9 59 19 53
12 53 16 15 48
59 48 6 30 11
14 51 37 20 20
6 33 20 50 58
49 29 26 60 36
43 19 34 42 22
35 34 49 2 38
29 36 27 28 29
7 20 2 21 36
38 25 33 43 47
20 15 22 17 28
32 59 57 4 9
50 19 14 1 40
20 28 45 39 13
51 12 15 47 19
44 54 56 53 25
29 15 46 31 46
17 46 18 40 39
9 59 26 55 35
15 39 47 39 6
5 20 50 30 34
33 29 15 52 31
19 15 12 14 8
16 36 38 32 39
36 39 2 45 9
39 8 25 37 8
54 40 46 30 40
16 50 46 50 46
47 42 24 34 22
21 51 35 18 36
4 29 36 34 35
23 48 6 23 13
46 42 57 46 55
56 38 55 40 15
9 28 9 49 5
18 14 14 44 49
58 55 57 40 60
27 25 6 3 52
39 28 8 15 47
16 39 55 57 53
38 25 1 13 25
25 33 22 4 2
55 4 14 59 27
20 29 44 56 28
50 28 25 34 11
52 11 11 16 14
27 24 49 44 14
43 32 51 3 51
56 51 7 48 3
52 26 24 46 3
58 53 39 28 2
4 54 13 12 13
2 51 22 55 25
6 40 36 12 52
34 5 32 7 7
29 56 21 4 26
43 35 33 14 58
46 6 56 9 6
57 22 51 37 58
39 31 21 5 56
19 43 38 50 38
33 42 7 33 25
58 11 22 7 35
24 46 58 55 14
15 27 18 10 22
7 19 59 29 6
29 26 45 23 43
29 3 11 32 35
16 40 56 56 52
33 42 39 57 57
39 2 7 22 51
6 36 58 56 3
53 7 27 48 22
8 23 18 7 10
39 60 10 20 25
1 17 4 33 6
5 14 18 54 22
50 35 13 6 34
7 18 12 34 24
36 52 6 28 45
33 49 50 30 25
19 23 21 34 36
56 19 24 14 2
41 7 25 1 24
18 9 36 23 60
20 18 16 25 6
40 7 27 39 21
1 34 60 22 8
27 2 30 59 39
19 28 9 6 39
28 26 12 16 26
3 21 54 10 21
18 15 11 19 5
11 28 38 50 59
32 24 9 34 60
35 24 48 35 9
18 21 20 1 58
46 46 24 10 56
3 57 3 42 40
11 53 56 55 13
3 16 20 58 51
21 4 36 34 56
39 26 44 43 10
13 6 37 5 24
1 46 60 59 38
16 7 28 45 56
27 21 49 6 15
14 47 38 12 25
29 14 19 26 25
42 34 48 17 45
11 3 17 28 50
14 31 31 6 31
27 57 10 34 2
39 40 26 12 38
25 36 48 43 39
36 2 45 41 19
47 5 59 60 6
7 24 18 57 48
38 18 60 48 31
10 2 2 40 2
34 27 15 45 32
8 51 5 2 60
59 17 4 5 39
36 47 16 42 44
36 50 44 42 39
9 37 25 34 10
6 11 10 56 57
53 49 24 6 40
6 24 45 52 29
48 23 54 56 13
54 21 10 48 54
44 22 21 31 3
44 18 3 56 14
45 35 41 31 52
27 18 38 21 32
5 44 17 8 48
25 11 34 49 13
13 3 18 58 20
12 57 32 48 28
8 32 48 37 17
8 41 41 47 45
54 40 17 12 47
44 18 25 56 44
25 48 14 21 44
16 19 22 40 32
18 22 24 50 33
48 34 29 29 13
10 42 52 38 31
10 16 2 32 18
9 5 8 20 29
11 44 52 11 57
35 49 3 3 8
32 13 17 15 9
30 27 16 39 6
6 39 16 1 14
34 40 31 16 27
31 8 11 59 12
48 6 58 18 36
46 11 16 20 30
7 32 16 24 53
41 22 6 49 57
51 59 15 17 48
20 37 52 24 55
6 44 41 53 19
50 39 58 44 42
20 20 40 33 23
59 22 53 25 25
39 21 18 32 38
42 12 21 41 22
29 5 56 18 29
13 30 8 51 44
14 4 25 27 60
27 42 49 8 13
26 35 59 46 21
60 41 42 29 22
37 18 41 21 28
15 59 28 8 26
28 3 7 23 14
38 5 5 60 53
1 6 1 23 43
48 30 47 19 34
21 12 43 29 38
44 36 44 21 27
59 39 45 28 2
15 45 15 1 10
42 38 6 19 24
47 30 16 22 9
1 31 7 21 22
38 40 31 24 40
19 26 12 20 35
25 28 52 22 50
54 24 30 47 9
41 23 21 12 54
44 50 48 33 13
4 13 28 24 31
36 17 24 22 13
32 46 48 16 10
13 37 54 51 37
21 32 22 52 11
25 23 58 8 29
40 56 43 32 51
7 44 22 9 48
36 22 23 36 49
46 41 55 19 60
15 21 7 16 45
50 55 24 24 8
17 51 39 49 12
2 36 2 20 33
2 15 58 40 22
42 39 59 10 19
1 37 50 29 20
50 4 31 24 41
5 54 40 5 31
52 19 5 40 49
12 15 60 33 44
15 60 14 58 4
58 21 53 20 26
17 49 35 52 53
30 17 20 39 44
53 53 16 11 31
50 50 44 45 6
12 39 7 14 45
40 60 34 59 11
41 4 13 27 19
5 19 59 50 51
53 4 56 41 27
35 19 15 12 34
50 34 40 8 25
21 16 5 30 45
9 10 35 48 50
46 12 33 27 26
4 57 25 5 20
33 24 8 11 12
32 23 25 48 28
16 23 32 46 10
56 15 48 3 8
26 19 36 46 25
59 12 20 26 20
38 58 4 37 38
13 30 8 21 15
45 17 7 5 6
10 46 27 9 7
26 40 37 29 36
48 27 38 10 41
28 54 57 4 18
22 33 22 10 41
49 40 59 23 14
40 22 58 2 37
11 4 52 3 24
31 33 53 27 37
7 48 32 13 60
14 51 30 14 24
38 8 53 38 56
35 59 11 16 59
14 1 33 29 3
18 33 43 51 1
33 1 12 49 3
54 55 53 13 25
33 35 6 22 26
17 34 2 29 33
13 56 12 56 57
42 58 15 3 40
53 33 51 6 19
18 48 27 11 10
15 10 19 59 13
54 13 57 22 46
15 2 46 7 49
2 27 2 35 47
40 12 32 57 60
40 21 14 30 45
15 59 34 29 38
45 18 58 32 9
1 38 17 25 50
15 44 37 17 15
33 60 18 26 9
55 13 60 53 1
39 38 39 2 18
9 47 31 33 43
17 46 57 6 10
27 51 48 40 30
5 4 29 28 44
17 48 21 1 39
4 21 24 27 7
21 11 11 11 2
5 50 44 41 50
21 8 53 36 50
50 39 3 47 16
40 54 27 4 4
6 22 33 7 53
6 49 2 47 31
40 30 53 38 35
46 23 28 51 51
24 2 39 57 47
18 23 54 53 4
54 10 57 2 35
7 31 16 60 45
44 46 24 56 38
23 41 6 60 18
30 30 8 46 38
46 13 17 42 45
19 35 32 48 38
11 4 59 55 56
41 39 6 19 7
25 59 21 9 8
52 19 27 9 9
16 37 11 21 12
13 9 19 38 6
50 25 15 45 29
41 10 6 8 25
27 22 16 28 14
44 57 49 19 29
11 40 47 22 60
34 18 15 2 20
49 22 29 9 4
24 56 17 27 38
18 23 30 20 56
56 51 6 4 20
19 18 28 25 47
4 8 54 54 37
52 9 3 24 20
30 18 5 52 46
44 27 17 32 1
36 24 52 32 4
5 27 43 23 32
26 23 1 49 52
26 36 57 30 36
42 45 41 41 52
2 54 57 26 32
33 5 29 54 16
2 8 47 15 27
5 33 26 4 46
15 31 7 8 22
48 52 2 49 55
59 28 58 46 43
56 48 56 14 58
15 51 18 43 49
3 56 52 31 31
26 28 60 1 56
5 55 6 48 34
34 55 10 5 41
31 51 33 51 20
39 11 5 17 43
6 54 14 2 1
45 14 14 46 9
44 13 5 24 5
27 2 47 43 3
17 12 9 37 1
3 2 6 41 46
37 1 42 45 31
53 29 12 54 31
56 11 46 46 17
16 18 57 53 2
7 38 37 39 59
33 35 55 33 56
36 23 53 22 28
16 23 51 18 26
60 59 49 5 54
58 30 11 44 3
5 28 34 12 49
59 46 24 28 57
40 45 23 32 27
23 41 31 21 15
39 45 56 16 56
19 27 49 18 14
30 18 36 7 4
35 23 45 21 57
22 7 54 38 5
4 3 45 35 45
44 60 44 59 18
5 32 2 26 28
25 26 22 57 30
23 54 15 9 18
41 7 20 5 21
33 17 4 42 57
50 42 22 21 47
1 15 44 33 19
52 29 6 60 52
54 46 38 20 21
8 48 35 19 29
53 29 60 25 12
35 13 17 27 20
18 40 58 43 60
25 59 27 4 15
54 44 26 1 53
47 46 26 9 18
14 18 46 18 40
1 11 53 36 53
40 11 10 11 6
49 16 27 43 53
13 22 43 4 31
47 38 31 20 29
8 13 46 27 11
6 26 18 14 13
60 19 33 3 7
2 7 16 13 2
24 54 58 4 22
37 7 34 32 44
21 57 24 58 10
42 27 24 14 4
32 59 56 42 38
23 6 36 13 16
2 42 58 23 45
60 37 8 15 43
27 21 11 28 3
60 8 54 19 23
48 7 50 2 56
4 32 13 38 45
33 6 55 23 12
55 3 29 27 49
35 54 30 44 55
13 60 31 59 36
57 37 29 28 26
59 4 5 32 16
53 45 46 31 47
49 40 22 21 18
42 31 5 10 10
59 50 58 12 42
53 4 23 22 6
59 41 4 9 17
46 45 23 56 34
29 48 52 49 57
10 36 32 2 52
19 15 12 14 49
30 29 33 37 29
44 52 34 10 11
58 44 23 53 37
15 16 4 32 43
9 16 21 45 4
36 28 39 27 37
13 44 8 9 9
19 15 14 44 9
48 16 46 45 47
45 15 60 35 12
17 52 59 3 21
21 31 42 50 10
12 33 14 42 50
20 52 17 18 49
12 52 12 57 55
35 39 26 47 32
12 49 22 14 14
41 36 59 6 17
18 51 57 25 37
58 53 16 7 55
45 1 30 22 49
17 45 18 47 44
34 41 25 59 58
52 25 1 46 40
20 28 5 6 6
16 57 6 46 30
22 48 57 53 43
38 3 2 51 18
8 47 17 28 51
47 49 48 7 9
40 20 12 47 42
36 59 36 10 4
59 38 56 25 49
25 35 51 13 52
23 36 17 51 27
6 47 16 3 9
28 29 60 37 60
5 26 45 2 44
16 25 59 44 52
38 49 15 6 30
44 50 30 13 47
10 1 9 45 27
35 22 54 1 53
19 44 4 19 35
1 41 11 8 2
54 6 6 50 27
4 46 54 52 6
16 25 20 7 31
56 46 1 27 5
14 53 60 58 58
35 32 39 35 14
10 22 17 22 48
60 35 9 7 28
21 19 34 31 25
38 17 34 58 4
2 54 17 7 2
36 59 33 49 43
19 12 47 50 5
11 11 9 57 41
27 58 31 37 14
54 48 19 36 15
23 4 4 51 28
44 49 51 41 39
2 52 49 52 47
10 30 6 25 53
52 47 24 26 44
27 41 46 6 21
7 57 47 45 3
8 1 10 12 38
60 43 38 35 32
4 54 34 33 38
3 5 56 23 12
52 38 33 42 43
46 45 26 41 36
22 8 37 37 19
52 29 42 45 16
24 49 56 23 5
50 14 23 41 38
12 33 47 47 57
40 45 48 9 8
47 60 32 11 44
27 34 47 34 35
13 13 25 48 10
25 31 50 59 1
15 9 12 53 3
53 8 8 58 60
52 7 36 4 58
40 3 7 12 5
56 8 14 17 45
3 9 32 3 21
23 32 30 48 46
4 22 33 2 53
41 16 32 10 16
18 53 37 26 39
4 12 7 7 60
35 10 17 58 18
59 7 17 11 4
49 31 33 37 26
32 35 34 58 12
30 23 43 20 33
41 3 59 9 60
2 56 51 36 22
44 14 29 35 8
45 36 47 26 14
53 4 29 52 2
13 16 32 35 33
33 40 53 48 27
37 36 25 20 16
55 38 31 3 10
60 59 28 60 47
51 10 51 4 3
8 26 1 18 27
7 58 49 36 22
48 34 35 17 32
55 14 24 33 56
42 8 17 11 58
58 35 60 18 28
10 51 23 44 54
38 52 32 6 59
31 11 53 35 2
14 16 60 42 37
33 29 38 46 28
5 14 11 59 32
33 19 28 36 36
28 20 33 19 26
8 53 14 52 30
47 29 49 11 52
38 12 10 60 31
46 18 4 32 32
39 35 59 38 37
7 3 12 4 19
33 27 22 14 51
14 5 10 27 2
9 51 50 23 45
9 24 38 48 23
43 48 9 41 17
47 39 30 26 12
3 56 43 37 18
1 2 23 9 13
44 15 44 48 29
12 4 25 37 42
39 25 20 56 45
60 32 38 49 40
23 42 14 23 20
14 20 56 16 58
17 39 20 27 55
17 60 10 28 33
21 46 31 25 23
4 14 21 19 51
43 27 48 46 36
38 50 43 11 17
43 11 21 1 33
13 58 13 42 50
1 9 48 29 30
40 52 49 17 59
11 4 20 41 31
55 9 21 54 12
35 11 4 52 35
4 17 19 42 50
11 39 1 31 36
4 9 58 58 32
35 42 16 12 25
55 32 8 5 43
37 29 32 5 51
10 20 53 1 6
55 30 53 44 32
1 53 60 1 21
8 45 25 21 29
15 55 41 1 26
26 48 1 9 10
20 22 45 22 43
27 47 48 11 60
33 33 27 22 52
14 34 58 48 8
16 36 2 25 1
23 53 16 44 41
17 14 50 11 17
2 30 58 56 11
6 13 25 49 55
51 45 35 36 53
49 56 55 39 55
41 50 23 11 57
29 27 53 1 1
35 47 22 45 7
39 38 9 6 17
53 35 8 54 36
29 43 26 57 25
59 24 15 39 31
18 58 22 49 50
36 18 26 22 36
27 55 14 5 9
14 43 18 53 16
27 6 5 5 41
42 47 5 22 32
36 18 57 31 53
43 14 5 2 33
59 13 29 39 13
38 56 8 25 58
16 44 29 58 51
41 44 36 33 60
32 3 15 60 7
42 50 17 51 29
28 19 36 15 21
41 57 51 23 44
25 53 9 59 14
13 34 26 37 39
12 21 4 56 23
36 36 28 8 35
2 49 45 10 43
10 54 19 37 39
42 34 5 49 53
3 54 28 41 28
50 22 53 44 16
5 49 29 41 29
21 30 53 51 43
33 16 52 47 27
40 38 20 35 34
2 19 20 1 15
60 15 54 57 1
52 10 30 26 30
11 40 34 57 48
60 33 38 18 25
22 7 34 54 36
35 43 35 47 1
33 27 11 17 11
15 2 8 15 49
16 53 29 8 60
2 32 27 5 6
53 58 23 6 56
57 14 53 16 59
9 20 10 55 35
55 44 9 42 1
11 51 18 46 18
47 43 39 35 36
59 56 29 59 39
28 5 54 23 18
53 58 30 3 15
58 49 27 43 14
50 25 48 10 45
18 15 55 50 9
59 12 22 34 55
24 16 20 33 35
4 19 6 22 58
57 7 24 21 13
54 17 12 2 24
36 56 7 58 33
23 49 1 29 15
38 10 15 37 28
11 35 31 52 37
27 35 40 42 47
23 42 55 47 50
51 19 25 40 43
52 46 48 45 48
31 50 27 22 18
18 48 12 17 23
40 46 34 45 40
28 52 21 53 8
15 31 24 25 57
16 58 20 35 56
42 1 48 6 23
20 43 44 13 46
11 17 23 57 3
31 33 48 2 30
16 6 49 35 19
10 5 4 40 56
3 3 49 57 41
1 13 27 29 23
12 53 4 17 57
22 29 56 1 18
41 1 5 38 16
2 38 59 32 49
10 10 28 16 36
15 15 47 3 13
12 22 8 4 32
41 2 20 46 23
58 3 33 30 46
33 3 13 59 1
43 59 27 32 12
21 9 5 32 1
29 51 50 11 60
45 24 4 30 2
50 51 43 11 15
6 42 53 13 53
16 26 35 50 15
2 50 9 54 7
22 37 43 26 10
11 38 37 25 9
17 52 13 28 5
36 26 52 14 20
48 30 8 54 22
28 57 2 24 13
29 29 20 48 48
46 11 41 6 5
15 29 50 22 31
42 3 53 10 39
41 18 26 34 31
52 57 1 18 4
30 32 60 18 21
17 35 51 44 35
31 28 50 47 3
34 7 1 34 1
21 52 57 45 44
40 29 36 58 42
32 7 34 34 60
14 30 48 53 28
11 6 60 6 17
18 34 37 12 59
26 53 12 25 41
21 58 4 46 28
56 36 46 14 53
13 30 24 23 51
59 19 2 47 17
45 5 48 53 21
8 4 41 21 20
5 31 35 24 16
32 28 6 14 9
42 24 9 24 19
32 58 5 33 6
27 13 54 27 1
35 6 56 2 43
54 25 57 34 52
51 30 35 39 25
43 5 30 19 25
10 27 23 36 58
46 5 19 26 21
39 44 43 49 40
36 56 9 29 53
32 6 51 39 25
42 43 25 2 27
53 52 38 53 6
30 7 7 9 17
6 21 30 54 38
1 14 18 43 48
24 21 19 53 6
41 4 15 51 4
8 53 7 2 20
36 35 47 2 47
23 13 37 19 1
8 15 27 5 5
6 35 7 7 41
2 48 32 32 58
55 22 11 4 6
21 35 10 22 20
52 50 30 47 20
11 34 11 52 29
57 28 48 14 17
37 53 24 54 25
57 55 14 28 37
59 23 50 46 54
57 24 53 46 34
52 51 11 32 36
44 30 60 57 29
49 15 55 46 36
17 2 9 37 5
18 16 51 28 13
18 45 51 7 47
31 8 13 16 44
3 56 53 9 5
38 21 22 30 32
20 45 51 51 8
30 32 25 19 23
31 26 37 48 43
36 56 25 22 53
15 53 20 34 25
26 27 27 20 3
29 59 44 44 32
57 25 21 10 9
14 7 34 49 59
33 43 13 56 34
25 16 43 3 48
38 42 49 23 14
14 1 32 19 22
53 29 36 24 33
11 54 42 53 17
12 34 12 39 52
34 22 57 14 22
27 53 60 7 35
25 46 60 22 10
56 39 47 55 57
2 36 10 3 58
2 23 47 26 8
38 58 20 28 57
49 60 60 24 6
49 12 54 8 11
35 32 30 45 36
25 17 19 14 42
55 7 5 36 27
56 18 46 29 53
23 1 31 50 47
19 58 39 16 28
33 5 5 19 4
43 14 31 8 2
51 20 54 5 55
26 26 19 50 36
44 46 28 53 9
10 58 7 41 10
35 19 4 12 36
26 37 42 47 11
17 16 49 50 11
53 34 53 22 50
19 43 53 54 30
4 18 8 45 6
51 29 18 6 48
38 38 37 16 26
26 40 8 14 58
53 3 29 42 9
55 47 17 8 23
38 21 33 33 30
16 52 41 38 35
3 33 5 34 15
57 58 31 15 48
52 42 59 37 26
17 11 37 32 12
52 44 2 21 27
13 9 34 48 25
25 5 38 26 53
58 8 43 41 47
41 13 47 23 46
38 45 39 6 59
5 8 55 60 33
43 19 59 60 16
31 50 37 7 43
11 25 44 22 53
38 33 31 58 6
45 40 13 23 40
3 16 9 39 25
11 55 59 2 8
57 22 46 52 34
16 43 9 23 15
1 43 59 31 31
53 25 43 25 23
8 40 45 40 9
11 41 49 53 15
14 8 38 47 50
57 32 57 34 49
43 54 5 18 24
15 10 6 40 7
22 40 47 7 60
46 52 12 40 13
20 26 38 20 9
31 60 8 40 50
15 9 5 31 54
31 12 54 6 32
30 17 6 11 39
38 25 30 8 59
20 24 26 35 55
28 40 5 52 44
21 24 27 54 32
15 28 42 24 37
40 55 9 50 9
45 35 8 27 51
25 23 5 11 5
13 48 51 50 41
60 16 1 55 36
37 36 38 15 36
12 11 22 22 2
18 24 46 44 5
26 3 3 58 55
30 25 1 2 50
46 26 27 27 31
52 21 39 8 6
31 12 34 18 5
42 26 38 4 31
32 2 7 5 27
54 8 32 49 4
5 31 2 16 45
58 5 4 20 56
18 29 44 29 58
12 54 22 56 10
27 25 4 27 51
24 45 40 11 21
19 37 54 20 29
55 36 43 33 11
38 6 11 8 18
38 24 39 49 18
21 46 30 54 55
41 54 22 29 40
13 58 14 55 59
17 48 52 35 59
21 60 38 22 57
60 12 46 40 46
32 25 2 30 7
51 46 47 8 25
55 2 52 1 49
22 26 37 14 45
34 23 26 29 28
48 8 54 17 14
52 27 56 56 22
59 37 20 43 36
27 45 44 46 17
30 28 24 48 9
26 41 11 40 2
8 40 18 49 19
7 47 60 40 25
5 52 21 19 41
50 18 20 59 45
23 60 27 48 7
41 2 34 6 22
14 9 54 43 17
59 31 7 38 33
21 29 39 43 38
4 43 13 31 6
34 34 18 41 29
17 58 57 30 49
32 60 49 53 31
54 56 28 41 28
20 58 8 52 17
36 54 21 41 23
13 50 36 16 8
34 50 3 51 43
60 44 48 38 5
12 9 8 17 58
50 36 30 27 54
36 41 1 37 47
34 41 32 14 53
55 24 47 51 30
55 8 53 58 18
50 8 19 38 58
17 51 51 38 14
54 57 57 3 26
11 32 9 12 12
5 38 54 30 22
35 3 55 1 4
23 48 50 5 60
15 39 32 50 14
1 50 10 48 43
30 53 22 9 26
16 11 43 9 39
19 47 10 37 8
8 2 33 46 41
7 38 60 16 44
3 19 56 41 3
6 49 27 50 13
56 31 30 21 49
58 59 37 22 54
55 8 53 32 1
49 13 27 59 60
42 48 40 9 57
50 13 41 53 50
31 49 31 3 58
48 2 13 37 22
2 27 13 56 30
19 41 11 3 49
2 59 4 54 57
45 30 12 6 19
7 33 37 7 56
47 47 22 4 31
8 31 55 4 51
39 43 37 11 14
19 13 51 22 5
52 22 36 4 19
50 52 20 16 54
8 39 39 48 32
49 43 10 5 53
54 20 16 4 46
2 46 56 19 35
51 48 12 30 19
16 18 11 19 13
37 58 54 45 21
18 39 29 58 41
7 54 42 17 29
56 14 29 27 3
41 11 53 46 15
31 41 53 20 46
17 10 11 50 43
57 44 16 51 28
37 17 19 1 7
17 14 33 33 31
38 55 39 30 38
41 57 38 58 13
9 46 50 5 56
4 39 47 24 10
38 38 4 42 29
48 59 25 31 37
9 11 7 12 34
1 41 25 15 27
5 10 38 5 7
47 56 10 54 10
44 15 44 59 52
10 41 18 17 47
6 40 60 7 22
10 8 14 4 54
5 34 49 34 9
58 41 46 19 44
12 16 37 29 59
27 15 19 17 49
2 41 13 52 53
42 19 35 1 12
38 23 31 8 4
31 22 13 35 37
12 35 29 26 32
8 35 60 5 49
26 14 49 1 32
3 28 16 36 24
50 8 13 30 21
44 43 11 41 58
16 46 32 26 20
4 58 26 14 35
11 55 21 55 12
34 60 37 50 1
31 7 54 56 22
8 57 52 40 60
51 8 24 4 36
26 55 59 40 26
43 58 5 52 15
37 27 58 23 59
57 15 20 1 46
21 17 36 23 39
16 4 56 34 3
2 37 11 47 20
6 5 39 27 13
4 52 2 38 51
24 38 25 51 50
13 51 45 57 58
29 6 58 43 25
56 37 53 11 25
45 14 6 47 1
28 28 41 37 10
43 7 15 31 12
11 21 28 40 7
52 53 34 33 55
25 38 32 3 39
11 54 28 32 13
27 30 9 53 39
45 9 22 29 53
43 25 41 27 46
8 25 48 8 29
60 47 58 20 43
13 53 15 32 20
8 21 58 56 45
55 43 28 23 53
5 11 30 57 33
48 58 2 35 20
21 20 47 10 12
22 53 58 26 12
3 44 60 31 15
37 41 27 51 26
18 38 15 2 53
15 31 48 35 5
1 41 9 15 7
60 32 13 40 1
54 17 21 8 3
18 60 4 9 35
48 30 47 15 48
52 42 21 16 18
32 27 23 59 16
33 11 9 49 19
43 23 49 37 44
13 45 14 28 42
41 47 51 10 16
58 7 45 56 42
12 50 1 52 1
21 11 48 39 32
47 8 33 27 4
20 19 23 40 12
56 45 31 53 13
53 11 32 5 36
36 4 37 42 36
37 45 57 47 26
13 38 32 54 36
7 27 58 17 20
2 57 9 51 26
34 5 38 60 55
11 36 32 3 1
18 8 22 13 47
12 46 12 47 9
45 45 50 35 53
39 36 46 31 16
11 26 59 3 58
41 4 20 18 29
35 6 3 3 53
36 33 35 42 48
10 21 15 33 51
10 34 59 1 60
7 23 16 47 11
45 43 13 37 21
17 35 34 13 2
12 11 42 32 32
37 30 12 36 52
47 53 46 51 38
43 57 32 8 51
27 34 53 7 12
5 15 13 24 29
54 10 51 22 60
46 5 47 44 18
56 14 37 43 34
6 22 46 15 8
41 17 2 5 60
8 21 1 58 28
26 60 53 18 8
46 17 44 35 11
40 46 20 1 27
28 24 41 21 16
26 9 42 29 39
7 58 17 51 46
2 13 34 28 23
52 3 53 57 37
3 4 45 53 2
4 1 52 5 59
32 12 39 23 2
56 22 13 43 50
50 37 37 42 3
34 39 44 30 44
58 24 37 41 59
17 39 12 44 26
30 32 45 30 37
1 49 30 11 42
33 51 31 12 34
23 31 47 15 33
12 6 29 59 31
6 2 53 40 60
34 41 7 5 8
22 1 45 41 22
46 44 56 29 51
32 48 18 57 24
17 37 31 18 32
39 5 2 1 40
42 11 38 41 46
40 39 60 51 28
28 36 44 38 17
48 25 21 10 42
8 51 17 45 43
12 40 43 7 35
36 16 10 53 52
23 49 34 29 5
49 36 39 38 1
43 15 38 34 35
14 48 10 2 54
24 41 11 18 6
19 12 44 18 20
54 41 10 15 5
1 33 40 51 7
23 8 5 39 57
41 34 22 10 52
53 6 1 24 54
59 20 30 58 39
30 27 46 9 17
60 5 7 16 35
23 45 25 50 8
20 8 16 33 56
29 60 27 11 20
47 6 27 23 49
6 34 47 49 51
14 51 52 20 53
4 59 37 4 28
20 28 53 42 48
39 10 3 19 10
50 23 16 42 31
22 15 56 39 11
4 54 59 5 16
43 32 34 32 55
32 44 44 28 49
13 50 4 14 15
31 51 23 3 3
58 43 60 42 1
48 30 2 3 35
42 42 27 46 32
43 54 10 52 49
25 51 55 24 20
41 53 7 17 32
21 36 44 19 51
58 4 30 48 55
43 10 18 49 1
13 41 18 18 45
3 51 42 18 59
35 24 50 46 22
54 49 29 6 60
34 12 23 18 46
52 9 45 3 55
24 48 17 9 2
18 53 30 57 45
16 37 41 47 60
24 38 50 25 11
13 11 32 30 5
40 59 49 31 45
16 5 50 41 44
10 23 1 33 52
48 25 11 2 29
43 53 17 60 53
22 37 51 26 56
35 29 2 8 23
20 13 35 57 14
33 35 22 52 49
43 47 49 9 20
46 20 32 8 51
55 17 4 34 60
28 39 2 7 18
5 49 25 52 52
42 7 12 42 59
49 55 10 40 48
21 51 37 18 1
21 49 21 46 56
2 34 46 24 15
26 19 44 55 18
5 57 19 8 28
22 37 51 30 56
34 54 30 16 16
52 20 42 10 54
3 37 53 31 49
56 45 7 26 53
23 17 33 17 47
46 60 35 20 8
50 22 55 16 44
35 57 54 57 5
49 60 50 41 22
7 42 46 54 24
24 28 39 25 28
43 8 34 35 47
39 14 56 58 15
53 19 35 56 20
23 7 45 20 10
2 16 44 34 9
33 4 41 28 43
7 32 24 10 51
17 32 29 9 27
29 7 56 33 4
1 22 40 55 29
31 36 36 31 30
53 32 19 57 7
26 32 21 39 3
31 30 4 53 40
33 9 19 29 56
45 41 57 16 11
46 13 56 56 5
15 21 59 28 39
22 24 4 36 41
55 2 29 29 21
9 60 49 16 9
54 2 49 5 49
56 31 20 46 24
23 13 56 27 42
39 23 59 58 37
55 30 35 42 26
49 17 6 17 53
20 29 56 33 34
14 27 21 60 43
33 43 32 6 40
34 37 33 9 13
10 40 55 16 47
6 47 7 37 8
39 60 44 60 10
52 13 26 45 7
29 8 6 42 34
58 38 39 56 11
35 34 12 32 30
26 5 3 14 47
30 15 60 12 7
13 49 49 31 50
5 57 28 36 36
38 33 54 17 50
30 38 39 54 44
31 1 57 49 7
43 42 45 35 16
29 45 41 20 11
53 52 25 25 11
7 21 53 2 41
4 48 22 28 36
17 26 25 8 55
54 55 22 20 28
54 37 55 10 1
34 56 33 20 18
10 54 38 33 1
51 2 22 58 39
31 11 48 18 6
28 16 16 14 42
20 22 59 12 14
19 38 50 19 4
3 41 25 21 28
31 52 49 7 5
55 36 42 34 60
9 18 13 53 41
10 53 10 9 23
25 12 51 35 60
55 52 32 12 24
26 33 43 33 41
4 50 10 48 18
1 25 4 24 58
40 4 26 23 38
8 8 50 8 53
31 53 20 3 18
11 46 60 20 17
24 51 22 47 23
14 26 32 35 57
45 56 15 24 42
3 54 35 4 9
29 26 24 23 46
11 1 19 10 28
3 20 43 15 41
22 4 50 13 31
55 12 37 29 54
50 35 7 49 35
54 11 50 51 39
32 16 39 25 14
10 49 17 58 28
21 2 47 46 5
17 26 54 52 44
8 27 20 12 57
4 57 43 14 29
17 22 18 20 55
33 15 23 29 8
27 59 14 58 53
1 51 43 58 47
54 20 41 59 30
55 46 31 59 46
32 35 25 32 38
42 3 34 24 27
28 26 25 58 3
14 56 51 38 44
39 27 24 2 60
32 60 37 28 35
30 55 30 41 54
41 7 11 50 59
37 43 28 23 56
45 16 51 1 57
24 41 53 1 13
60 26 58 3 53
53 46 19 58 8
24 3 47 17 1
10 20 39 54 35
53 28 38 2 2
37 35 24 42 36
4 35 51 44 11
36 27 15 49 39
60 51 52 40 39
59 3 47 24 28
39 22 44 12 36
17 44 59 24 5
40 8 45 3 37
15 12 44 49 46
6 19 14 46 7
50 44 27 24 8
9 51 16 31 1
17 20 6 22 57
7 22 2 16 53
36 40 38 36 49
40 56 7 52 22
4 34 3 55 47
53 31 38 59 34
59 35 32 28 8
40 45 7 26 26
2 38 31 45 20
19 47 11 25 23
60 18 47 27 6
53 34 16 54 34
10 24 58 36 43
17 27 53 16 31
4 32 49 16 30
37 25 23 19 38
29 12 16 22 58
26 7 55 27 50
35 15 34 26 8
5 50 39 30 44
57 31 17 19 57
27 35 25 8 21
48 25 42 23 4
9 21 60 13 9
43 3 39 43 36
14 35 41 17 4
36 5 21 59 52
7 57 45 2 8
3 52 15 22 35
40 4 16 58 56
27 9 52 27 57
30 7 56 21 52
19 46 39 53 11
25 60 10 28 14
42 23 27 40 43
16 48 25 1 27
29 13 26 52 39
54 22 19 46 24
56 55 35 28 40
57 11 7 19 50
49 37 15 31 43
18 55 3 55 54
60 29 6 29 35
5 13 37 44 14
6 1 30 34 9
22 36 25 21 39
14 26 36 22 38
24 44 59 9 2
24 32 25 57 17
46 45 10 43 5
8 55 2 49 30
46 19 4 22 47
4 8 54 47 5
28 60 11 20 54
13 16 23 4 16
3 40 33 18 41
37 50 15 46 10
56 49 37 49 28
58 18 38 32 31
17 14 23 56 23
1 54 57 11 15
25 35 38 39 53
23 5 18 8 15
55 26 21 33 59
20 57 38 29 57
60 25 35 51 42
37 21 2 38 56
16 1 28 2 2
57 11 53 19 13
43 56 55 30 57
40 51 14 60 12
45 23 15 31 18
27 20 32 56 59
46 17 46 17 30
52 53 37 21 32
5 59 57 29 52
2 46 4 25 34
16 14 5 14 1
30 53 38 33 17
35 48 50 17 38
3 10 2 1 56
4 33 1 41 7
40 36 57 31 37
26 30 32 23 29
15 32 53 19 7
2 38 54 8 19
25 23 60 19 5
55 53 49 36 17
36 34 28 57 32
6 60 46 40 27
31 17 23 26 21
33 39 3 58 4
59 2 40 11 25
48 58 3 4 60
40 26 12 2 59
6 52 29 1 50
11 42 16 50 10
51 13 4 55 16
46 21 36 4 20
51 54 56 9 7
24 8 58 8 23
46 51 18 60 55
8 18 60 56 11
49 24 43 19 22
11 47 19 50 19
52 27 9 60 30
56 36 50 13 23
2 39 14 15 48
21 11 30 5 32
54 45 16 33 36
48 20 43 28 49
1 9 49 28 17
35 60 27 53 26
41 38 37 5 47
9 52 10 14 40
2 50 47 51 39
60 40 57 60 42
52 34 55 39 38
19 47 8 49 2
3 33 25 34 39
4 4 59 60 11
40 60 24 28 3
50 51 1 15 2
56 42 39 40 47
3 12 1 1 28
16 4 21 60 14
50 47 56 51 3
16 26 57 54 18
39 50 60 9 1
53 20 43 3 20
7 31 20 23 28
20 49 8 47 45
37 60 8 18 41
19 10 41 28 34
37 16 27 52 22
15 50 17 30 25
30 7 32 28 43
14 40 47 17 13
45 28 34 42 51
18 41 52 47 26
19 4 29 31 1
38 42 3 45 2
47 9 53 7 53
45 17 43 22 36
8 53 54 11 49
32 13 30 24 50
18 10 12 13 5
59 8 36 13 42
14 2 19 19 3
16 43 38 43 10
49 59 32 16 30
48 33 12 25 39
52 32 32 38 30
41 33 7 3 15
37 9 4 51 30
40 20 43 19 30
29 59 5 47 10
23 55 10 37 41
17 2 6 2 35
41 11 9 49 19
34 20 54 15 18
5 36 15 21 21
30 9 51 15 25
14 50 60 2 11
36 51 39 36 37
52 28 11 18 51
58 57 48 18 42
35 38 28 30 41
22 37 5 26 39
23 17 45 15 47
21 7 6 35 57
47 50 6 58 22
8 15 51 55 3
60 30 16 45 6
28 5 45 13 18
12 55 50 47 28
53 44 13 44 41
34 28 25 40 42
30 45 60 6 16
28 56 21 5 50
10 15 39 27 21
10 7 18 36 33
44 50 31 14 59
57 21 46 20 45
56 42 5 28 26
32 46 23 18 33
38 22 2 25 37
20 45 8 58 25
46 48 46 17 58
11 6 12 39 18
21 43 54 19 55
37 31 46 51 24
16 20 35 35 30
52 15 21 15 40
36 60 15 35 59
54 40 14 3 52
26 32 19 10 59
26 37 12 28 2
44 41 38 23 23
9 31 56 30 18
59 26 8 50 54
49 51 53 49 20
39 55 60 26 58
2 15 46 10 11
5 29 14 17 52
44 6 42 23 13
38 30 14 5 1
14 32 17 42 16
45 56 23 21 59
46 45 34 38 46
16 35 39 44 8
17 23 22 50 11
16 27 14 55 29
30 14 40 52 42
25 1 4 29 44
51 60 44 48 28
4 37 26 53 14
57 16 29 44 19
33 27 39 23 43
1 19 8 32 49
19 50 37 52 55
34 41 18 56 43
55 27 9 16 1
45 49 31 7 16
29 55 53 43 57
37 41 37 9 5
2 26 50 17 16
49 47 42 28 15
40 26 36 54 49
51 59 53 54 19
17 38 5 3 24
32 47 15 33 36
7 21 17 58 19
23 14 5 44 39
52 22 18 1 16
18 49 48 48 17
27 51 38 19 36
19 60 4 23 3
47 51 21 56 52
9 39 27 46 43
34 14 16 39 12
37 50 44 21 3
55 15 39 43 44
27 25 23 15 51
33 54 27 2 52
9 54 18 23 23
50 19 22 17 48
10 19 48 52 55
5 35 14 45 9
60 51 30 18 46
41 9 32 40 48
1 51 34 53 29
50 35 32 50 16
27 38 55 44 44
33 6 50 24 2
2 17 48 39 36
32 47 20 32 55
21 8 3 21 18
31 18 51 28 3
17 39 22 59 24
57 28 48 55 37
30 50 26 51 9
57 30 6 8 25
10 9 55 9 13
47 54 22 19 2
56 34 11 36 38
29 39 30 58 14
29 13 38 3 12
2 50 4 22 27
60 52 5 37 45
28 5 59 54 44
21 43 53 43 3
18 17 41 8 1
7 24 38 52 28
57 10 27 55 6
24 58 42 3 37
36 11 41 23 25
27 59 17 13 28
32 33 43 43 60
3 47 21 51 37
56 49 24 9 58
20 2 14 18 17
34 43 29 56 31
5 22 57 8 58
19 3 4 30 1
43 59 57 45 57
6 39 35 34 27
26 46 5 60 38
26 44 16 47 10
58 18 7 48 20
7 17 35 49 38
28 60 7 60 2
3 10 20 50 3
9 28 29 39 13
36 53 47 54 7
6 24 15 31 7
4 52 46 60 26
18 23 16 45 10
11 24 18 2 53
35 24 1 21 51
1 18 27 47 6
42 38 58 58 10
39 17 13 3 51
26 2 59 18 47
24 52 45 19 41
13 60 51 54 46
30 31 5 48 39
16 34 38 50 27
13 51 52 2 49
14 11 4 48 21
1 34 25 35 31
1 26 10 45 26
14 60 21 36 39
28 23 18 52 8
49 12 14 39 19
25 55 48 52 28
15 31 17 13 10
60 26 7 60 50
43 44 56 10 37
52 53 14 60 17
3 59 55 22 39
9 60 9 18 24
11 3 40 24 6
15 12 46 3 21
4 4 16 11 36
15 30 60 16 41
4 49 22 1 52
48 17 43 32 39
38 2 44 56 27
51 55 37 19 3
30 56 14 55 40
3 9 58 24 57
26 21 56 20 28
36 43 23 25 13
47 54 37 37 47
23 4 56 47 23
14 35 49 22 7
18 16 39 17 39
19 27 17 40 21
20 51 13 27 60
45 43 57 28 44
13 7 46 10 57
46 5 53 59 53
40 11 11 42 26
25 54 34 9 28
3 31 4 36 4
28 3 38 44 10
18 32 24 34 45
18 38 51 39 22
17 54 31 28 59
3 19 38 49 17
20 12 42 11 23
33 9 3 33 41
55 24 14 52 45
34 13 43 14 56
38 8 14 33 19
16 39 7 26 18
9 16 32 55 6
16 53 19 37 29
19 16 51 16 47
46 27 9 37 40
32 46 7 57 25
22 32 60 24 25
59 35 35 48 10
16 46 2 17 14
14 3 53 25 58
13 27 10 29 50
52 24 9 29 7
29 48 34 47 3
58 17 18 52 6
51 14 46 40 15
54 28 2 37 60
45 6 27 52 42
19 11 54 39 38
9 28 41 43 35
33 20 5 28 14
31 43 36 57 54
43 5 51 14 6
23 29 29 29 12
60 42 14 11 19
33 25 40 46 27
1 23 32 4 31
23 39 3 52 41
23 19 7 26 22
13 14 44 33 15
51 41 12 27 46
4 47 17 28 20
45 20 40 28 16
48 27 32 19 52
16 29 15 59 16
5 24 51 19 53
9 5 9 5 58
18 7 44 16 12
35 51 48 54 57
22 34 58 58 17
39 30 35 50 44
21 44 47 41 25
35 10 37 4 20
52 58 41 26 58
22 27 19 30 14
28 17 2 33 47
55 29 27 32 6
54 8 27 58 23
20 39 49 5 49
9 38 10 12 23
30 26 50 2 15
60 34 51 59 58
35 26 35 58 41
46 10 24 40 54
24 39 10 10 40
10 12 48 14 2
54 60 12 28 59
59 31 24 45 5
52 33 19 16 5
51 59 2 39 53
31 56 11 40 56
1 56 16 20 60
30 20 3 57 46
15 52 20 3 45
50 39 53 60 14
34 27 1 40 12
29 12 8 58 30
39 3 4 47 41
56 25 32 35 48
29 37 49 38 36
34 24 41 12 53
31 54 52 36 11
42 18 41 45 29
57 9 27 11 10
40 40 11 49 19
40 12 55 37 8
41 43 22 48 21
51 26 7 42 34
27 15 57 27 28
35 28 38 50 36
12 41 29 17 56
3 59 38 36 60
35 47 9 5 31
32 58 31 15 56
19 35 36 22 56
43 43 24 39 28
37 11 35 24 42
46 49 53 9 23
6 22 33 2 10
10 12 29 58 19
49 53 5 44 17
1 2 6 50 38
22 19 7 45 52
38 46 55 49 34
39 41 43 29 56
57 50 2 46 55
19 15 18 60 13
21 12 29 35 20
45 13 20 28 7
59 8 31 42 30
44 20 33 57 35
12 36 40 13 58
55 21 43 59 22
39 12 43 45 47
37 14 45 48 25
35 10 33 17 45
37 12 28 17 50
38 45 49 4 36
58 15 28 48 60
25 11 7 59 35
44 23 53 22 45
17 21 1 25 20
1 30 27 24 17
40 59 46 50 50
26 26 17 59 43
53 33 58 15 52
56 10 49 12 59
25 4 34 23 39
8 42 22 37 3
59 19 46 38 1
36 49 39 20 44
9 9 21 16 56
43 9 26 49 34
14 16 29 32 43
2 57 11 15 45
41 31 32 58 3
56 25 10 37 28
53 48 32 56 5
7 48 9 58 25
48 30 40 18 33
14 39 2 28 49
57 12 55 7 49
44 16 29 10 9
44 54 44 20 53
3 11 46 26 36
2 7 42 9 9
54 51 47 42 15
24 1 52 42 1
35 15 50 44 11
53 17 46 3 20
18 9 41 59 52
2 21 21 32 39
48 35 59 21 38
47 6 28 31 53
43 57 53 18 30
31 29 41 43 41
2 26 16 34 25
27 48 40 20 47
39 59 55 36 60
54 53 40 12 14
45 30 29 32 14
50 39 33 59 25
58 50 48 33 24
8 11 60 56 58
23 20 27 26 11
45 2 35 52 11
8 34 42 41 12
6 6 37 41 7
37 16 23 11 47
32 45 55 44 15
17 42 20 53 21
55 51 37 24 41
42 45 4 5 21
53 55 49 29 60
51 6 50 11 43
54 59 38 51 55
6 34 23 46 59
9 1 20 3 45
22 32 14 21 40
13 16 56 53 44
51 40 43 37 35
5 7 17 30 27
2 25 38 15 54
11 21 57 5 14
43 4 15 35 58
44 51 12 50 36
16 53 42 42 47
48 32 32 31 28
46 58 1 31 24
56 37 46 36 16
50 40 42 8 45
46 51 40 16 44
20 55 28 6 14
50 6 32 60 45
3 12 15 24 20
50 17 23 33 60
45 40 26 18 5
16 19 37 60 53
59 27 4 52 31
39 21 17 21 18
1 21 29 60 58
27 51 15 57 49
5 10 6 2 31
46 38 31 12 9
5 38 56 52 32
39 14 42 25 41
12 31 18 30 3
9 50 50 47 59
30 52 60 18 30
49 10 28 10 38
57 16 31 11 33
17 23 18 45 60
59 23 52 52 3
50 4 17 16 3
14 33 12 56 49
49 14 46 20 45
22 10 38 36 3
49 8 31 25 44
54 4 59 45 42
26 21 44 11 51
50 31 59 26 32
2 30 53 3 53
58 28 49 7 13
57 11 32 14 52
39 58 16 20 31
59 44 56 5 17
10 56 60 31 22
35 18 27 60 44
40 43 15 39 53
34 43 11 49 46
12 18 42 16 56
33 52 36 45 36
58 26 8 49 53
32 18 16 13 2
10 16 8 14 50
27 18 14 3 31
50 32 43 47 28
43 55 18 55 56
16 37 5 50 50
12 48 38 44 18
4 13 1 17 45
37 4 4 50 20
37 53 31 8 18
4 30 56 7 35
9 12 48 23 47
54 31 49 60 23
13 11 38 13 3
48 46 6 18 58
46 9 59 39 45
56 54 1 11 2
51 36 11 8 30
44 41 47 55 5
14 29 13 50 22
50 21 30 60 13
19 5 39 41 35
12 9 35 4 5
16 17 58 19 25
38 1 5 57 11
60 35 51 51 15
21 21 59 30 34
11 6 9 12 51
35 12 33 54 33
57 25 48 31 38
2 5 1 21 32
55 59 1 5 54
22 2 20 5 52
12 1 30 57 52
47 29 1 15 28
55 26 4 52 3
43 13 1 28 8
12 42 33 31 41
2 5 25 38 54
7 59 41 47 40
5 16 48 9 33
42 20 5 21 49
1 1 40 32 47
56 18 56 8 32
11 35 26 18 44
25 46 2 40 52
56 41 28 39 26
33 41 33 51 12
11 32 36 49 36
3 8 19 50 8
15 16 32 41 16
41 59 19 24 12
23 51 3 23 38
3 35 52 56 7
35 21 19 53 38
10 35 34 9 47
13 33 40 57 16
48 30 49 24 34
54 51 27 52 36
14 40 36 40 9
26 20 49 19 24
29 7 18 35 16
3 36 36 33 15
18 22 35 46 8
58 23 17 50 58
57 46 3 40 31
47 55 22 60 32
6 60 50 20 57
2 58 37 8 33
2 59 10 10 54
48 28 49 37 58
41 10 34 2 7
3 5 36 3 6
14 44 18 24 2
43 22 23 23 32
24 55 8 60 41
15 60 49 31 38
15 56 7 38 43
38 26 52 32 34
25 12 17 58 14
42 25 14 47 23
54 43 1 29 12
60 17 13 4 5
6 13 26 49 39
58 59 6 34 33
31 40 7 48 47
30 46 53 23 33
47 22 54 21 6
32 37 57 36 11
23 11 17 45 6
3 47 38 26 12
29 49 21 39 54
54 29 20 12 20
33 60 40 24 8
11 15 48 27 19
52 23 19 60 49
46 17 45 26 13
23 23 50 10 6
25 52 12 55 45
58 52 10 47 22
33 41 33 50 9
26 40 38 14 45
8 34 19 9 45
36 46 48 7 11
58 40 30 43 10
3 27 55 53 22
40 34 22 51 28
40 35 53 24 18
45 8 47 58 54
21 32 5 35 9
52 31 38 49 59
10 38 26 20 51
19 40 10 9 18
58 4 11 24 51
56 36 21 36 5
30 58 31 30 30
10 15 28 43 14
19 42 57 10 39
13 44 16 12 29
39 41 50 32 44
8 6 16 15 20
52 58 33 34 42
21 4 49 45 41
28 55 55 9 26
9 60 58 5 38
48 50 46 24 50
19 28 43 40 3
37 5 6 34 55
5 1 39 3 45
22 52 2 55 34
44 9 36 16 33
11 24 5 53 3
5 25 21 24 3
59 57 49 10 17
48 49 3 17 35
27 8 59 8 17
11 2 35 24 42
2 5 12 51 22
3 52 54 32 35
23 55 48 49 46
57 18 32 27 12
18 26 28 47 40
17 48 54 24 25
49 6 45 26 45
15 42 54 28 10
39 42 37 29 18
21 37 20 23 55
54 17 27 2 30
19 25 44 5 12
55 52 55 44 35
33 18 19 27 6
52 32 36 44 53
7 15 48 8 41
41 6 33 59 25
26 20 7 8 35
28 15 49 47 38
13 60 5 3 33
11 41 41 8 40
46 29 28 11 11
46 54 36 21 2
18 13 26 59 19
36 44 12 41 48
42 58 40 43 46
3 46 46 45 43
20 19 56 22 8
21 45 34 42 60
50 35 34 60 51
54 3 29 23 6
48 5 45 8 32
29 59 37 28 8
39 37 13 33 25
47 21 30 14 17
46 54 5 50 18
39 38 6 13 40
29 38 46 5 59
47 18 29 58 34
11 42 31 17 29
30 6 8 24 9
13 59 54 4 56
14 36 23 6 38
29 24 8 40 13
15 29 34 2 30
7 3 52 40 33
20 32 13 50 46
59 17 7 30 11
14 51 32 54 46
44 7 41 37 54
16 29 57 40 41
39 28 20 31 9
29 39 39 58 39
21 19 55 22 33
8 9 4 31 5
57 32 4 47 25
50 40 48 19 43
16 23 36 29 35
24 35 50 10 26
39 37 5 2 32
14 54 41 16 13
11 38 52 47 18
45 45 24 41 53
25 57 46 45 51
18 53 23 6 36
52 29 18 47 29
9 4 27 52 37
50 47 4 28 22
38 15 30 32 27
14 45 24 53 30
37 40 10 41 31
19 16 41 28 33
6 59 32 36 51
56 58 47 8 23
26 31 26 44 7
4 18 28 4 6
4 58 41 28 43
26 35 29 29 17
22 51 48 14 32
8 6 47 59 31
49 37 6 47 41
48 10 4 10 15
39 39 48 45 15
20 36 26 53 36
40 30 27 37 6
26 53 5 8 56
6 56 9 22 29
9 29 58 44 8
56 10 20 33 31
15 59 55 44 12
26 33 11 29 54
11 5 41 37 52
3 36 2 27 1
13 34 13 48 58
17 31 41 57 28
2 42 2 29 52
45 2 59 16 4
57 24 3 21 58
53 6 57 30 27
55 49 38 39 41
32 26 25 22 12
51 60 9 59 59
9 39 56 58 51
34 3 40 25 34
55 36 59 41 17
26 3 54 16 55
39 14 55 5 56
55 20 54 58 17
33 27 19 49 50
33 23 41 20 15
25 49 25 39 2
12 1 57 45 43
27 15 53 25 44
57 38 7 5 54
57 50 2 43 46
46 20 52 53 36
56 7 16 15 24
50 47 52 50 48
33 27 9 50 29
36 27 43 19 18
37 46 16 10 49
24 21 53 17 11
52 45 10 30 15
40 40 30 12 9
14 8 49 33 7
20 18 56 3 27
51 42 55 32 15
58 60 49 56 18
4 58 8 43 2
9 15 6 5 28
59 10 36 18 59
26 16 12 3 49
14 2 34 18 27
5 51 44 10 6
38 18 4 14 47
3 48 42 49 8
8 10 45 36 17
17 8 30 45 43
56 43 51 35 9
29 22 21 6 40
45 31 49 1 13
32 50 30 32 51
19 9 1 30 16
59 17 5 35 5
56 51 7 59 33
35 23 56 42 12
7 37 42 49 38
23 12 7 45 54
28 15 12 2 59
13 26 6 47 34
12 26 13 43 55
18 56 31 38 7
41 27 44 7 14
16 18 4 5 26
41 9 47 26 42
9 59 37 23 22
59 11 47 5 42
10 52 30 19 25
45 22 53 51 8
17 24 48 55 26
31 6 53 26 11
41 43 5 30 2
13 10 60 18 46
8 8 44 39 55
37 27 23 3 44
53 38 14 23 40
54 36 36 32 14
46 55 26 29 26
1 42 32 35 20
43 31 7 15 57
60 33 45 1 45
2 18 33 8 33
58 10 3 21 47
19 54 18 52 5
48 4 22 9 26
27 60 57 47 58
25 41 44 16 20
54 27 52 26 49
45 51 6 10 5
15 30 50 30 59
38 39 23 55 27
20 14 28 3 47
55 47 24 7 40
17 48 33 43 33
41 46 30 2 54
14 11 32 15 39
51 35 20 37 12
27 22 47 7 48
35 4 28 24 54
27 50 28 6 53
16 5 34 9 22
16 24 39 53 37
57 26 31 41 19
30 55 31 57 59
10 8 21 25 39
44 53 30 13 35
23 28 34 26 48
36 8 14 37 30
8 14 3 52 16
18 56 51 1 6
41 38 51 52 48
2 6 24 56 44
51 49 7 47 22
7 43 43 7 22
4 20 43 12 24
47 33 43 49 58
8 59 56 2 37
14 19 31 42 21
28 40 12 57 38
30 4 41 10 26
33 56 21 44 23
11 50 21 29 10
10 48 31 30 59
44 55 54 35 55
53 57 34 56 36
22 27 42 32 37
22 50 24 1 48
55 23 42 3 57
57 53 60 10 5
28 40 14 31 1
17 57 47 42 32
22 3 42 17 21
42 17 44 20 22
17 13 45 36 23
10 35 25 3 55
19 37 19 43 1
14 38 47 50 31
27 19 20 5 46
14 29 51 34 9
51 13 11 36 34
58 22 21 7 11
32 25 4 33 58
11 24 37 23 4
48 27 49 21 24
19 25 6 27 37
22 1 6 40 26
1 3 32 46 2
21 3 26 32 51
37 57 2 34 31
5 21 31 44 57
23 12 55 40 1
5 11 43 39 15
28 17 49 58 43
37 19 39 24 42
14 35 28 18 19
41 7 42 48 45
12 21 17 15 46
7 54 27 46 31
1 17 58 8 45
42 8 52 60 46
53 25 10 16 38
17 53 57 39 55
60 16 12 21 19
36 43 49 9 23
5 12 56 25 15
47 53 53 33 31
46 45 9 26 24
2 36 33 29 15
56 31 9 15 42
48 14 27 6 35
4 43 10 55 54
32 33 50 12 11
8 6 39 56 16
5 16 45 50 33
9 44 21 48 4
38 39 43 17 7
8 57 45 20 58
20 58 57 26 11
27 38 41 27 13
45 54 41 39 60
13 12 11 18 3
58 41 29 5 37
7 54 53 9 11
15 31 42 1 48
34 42 25 60 18
7 47 6 48 46
11 41 6 8 22
20 31 47 38 21
19 8 24 47 55
29 15 12 49 3
17 7 42 30 16
31 12 33 23 47
35 22 15 31 56
55 27 22 46 59
30 55 43 37 10
19 40 9 32 35
49 12 45 5 35
21 47 57 58 33
25 41 8 49 39
23 44 59 54 57
18 32 28 24 9
10 40 33 54 21
22 16 52 60 57
42 23 18 11 15
42 40 14 49 39
11 25 32 3 12
47 47 29 1 25
37 51 34 60 41
28 33 41 43 22
55 51 12 54 49
49 30 58 51 27
31 31 37 14 19
39 60 18 19 45
58 22 44 35 50
18 40 59 43 24
59 7 11 32 14
29 11 31 31 49
47 7 36 5 24
57 6 3 17 28
5 18 45 5 59
43 17 31 39 46
1 5 28 24 57
36 8 9 41 35
24 41 47 54 30
19 48 24 31 36
33 3 40 16 47
42 34 24 15 8
55 18 39 38 27
56 45 16 37 12
56 28 42 32 23
9 49 54 52 2
20 33 10 19 54
4 44 24 52 9
57 44 28 46 31
14 6 16 1 3
25 19 22 49 14
13 1 24 37 43
8 13 40 43 20
47 18 60 31 41
34 60 46 27 14
46 19 59 4 21
40 15 17 47 51
38 7 31 11 2
54 16 39 31 10
19 51 4 38 60
37 24 31 23 45
22 33 45 19 60
10 6 59 10 40
60 32 43 9 29
2 32 14 22 15
40 42 18 9 12
56 31 23 12 18
49 22 53 1 34
16 36 12 25 35
52 42 60 51 42
46 59 6 2 7
42 56 58 13 29
54 8 31 38 59
43 39 16 8 55
11 60 50 7 11
7 44 41 41 48
58 20 56 58 58
16 33 15 7 14
21 29 26 22 12
60 40 19 27 16
55 30 20 50 22
39 28 35 19 25
38 32 35 32 40
48 12 45 6 34
36 14 38 47 30
37 16 33 7 20
35 33 49 37 36
11 19 6 20 53
6 18 27 47 35
44 26 40 28 41
33 36 34 40 21
20 30 15 12 10
33 52 24 30 40
27 33 46 41 60
52 60 54 16 52
54 30 11 60 25
6 43 10 22 16
23 31 24 25 58
43 55 39 26 6
26 56 30 14 49
2 33 5 6 37
33 49 52 14 53
60 50 28 46 38
28 58 27 3 17
5 45 45 3 56
15 59 34 24 55
37 35 42 1 36
21 32 32 50 28
36 58 13 14 60
58 29 26 35 12
4 35 47 48 43
55 55 28 29 58
39 22 35 54 44
13 45 17 8 31
48 32 4 45 17
53 32 31 6 36
9 58 14 4 33
27 17 27 22 33
45 16 13 47 45
28 36 50 15 25
8 52 2 52 41
56 43 41 23 3
54 54 14 46 3
15 46 15 15 56
15 37 19 19 27
11 33 46 21 27
35 8 17 27 21
51 9 39 54 44
53 9 36 31 2
2 35 21 33 59
5 50 46 33 27
3 37 46 19 57
3 20 45 54 16
57 34 30 49 33
52 5 3 13 40
45 16 21 41 45
25 19 47 5 49
2 54 42 11 18
45 6 30 15 26
49 16 2 32 46
60 59 9 40 13
38 42 47 2 27
12 13 14 52 18
24 22 53 4 56
9 22 19 21 34
56 25 10 38 29
48 18 16 49 13
5 59 54 50 6
42 17 50 54 12
3 42 23 13 6
49 28 19 8 46
23 34 43 22 17
55 23 35 47 50
27 14 12 34 30
35 35 46 57 31
18 21 21 45 4
42 39 58 53 36
5 3 52 35 59
26 39 13 14 23
16 6 43 42 57
29 52 47 23 41
50 39 2 58 23
17 32 15 1 58
8 52 42 13 13
14 25 45 40 19
14 3 4 6 40
47 40 35 53 9
28 11 51 42 59
18 19 30 42 23
47 6 11 50 34
56 17 17 40 23
19 30 15 14 59
57 26 18 54 28
2 28 31 41 15
16 21 48 57 16
20 7 49 2 14
11 15 34 47 60
44 42 34 8 24
33 27 22 24 53
7 39 23 10 9
18 47 42 19 57
39 19 19 54 3
17 56 42 35 26
24 32 56 50 58
21 22 12 45 57
2 58 2 18 12
45 60 38 31 45
9 53 29 30 42
10 55 37 57 23
18 55 11 29 52
41 45 60 40 18
12 48 39 10 7
58 25 36 20 17
28 18 60 1 22
6 47 23 53 45
28 22 37 45 25
49 32 15 30 60
17 55 13 60 59
47 56 17 52 7
42 25 3 59 48
35 44 2 14 29
25 15 5 52 3
30 44 34 42 37
16 4 58 13 22
53 6 23 37 52
6 44 23 38 37
5 58 36 42 40
56 33 16 19 20
14 8 15 28 2
35 11 4 35 43
3 4 8 57 1
19 52 59 43 56
10 60 27 7 26
8 25 46 27 28
37 46 19 29 23
15 49 31 15 55
42 18 58 29 60
23 51 60 43 51
49 25 42 18 48
3 39 33 28 29
53 8 54 21 10
32 41 58 60 36
56 30 17 27 1
46 44 2 43 42
12 11 7 37 51
34 7 32 30 9
36 45 46 29 40
9 31 15 4 31
13 58 31 29 32
35 17 19 60 44
3 27 33 17 44
23 48 7 38 32
24 4 17 22 24
18 37 20 33 52
24 36 22 19 48
26 34 8 33 25
10 14 54 58 59
60 21 59 20 32
40 14 12 11 11
12 51 36 53 10
55 3 47 26 35
41 58 9 18 42
46 28 40 32 57
40 20 47 54 58
12 32 36 2 6
58 23 40 43 37
1 5 24 45 33
12 37 19 32 13
47 17 39 38 57
54 2 24 43 46
2 48 28 51 56
25 5 4 15 40
27 26 40 51 1
7 50 22 56 2
43 19 21 19 38
28 21 51 38 39
44 12 6 32 4
14 3 45 19 28
35 14 46 20 47
39 19 31 45 32
58 20 46 58 42
47 14 60 52 15
6 42 47 58 39
8 21 46 35 28
42 41 6 58 29
53 34 19 51 27
21 59 35 32 2
43 30 38 10 46
32 32 33 57 54
42 24 46 15 43
31 37 19 14 42
38 3 22 10 25
32 24 3 29 3
23 4 16 47 54
56 43 12 55 50
31 2 56 4 28
55 34 29 57 57
12 14 24 21 46
47 8 29 10 28
36 55 38 38 20
27 41 19 27 27
19 31 39 30 28
60 9 33 16 32
45 34 43 14 25
23 2 11 34 45
52 13 13 40 17
49 12 51 39 60
50 53 20 16 49
13 20 18 53 25
41 9 45 7 22
40 24 50 10 52
18 29 16 13 27
17 32 29 38 20
38 1 32 26 3
52 53 52 33 20
60 25 57 53 44
26 12 48 43 23
15 18 33 36 27
40 57 15 53 23
60 1 25 42 34
40 16 21 34 53
5 37 31 41 43
57 28 60 38 29
56 50 25 27 59
25 51 29 56 31
16 9 51 60 21
51 11 45 26 8
47 3 56 45 29
23 30 20 29 48
11 18 11 50 51
36 34 53 33 59
34 5 38 17 51
52 10 20 32 10
15 56 41 28 8
45 5 6 19 3
40 54 56 22 4
46 29 10 7 31
14 33 15 54 43
45 8 2 45 42
14 34 27 60 47
39 3 26 44 24
43 53 58 56 18
13 52 27 28 43
38 40 30 58 20
42 25 36 9 21
58 43 25 44 10
9 19 56 47 19
9 58 4 32 9
22 49 11 7 58
19 4 31 39 27
11 26 24 38 36
36 45 11 9 56
55 1 59 54 48
20 30 19 35 20
10 34 25 44 30
2 19 59 38 37
21 53 22 7 55
44 1 27 55 39
6 16 16 13 14
59 60 20 60 40
6 39 48 39 56
53 32 27 49 54
27 52 58 25 17
7 26 38 8 18
43 33 35 41 18
27 59 7 52 25
54 33 8 5 11
45 42 29 57 47
23 1 44 17 58
36 11 32 28 18
41 38 48 39 54
6 29 18 21 34
53 22 57 42 3
41 9 2 12 36
6 45 31 14 10
28 56 53 25 33
13 47 37 14 38
58 10 15 52 39
9 54 41 44 3
21 25 58 26 41
9 53 4 46 53
48 52 6 28 36
50 51 22 25 33
21 31 35 52 58
43 24 55 32 52
59 38 54 49 40
12 25 24 37 20
44 40 13 37 55
51 37 49 35 60
35 1 51 23 38
11 17 35 16 2
45 23 20 14 24
1 1 59 12 51
21 33 57 40 31
18 21 5 18 37
58 4 5 7 28
24 3 48 50 30
51 23 27 48 39
56 42 16 43 1
34 52 33 48 27
24 57 17 30 39
31 47 30 28 45
55 22 23 57 40
9 2 15 2 33
39 45 55 16 11
12 21 2 1 12
12 57 58 52 5
59 57 41 34 10
26 1 28 58 44
20 20 22 6 23
34 56 40 3 3
59 18 45 58 5
27 41 31 29 26
25 39 6 59 29
26 41 35 26 1
21 10 12 13 54
39 46 32 7 32
7 56 38 10 28
3 46 37 11 46
30 57 3 57 49
2 58 60 11 24
7 31 2 10 43
37 60 59 3 4
3 45 32 21 18
49 10 24 32 51
43 6 6 41 1
22 47 14 15 44
30 24 35 30 1
25 55 2 30 47
58 41 25 20 32
4 46 48 20 16
42 20 32 41 58
25 39 22 54 6
54 59 45 55 31
33 3 20 41 6
19 18 8 9 8
24 5 10 30 44
12 12 20 12 50
6 11 43 5 4
18 39 60 28 17
10 47 60 7 6
30 29 52 48 10
36 27 55 56 52
2 25 8 36 1
44 38 45 1 54
26 49 34 42 16
24 59 56 60 56
56 29 40 56 21
36 24 37 3 30
50 49 11 50 22
55 17 8 36 7
59 59 30 13 1
45 54 2 13 45
31 31 19 10 33
41 4 2 41 31
29 22 53 3 51
60 8 59 13 26
7 7 40 53 47
45 50 20 17 14
27 2 43 29 45
30 40 4 43 55
22 45 4 1 25
47 14 15 42 45
56 43 39 19 29
56 57 16 13 28
25 42 48 58 60
7 4 7 2 33
47 14 37 57 54
16 42 9 19 6
59 42 22 52 1
39 35 20 47 10
54 29 58 58 23
15 38 16 18 37
26 34 28 9 15
1 23 31 60 39
54 18 20 42 60
20 57 33 6 12
26 44 32 34 11
14 49 19 55 33
14 50 50 60 11
19 44 47 55 45
45 46 1 5 37
51 18 24 40 54
35 44 46 44 53
13 30 34 42 9
44 13 45 21 43
34 12 51 34 12
3 50 41 59 59
35 4 31 49 32
3 52 29 55 5
34 3 46 12 47
30 17 6 36 10
52 8 18 5 57
8 57 27 46 27
29 31 1 53 22
49 26 4 13 49
54 14 12 9 20
30 46 58 37 49
51 28 21 59 45
39 49 29 57 43
51 57 37 17 20
36 27 27 28 9
13 32 34 3 51
12 21 9 48 15
36 20 44 17 10
48 7 10 57 28
13 4 48 37 56
58 27 21 8 15
30 37 55 10 2
27 27 10 23 34
49 53 47 37 8
51 59 49 55 50
42 53 44 20 1
23 52 30 4 20
46 21 25 14 9
49 48 37 4 34
32 18 56 42 50
3 43 42 14 17
15 50 2 37 52
10 27 32 54 60
50 49 39 53 51
38 51 57 7 47
33 41 7 45 37
38 41 26 44 49
5 25 60 17 51
51 37 12 13 48
48 41 40 46 57
26 12 43 47 45
32 44 8 9 45
2 47 59 16 48
41 3 59 53 23
53 5 1 3 60
21 29 28 56 21
38 47 55 46 44
27 43 36 25 52
28 53 50 38 50
53 10 38 18 49
52 41 54 43 46
45 21 1 30 18
56 20 52 22 58
39 46 19 34 17
3 23 41 55 32
39 31 7 47 18
59 60 54 37 53
54 49 59 1 36
51 50 9 30 2
5 48 28 30 27
43 51 55 30 18
58 13 12 22 16
60 16 46 45 52
57 55 41 38 24
29 40 31 45 20
60 24 5 59 59
29 27 31 10 10
10 50 56 2 42
12 13 11 46 3
59 43 45 31 29
8 53 30 35 55
57 16 29 1 4
38 6 54 25 29
8 19 49 31 39
57 9 13 6 59
53 4 41 41 37
24 14 32 58 56
18 19 32 54 56
5 34 3 26 8
18 39 11 45 31
32 51 60 17 3
18 21 18 20 54
25 60 30 51 55
18 13 43 53 8
4 24 41 11 60
33 54 57 3 32
58 57 10 56 7
10 9 11 3 36
59 43 24 52 13
23 32 36 1 48
1 48 31 8 51
47 60 22 19 47
53 13 26 33 30
59 19 48 4 56
9 29 43 32 3
49 29 26 38 30
40 10 25 57 44
7 3 54 36 42
55 45 6 35 60
46 20 23 19 32
28 40 46 37 25
1 46 19 5 43
18 3 19 25 30
57 6 19 52 14
6 52 10 13 25
9 18 35 11 41
25 59 32 54 36
33 50 3 5 40
39 28 52 21 24
54 35 33 34 24
46 60 4 29 2
34 15 58 12 42
11 25 1 60 17
22 1 2 56 31
19 19 34 10 5
28 40 22 58 10
22 47 19 14 46
58 7 14 8 48
11 18 25 31 11
45 31 24 47 37
39 15 54 2 33
23 47 30 51 5
49 43 45 43 18
8 4 39 35 4
46 9 17 36 55
29 43 21 52 52
24 34 41 32 36
48 2 44 49 49
31 60 57 8 38
11 38 45 11 56
6 47 24 22 34
13 48 12 47 23
56 19 14 54 1
49 20 26 53 49
2 4 43 15 23
55 46 6 3 29
35 9 57 42 9
34 21 30 22 21
18 24 23 17 44
5 54 8 26 14
45 46 5 51 51
13 35 4 41 24
20 29 34 39 14
8 60 3 17 60
8 9 30 28 39
37 39 36 28 35
20 56 32 27 16
34 6 48 25 36
44 14 18 49 43
55 34 34 45 49
18 24 32 3 8
52 37 3 41 2
30 28 32 57 25
20 4 14 31 39
35 1 31 55 51
7 38 46 56 60
20 59 31 31 56
41 13 31 28 3
60 60 28 10 57
43 6 11 33 45
50 45 42 25 52
16 8 45 41 11
23 27 34 24 9
55 33 50 38 22
42 51 48 31 31
15 59 34 2 41
42 43 2 34 42
35 1 18 15 34
5 25 30 41 46
33 37 36 54 17
22 57 37 59 45
25 48 53 14 55
4 21 47 38 57
3 45 29 26 60
39 1 17 53 57
28 60 53 51 1
5 34 56 48 42
11 25 55 19 7
13 8 30 53 4
17 6 35 26 49
50 20 2 38 40
42 30 5 35 8
36 13 23 36 16
48 49 44 19 44
19 32 56 48 51
18 42 39 28 35
43 58 32 54 45
33 53 27 19 19
2 35 19 36 3
5 56 49 28 10
31 10 33 26 28
37 23 59 46 60
31 2 59 43 52
2 30 58 31 3
41 57 35 53 38
13 47 10 35 45
17 49 14 14 8
31 49 46 35 1
10 40 31 1 37
60 3 26 37 42
11 32 57 15 52
25 8 40 24 36
4 26 54 38 42
47 22 5 10 10
28 42 57 46 15
27 49 51 10 52
6 36 26 37 13
48 2 7 57 2
52 13 7 25 42
15 21 54 47 31
28 43 43 12 25
7 26 43 54 32
45 30 56 38 1
18 21 17 31 13
22 50 27 12 52
7 16 12 38 14
41 57 58 54 41
49 6 47 11 15
59 41 55 49 55
26 17 60 3 21
10 49 60 45 1
56 58 36 32 20
30 42 18 7 57
3 32 38 24 1
37 34 13 47 50
15 21 50 30 5
27 21 5 21 36
9 55 22 30 16
44 54 40 3 28
1 32 60 6 8
33 35 32 51 16
41 24 46 60 41
31 12 31 60 56
10 14 16 22 50
46 40 45 33 24
4 6 10 5 52
7 25 60 12 17
13 1 36 21 59
39 19 25 37 26
10 31 53 7 32
12 20 11 17 48
54 45 7 8 57
33 11 45 2 28
47 58 59 26 6
21 58 2 35 47
45 18 34 28 56
20 22 58 1 49
1 36 19 51 19
52 57 31 48 59
13 45 30 48 53
37 50 47 58 21
11 25 23 44 40
55 60 35 9 19
56 39 56 20 51
38 34 9 57 60
39 22 14 19 44
59 54 48 17 39
39 56 38 28 30
55 49 29 26 51
60 26 18 46 20
4 54 52 3 53
27 1 42 43 56
23 16 12 11 54
59 51 20 29 32
10 53 44 24 43
18 53 41 59 13
33 29 1 40 3
21 50 56 53 5
28 37 5 56 41
15 30 26 56 41
45 46 56 45 37
53 4 31 20 49
59 9 58 26 5
55 5 17 2 6
37 58 57 44 1
43 42 2 25 19
15 32 60 59 15
36 13 2 1 15
44 60 27 18 20
4 40 29 26 37
18 41 28 42 13
4 37 39 7 46
60 52 48 17 2
8 40 29 48 18
21 37 31 33 30
36 28 43 52 11
7 30 26 4 49
33 44 34 21 51
13 34 60 11 45
60 20 16 12 54
47 4 59 30 27
58 11 39 50 8
6 31 1 47 12
34 3 20 5 36
5 56 44 25 55
17 57 5 39 5
25 25 13 29 19
43 28 52 35 27
32 3 43 54 49
23 31 47 25 1
26 17 15 19 51
35 18 23 54 59
57 23 20 48 19
10 39 5 41 6
58 16 60 4 53
34 35 17 15 40
33 53 10 54 55
16 56 8 47 48
11 44 32 40 46
17 34 43 17 35
28 5 30 30 3
22 10 34 40 27
45 7 19 33 41
37 6 19 7 20
39 49 57 4 32
21 22 56 54 47
23 28 34 40 18
36 50 36 60 52
54 16 38 52 42
14 60 22 18 11
52 56 59 49 22
10 4 15 41 24
22 54 12 15 53
5 38 13 32 42
11 59 23 3 3
4 39 27 15 39
18 37 9 39 48
2 18 12 54 4
28 26 32 27 51
18 42 53 8 15
3 53 6 38 46
49 49 54 42 48
21 33 19 33 52
48 14 24 36 34
50 28 8 16 44
31 26 33 42 28
15 9 14 3 50
50 19 31 47 18
9 47 56 33 20
23 29 37 46 49
54 9 58 23 8
48 8 55 48 59
26 36 13 5 14
7 2 25 7 28
54 27 3 57 54
34 6 38 44 30
6 34 19 12 11
58 10 18 22 6
12 18 36 6 12
15 7 39 54 9
34 13 29 57 16
10 53 14 19 26
30 56 15 11 7
45 17 59 27 17
58 37 37 8 58
53 34 4 35 58
27 53 8 16 51
27 33 51 42 21
17 6 47 18 10
44 40 8 60 50
49 17 44 59 28
29 3 6 16 25
50 33 7 58 55
53 46 4 41 53
7 32 14 33 28
36 1 8 37 56
22 49 47 36 33
4 58 58 8 13
24 12 40 34 37
48 27 51 30 43
49 53 48 8 46
24 11 21 26 9
30 48 43 43 57
13 42 19 6 1
26 50 2 21 43
45 60 39 45 59
40 6 4 11 41
27 41 41 12 4
34 56 20 37 11
44 37 31 52 44
6 7 53 11 1
53 42 21 2 30
50 3 5 15 12
39 5 28 50 40
20 40 32 36 9
3 53 37 7 14
29 50 16 51 42
38 10 16 50 38
22 27 27 44 55
10 52 15 32 25
51 9 4 48 51
5 14 9 36 18
38 9 45 17 1
46 54 59 3 5
44 13 16 50 39
41 2 58 8 37
35 4 28 31 40
45 49 32 57 4
1 40 46 7 1
29 60 33 25 51
39 19 6 41 38
50 41 52 46 54
25 13 28 25 29
20 10 7 10 20
14 9 27 10 26
3 50 54 57 15
43 25 34 35 54
18 52 10 57 30
26 18 39 44 51
60 45 47 41 33
36 50 40 44 11
4 54 55 36 4
47 37 36 49 33
45 52 16 60 4
29 21 21 42 10
48 46 31 45 33
16 35 47 44 1
38 50 7 10 17
30 22 1 7 60
30 52 60 38 4
51 38 26 15 42
40 24 30 3 42
45 42 39 54 21
41 19 29 26 4
50 38 50 41 46
25 14 59 41 49
55 12 53 54 43
43 34 38 54 30
38 33 49 19 40
58 41 29 23 36
7 36 10 23 33
33 6 16 11 7
7 32 34 1 2
48 44 26 5 35
30 45 13 40 25
5 51 52 7 38
17 34 27 34 58
51 35 38 29 50
48 30 1 42 30
44 50 37 28 25
24 1 2 37 27
20 51 9 39 20
17 18 60 18 4
11 11 25 56 35
12 59 59 31 27
29 58 45 21 12
10 58 30 27 45
28 54 19 42 22
7 48 7 60 48
26 33 15 42 47
11 27 5 32 1
58 55 29 19 41
29 28 23 23 6
38 37 38 27 13
36 22 31 55 14
50 50 31 29 55
8 39 7 28 8
15 5 50 15 22
46 40 8 16 6
38 48 54 28 35
59 18 3 27 14
32 14 2 47 46
23 55 44 39 6
46 37 58 31 55
27 54 18 11 21
56 53 38 24 26
51 51 43 5 57
23 57 39 7 39
55 46 33 40 16
5 33 45 50 43
22 39 52 19 1
58 57 45 50 30
15 13 13 46 11
6 38 50 32 50
34 15 24 41 3
14 16 30 49 20
32 1 32 28 37
12 30 44 8 30
37 3 17 47 44
31 35 26 57 46
5 18 2 30 41
3 24 56 59 50
49 3 21 4 42
27 29 7 18 33
36 27 1 19 4
32 19 3 4 59
42 4 8 41 50
20 31 23 44 54
40 51 11 36 3
3 33 24 36 15
53 55 36 32 46
5 20 19 6 45
14 22 14 18 19
23 38 9 2 30
51 53 10 58 18
22 13 18 37 28
4 8 57 41 53
22 19 56 26 16
21 38 53 15 51
55 47 7 48 54
51 53 3 53 8
44 47 11 49 18
33 16 53 55 15
3 16 50 45 25
1 27 7 22 19
3 59 18 5 55
3 31 36 36 41
45 53 3 12 32
52 18 35 29 55
47 36 49 54 6
39 37 33 12 28
30 46 2 48 56
34 18 27 49 36
7 6 16 42 23
26 1 15 40 47
54 53 38 46 47
12 11 46 51 20
2 26 59 41 28
28 3 19 60 24
12 48 57 28 11
50 5 47 21 12
23 43 58 39 46
20 36 11 35 26
42 30 12 16 56
45 4 50 38 9
10 16 31 46 45
35 44 53 2 4
49 55 23 10 46
15 41 14 32 13
15 34 30 3 43
18 11 25 17 42
41 11 26 8 25
42 25 1 41 50
11 31 5 13 54
23 52 39 28 52
35 21 57 16 29
16 22 33 26 34
19 16 3 35 1
43 5 23 21 43
40 60 2 57 26
20 24 25 56 12
39 59 49 35 48
5 41 5 25 57
23 19 20 15 42
11 18 16 46 48
26 9 56 47 25
47 17 16 30 34
48 28 58 11 51
60 42 14 56 50
18 50 40 36 53
21 34 51 34 60
60 26 44 20 6
57 38 3 57 16
36 4 33 39 24
37 28 2 28 37
53 55 18 17 34
37 31 4 12 43
34 21 3 9 12
7 7 4 14 4
44 12 19 41 18
17 3 27 19 2
39 22 18 39 40
14 28 13 60 50
22 19 53 42 26
21 28 49 29 6
38 20 15 53 11
14 11 53 60 16
3 10 52 30 8
4 58 37 3 4
38 2 41 37 22
21 53 18 7 52
9 19 5 27 11
21 51 41 1 44
31 3 25 24 42
54 26 12 23 28
54 48 31 13 36
46 49 36 18 19
24 10 50 51 23
36 38 4 51 18
32 29 51 29 9
10 35 3 47 45
40 50 58 30 46
55 11 34 1 42
21 25 58 9 11
54 51 26 57 58
9 25 52 21 18
57 45 56 42 47
42 19 30 8 41
50 48 37 53 3
38 14 9 7 14
27 4 21 37 14
9 53 44 45 10
2 46 38 50 19
30 28 32 5 43
8 18 6 21 41
36 36 28 47 48
10 23 1 53 48
60 4 36 56 39
28 50 56 26 27
21 13 44 2 21
20 53 55 27 41
21 22 22 3 31
1 40 2 56 33
8 21 41 25 47
55 11 22 30 27
2 49 14 30 52
19 51 38 41 10
57 21 40 40 43
57 57 55 49 44
44 15 5 52 51
54 10 39 47 27
58 56 27 57 5
58 43 30 27 16
55 53 40 16 17
54 26 21 34 5
19 7 42 59 42
28 51 4 10 55
28 8 9 50 31
54 51 12 15 34
5 40 49 54 16
42 50 46 59 51
36 46 44 11 12
49 9 48 10 23
53 12 2 44 52
22 11 48 24 33
6 26 54 44 53
40 5 33 3 45
16 48 20 13 45
5 3 54 6 60
34 56 42 49 8
19 32 12 23 43
52 56 35 34 24
30 32 4 11 15
39 37 21 8 24
17 15 1 44 60
58 43 19 44 51
46 1 19 7 3
44 49 24 8 60
34 37 12 40 57
5 48 37 7 30
34 55 33 8 5
35 19 28 53 34
24 45 51 38 13
26 50 57 28 47
39 45 35 44 41
14 20 4 24 56
33 18 57 53 29
39 37 9 13 22
50 36 25 52 46
10 47 24 5 39
3 21 20 49 12
13 45 4 44 45
52 5 18 18 43
47 34 7 21 16
32 36 11 16 27
52 24 42 49 41
57 19 17 40 37
3 43 28 24 27
42 9 25 2 44
2 60 57 48 60
28 9 23 2 43
36 28 37 15 11
33 9 33 7 8
38 46 58 14 14
38 5 48 25 52
16 6 47 5 13
1 38 23 3 27
46 47 33 40 47
52 9 46 7 3
16 25 32 13 41
35 36 24 60 8
58 26 23 9 1
32 44 48 2 25
22 32 14 35 59
59 12 20 20 12
30 55 43 34 14
29 11 21 40 10
7 24 30 11 24
56 16 43 15 14
15 56 23 34 60
17 6 17 3 54
30 27 13 40 58
18 44 34 28 15
53 42 42 39 48
47 54 38 56 13
41 10 35 7 47
55 46 33 50 5
16 32 48 53 23
20 5 6 45 50
45 31 19 26 54
2 3 15 44 4
7 25 42 18 29
31 55 18 38 44
52 16 21 26 23
35 8 15 37 44
23 49 27 11 54
13 48 34 18 30
3 49 45 48 60
60 42 7 29 28
38 32 22 12 59
16 54 21 23 46
12 46 45 53 41
22 24 35 53 12
9 18 55 10 39
16 35 28 7 56
58 27 19 46 6
60 23 28 17 58
29 46 38 2 3
53 24 38 11 42
60 9 49 13 45
26 49 37 55 1
36 12 4 31 31
1 15 50 16 29
28 1 2 36 37
38 16 59 40 45
13 33 59 23 52
36 22 23 38 12
1 32 2 59 20
16 4 46 32 60
34 36 39 59 7
1 8 47 16 4
60 45 37 17 20
5 20 4 1 43
19 42 14 22 16
25 56 40 33 46
44 8 36 14 18
52 33 18 51 3
1 5 31 32 52
58 19 40 36 44
24 41 59 45 18
9 14 34 35 26
53 34 29 54 38
49 46 36 9 14
22 7 5 44 10
59 36 34 21 60
48 39 57 1 38
58 20 54 57 31
26 18 53 21 60
49 1 10 45 10
45 46 19 9 17
59 31 52 32 33
25 34 32 42 24
56 20 2 20 46
20 24 6 29 55
20 60 55 19 37
5 7 41 23 22
9 1 22 53 8
44 5 16 36 21
37 31 27 11 60
51 41 10 37 33
12 31 45 30 6
36 18 2 19 20
35 31 17 42 20
46 40 36 54 13
48 22 7 52 17
44 43 38 55 38
45 52 20 11 22
51 42 49 53 20
58 50 13 3 37
29 29 41 50 8
39 6 56 40 6
18 17 57 34 38
55 33 43 16 57
17 19 32 41 23
37 7 35 1 30
17 40 19 28 60
14 27 28 38 18
34 31 43 53 18
26 56 7 34 37
20 9 30 47 40
5 16 14 7 41
43 53 28 22 7
39 32 11 38 57
58 49 3 32 48
11 1 26 46 40
59 23 23 16 59
48 14 19 10 6
19 36 3 18 32
26 10 35 49 58
35 55 27 3 10
11 57 8 51 13
58 14 38 45 3
42 1 18 52 16
53 13 13 8 53
57 36 26 55 7
54 40 46 32 47
15 55 10 23 46
44 34 47 9 26
14 54 17 33 47
38 47 25 52 41
48 41 41 2 39
15 53 36 50 60
43 10 39 8 59
22 32 33 27 50
45 12 37 48 40
3 56 52 2 20
14 13 7 37 19
18 54 19 25 46
26 9 36 6 50
21 11 42 57 22
18 57 16 60 20
48 2 28 44 9
47 23 13 55 4
25 41 29 22 45
38 19 2 11 20
37 56 11 50 20
36 50 33 9 3
27 53 20 31 46
27 3 16 15 16
53 55 34 33 52
7 58 1 30 41
15 22 2 56 44
36 22 13 32 12
35 34 49 22 30
59 34 3 49 47
47 49 7 5 41
10 47 41 53 40
30 5 59 37 32
38 50 40 32 38
1 31 22 22 39
60 37 49 26 58
53 5 4 59 16
60 22 57 28 54
50 24 38 50 52
53 30 43 33 47
13 58 4 7 55
9 7 8 5 9
45 12 50 57 53
30 48 38 54 9
60 18 33 59 10
48 33 21 58 32
40 6 54 10 25
5 32 7 3 26
52 51 42 7 14
45 32 56 8 48
43 31 47 28 30
39 2 41 50 43
42 32 25 15 16
52 21 54 13 7
55 49 16 28 41
20 23 28 42 38
50 34 29 18 46
14 52 30 50 38
60 38 12 54 15
53 52 21 42 50
55 19 44 16 8
20 11 4 6 30
11 30 54 34 8
20 21 25 57 45
4 38 34 24 50
29 50 3 51 30
15 43 18 37 59
43 8 17 49 49
55 2 47 23 48
58 29 13 9 24
27 51 47 26 51
17 1 39 45 31
44 24 57 48 56
43 43 34 56 5
29 16 30 30 9
12 20 49 8 53
41 41 48 47 49
45 44 1 37 19
27 4 59 43 7
43 41 52 26 37
16 7 36 41 5
2 10 45 38 47
5 13 58 31 60
27 32 35 20 25
34 19 60 44 59
16 17 31 43 12
17 42 4 28 13
15 4 55 58 57
44 53 54 13 41
4 47 20 11 55
1 28 17 19 52
5 48 51 25 24
54 32 53 11 12
10 29 48 9 51
52 34 26 31 28
33 12 17 34 37
2 4 31 47 26
34 20 36 25 4
11 42 18 24 1
24 47 41 53 15
23 34 25 14 30
6 57 25 50 41
24 16 37 39 36
18 41 34 53 13
33 10 56 6 38
58 15 43 48 45
47 38 59 4 10
6 47 34 9 6
57 10 43 25 48
46 9 57 34 57
6 20 50 56 5
35 35 58 58 13
28 23 11 60 15
32 51 56 33 43
23 55 40 24 39
36 7 15 7 11
37 32 21 32 16
4 16 35 15 34
37 53 41 47 49
45 14 5 26 12
15 48 46 48 6
11 32 7 20 14
38 59 32 32 24
1 6 30 37 21
20 2 41 12 52
2 19 44 36 25
24 60 13 53 2
25 46 46 42 58
51 18 16 29 5
29 12 26 30 26
13 6 57 30 3
34 52 14 2 38
7 59 40 21 29
42 17 1 45 19
58 47 5 24 20
43 14 11 50 17
29 5 53 56 12
1 48 52 38 15
51 39 6 56 5
34 37 38 50 2
6 37 15 12 1
9 34 52 13 59
59 11 2 11 22
1 51 6 21 43
28 16 34 45 13
60 12 36 55 55
11 27 19 45 25
20 4 17 25 40
18 40 17 9 54
41 2 53 26 14
34 12 51 11 45
21 9 14 47 33
33 4 25 14 13
29 14 37 35 15
34 28 5 21 25
29 36 20 46 26
53 58 3 56 56
43 32 60 19 14
15 1 26 56 55
47 30 24 5 18
46 10 13 25 47
36 53 56 18 54
4 19 20 11 34
46 7 3 49 14
44 1 18 47 10
31 38 25 32 19
7 15 35 47 5
58 25 10 60 48
30 32 3 19 13
25 19 56 28 56
22 17 13 2 53
2 52 36 34 30
33 20 52 27 42
46 35 3 53 17
31 32 41 12 20
26 45 3 45 52
17 6 39 8 30
60 34 4 52 34
4 18 45 51 60
31 18 34 42 54
50 33 44 52 19
14 60 14 53 42
10 9 25 31 46
60 48 31 50 1
5 4 17 24 5
45 8 29 45 2
13 34 44 48 33
38 56 21 35 14
51 18 18 56 55
8 18 14 24 1
31 59 55 16 57
3 22 51 13 38
24 20 28 45 29
16 35 35 23 14
37 45 1 38 51
29 31 16 9 48
1 53 49 50 3
5 4 51 26 17
7 31 43 12 55
40 19 41 43 11
49 52 28 31 2
29 10 11 23 9
25 1 57 33 41
46 33 27 15 37
38 11 17 19 15
13 59 22 5 56
35 28 59 47 19
22 18 36 27 48
60 55 55 29 57
27 43 23 13 58
32 37 19 42 50
43 58 55 40 33
33 17 25 58 16
11 1 47 59 42
43 10 14 56 58
16 24 58 22 33
22 46 28 7 48
36 8 38 3 55
57 8 37 46 56
7 31 52 46 27
12 19 31 20 17
38 57 49 52 49
52 41 52 19 10
20 56 48 58 20
58 12 44 59 23
48 20 13 7 9
28 14 23 44 60
60 45 44 50 49
6 32 34 25 41
24 6 39 38 35
49 56 59 24 21
38 60 1 44 30
4 42 50 47 33
3 38 16 4 53
22 55 8 27 32
35 29 3 23 29
10 38 45 35 42
34 53 28 59 32
8 26 9 58 1
38 34 34 52 7
55 4 45 48 49
26 29 20 39 40
46 19 49 52 39
55 23 7 54 28
41 12 18 25 58
25 55 30 8 35
48 13 14 9 55
6 18 14 7 25
27 8 52 23 56
58 55 18 59 56
54 20 41 41 40
57 56 57 31 39
45 55 30 16 40
