500 20
7 1 53 20 36 23 24 42 56 28 51 42 2 48 20 13 49 29 4 10
27 48 16 3 52 38 49 5 57 3 25 2 5 25 59 44 24 14 3 56
36 12 55 32 21 2 56 28 8 44 50 27 48 40 4 35 34 58 36 41
23 36 46 34 39 33 51 39 29 9 4 45 29 50 48 47 43 1 48 43
6 60 30 8 8 10 42 33 54 14 41 59 9 35 48 7 5 59 15 17
46 50 26 40 57 15 7 52 6 11 55 14 17 43 41 13 34 18 14 53
39 44 9 29 30 32 49 12 4 8 38 60 53 5 58 40 55 36 40 35
18 44 45 12 30 53 11 28 6 44 40 53 2 37 23 1 20 50 56 43
53 48 53 45 51 15 12 6 20 25 31 46 39 1 19 30 35 39 37 20
45 15 44 53 36 24 6 50 50 38 6 45 54 20 20 38 59 37 59 6
36 30 35 22 15 20 26 29 12 35 17 39 40 16 27 26 1 22 60 10
35 25 2 32 39 26 58 25 3 21 6 53 41 18 17 26 18 22 36 58
19 30 55 49 6 45 28 5 28 5 46 1 7 52 49 57 3 56 56 59
7 42 57 3 4 31 20 41 33 3 18 38 3 46 30 49 4 50 51 41
38 42 52 15 9 44 7 36 56 57 3 54 38 12 2 42 18 19 15 56
26 29 57 30 33 16 29 29 38 44 60 31 16 19 33 50 27 19 23 52
30 48 1 55 20 21 26 31 26 51 19 5 15 15 13 30 22 1 47 50
57 17 28 11 1 36 28 51 24 42 44 9 5 35 9 18 7 15 1 44
5 53 13 60 26 21 7 38 37 7 43 21 30 43 11 18 47 46 57 58
60 27 56 57 9 31 53 32 17 45 37 56 27 57 37 49 52 59 2 53
17 9 2 55 16 28 33 11 49 39 20 12 15 37 48 46 21 44 51 23
27 37 56 12 47 1 15 43 33 50 58 37 8 21 54 43 16 11 58 3
3 10 45 46 35 54 45 44 25 11 13 15 18 53 37 28 24 41 16 5
15 10 48 60 15 56 43 28 26 12 16 41 46 22 30 29 28 19 36 58
30 32 52 37 24 2 33 55 8 10 21 25 23 25 14 25 6 45 57 24
19 16 45 47 48 17 51 25 17 11 6 44 35 1 36 25 11 52 48 51
59 60 2 46 48 25 34 36 29 25 23 10 36 21 29 13 36 2 1 23
16 14 23 21 34 50 24 37 46 59 52 1 57 35 57 29 6 23 51 50
3 21 44 11 1 14 19 12 49 47 13 44 3 48 34 28 44 12 39 50
10 41 13 19 3 42 15 6 26 18 12 2 23 40 35 43 16 29 60 1
10 39 32 42 40 12 10 5 18 26 37 9 29 34 55 25 58 43 55 26
41 29 53 46 39 3 5 52 31 55 9 52 48 43 54 4 24 47 58 42
55 2 34 22 38 58 4 20 25 17 52 42 50 59 38 35 7 29 54 43
22 60 4 6 46 30 60 25 29 17 39 12 25 4 29 22 12 35 33 39
10 34 23 10 48 29 38 57 20 46 21 20 24 12 40 48 36 2 12 43
3 29 10 3 26 41 12 15 59 1 58 3 9 52 58 41 38 29 60 10
15 42 36 33 59 41 9 44 15 5 41 6 4 58 32 34 16 7 6 9
13 39 42 16 44 49 42 60 24 33 24 42 10 58 35 50 11 20 11 60
12 45 6 50 53 29 5 4 14 3 14 35 25 2 52 7 31 60 12 19
43 13 13 15 10 44 50 36 18 4 57 2 4 17 59 38 20 20 15 40
48 59 4 23 33 32 2 22 2 33 38 58 17 54 5 31 21 31 27 24
42 16 27 3 10 10 2 45 27 12 58 53 9 23 14 54 43 2 53 17
6 6 53 7 6 4 45 32 10 13 20 12 27 22 32 56 4 57 5 23
27 34 58 47 6 3 46 16 57 58 20 41 14 56 49 39 52 20 2 4
43 38 39 15 39 56 11 54 23 5 41 22 22 1 55 54 11 50 30 5
53 2 43 6 31 5 6 2 29 35 44 6 47 49 55 24 6 54 49 51
33 51 38 13 20 15 4 1 40 40 36 49 21 40 60 13 58 28 50 15
49 30 41 2 40 55 59 1 24 6 8 53 56 20 14 55 3 20 20 14
59 54 20 36 46 46 16 5 36 53 29 17 24 34 54 56 17 7 42 56
51 42 17 59 43 9 18 10 4 13 9 7 12 5 52 34 55 58 43 9
59 28 13 11 34 35 57 27 41 44 54 19 28 48 11 4 18 59 34 16
33 42 26 55 14 27 51 13 50 28 1 28 26 46 31 9 23 6 25 41
23 27 23 2 18 21 28 41 14 11 51 3 18 11 60 33 16 22 15 16
19 39 16 50 8 30 31 26 11 57 28 16 14 50 17 52 60 44 14 15
32 25 38 14 2 39 37 6 22 52 35 23 49 40 11 22 10 14 31 9
40 4 9 30 20 13 49 56 20 3 34 58 15 13 56 58 38 35 28 40
22 6 43 52 34 17 8 30 59 54 55 55 52 15 10 42 56 32 10 17
37 17 11 33 40 46 8 42 25 13 46 49 35 20 56 53 24 32 57 44
46 54 16 44 46 21 15 45 43 38 22 51 49 27 38 46 3 47 35 4
19 13 53 5 29 40 5 13 56 42 54 12 36 26 5 49 10 44 15 49
13 49 22 33 11 12 52 3 17 52 30 11 55 1 14 21 43 4 41 56
40 57 40 23 28 49 46 21 43 3 38 31 53 47 31 51 33 21 42 55
10 23 43 14 24 52 49 15 49 8 9 51 26 34 5 51 11 48 46 33
14 40 14 11 37 35 18 40 40 38 10 20 5 41 15 18 46 36 12 48
17 48 8 29 58 14 21 24 19 8 25 24 12 37 28 21 34 25 9 47
3 3 2 47 58 3 57 54 26 42 27 29 7 37 50 29 40 54 21 53
2 51 11 55 16 55 29 55 8 24 49 27 13 34 24 16 49 6 19 17
14 3 42 7 29 54 42 56 45 60 56 32 29 3 17 48 50 56 15 15
39 56 39 33 5 26 10 14 20 50 5 24 27 12 27 32 60 56 2 45
4 48 4 33 27 39 52 41 31 35 44 32 4 12 51 41 30 6 31 10
2 13 56 59 39 33 30 14 10 39 19 51 27 13 37 56 24 21 38 18
44 22 30 17 39 32 12 22 50 1 51 36 55 1 31 56 2 2 53 41
58 25 41 32 15 53 2 33 60 42 7 52 22 25 35 7 15 56 44 18
60 11 14 8 59 21 45 60 21 14 24 57 17 54 45 44 54 38 56 29
18 4 40 5 8 51 40 3 24 51 1 51 21 16 3 54 50 30 50 54
18 38 8 4 1 40 42 31 35 43 48 22 26 24 14 26 33 22 19 28
22 34 37 49 5 17 28 45 39 1 39 43 33 32 22 46 34 37 23 11
16 48 18 50 48 26 10 35 8 60 15 30 4 4 27 1 60 60 28 41
26 17 2 31 47 45 31 45 40 1 36 19 13 7 38 20 43 26 22 5
49 6 4 3 52 40 54 54 36 58 7 55 25 36 31 5 41 31 32 23
29 49 1 4 10 7 6 45 37 3 1 53 12 35 21 43 20 20 43 52
22 38 37 1 38 32 1 27 45 28 8 18 30 31 10 9 6 1 21 43
46 46 50 4 46 19 54 44 16 52 52 32 35 1 15 14 3 11 41 31
17 24 49 30 51 47 14 28 2 60 60 11 40 59 22 50 45 45 48 23
47 43 15 46 9 24 15 37 27 17 50 35 33 60 36 60 6 50 43 51
4 7 31 49 42 34 28 46 57 39 3 45 2 27 42 25 37 54 47 23
35 52 32 45 43 60 52 43 13 47 16 47 3 44 30 30 7 21 34 12
41 59 14 32 31 23 15 22 33 10 32 23 41 32 4 9 28 22 8 9
19 41 43 13 36 5 51 19 53 38 42 24 29 46 60 19 40 33 29 19
39 42 1 48 22 9 36 4 9 15 24 24 36 43 53 59 37 1 3 40
53 28 43 60 59 3 16 39 7 44 22 47 30 11 28 57 17 4 59 2
59 30 32 12 59 41 56 24 59 20 47 6 53 29 31 5 34 5 58 3
45 53 39 31 15 19 27 44 30 26 10 4 51 1 34 49 11 10 42 53
48 8 32 10 49 16 51 27 30 33 35 51 59 22 4 30 46 19 56 48
27 44 34 36 40 30 15 1 8 51 57 59 33 44 60 10 6 33 43 37
2 38 9 25 29 9 57 36 3 37 21 35 2 60 43 3 25 21 55 54
33 49 32 32 59 60 21 22 13 9 39 12 14 9 34 26 16 35 16 7
57 5 11 15 33 15 20 36 41 58 16 36 13 47 43 28 22 3 12 23
30 1 48 15 19 47 59 60 52 28 28 52 58 34 27 6 35 5 30 47
57 22 19 1 44 38 17 44 50 55 46 50 32 25 45 33 25 40 53 20
18 35 21 30 54 49 27 48 44 56 10 58 11 38 13 14 22 37 39 26
48 39 20 14 48 1 3 7 27 60 57 37 9 60 20 32 33 59 22 37
33 32 26 51 22 22 19 30 44 23 27 20 24 39 6 3 50 8 49 12
27 59 28 13 41 37 13 21 47 35 16 41 15 26 10 15 28 27 1 53
15 33 45 40 45 16 53 32 54 8 12 43 14 22 30 40 19 9 25 45
31 4 11 27 16 21 24 54 7 51 38 49 37 53 56 9 17 24 56 26
9 40 4 27 53 12 10 54 33 47 49 17 18 15 24 40 12 39 29 45
20 58 5 4 30 60 54 19 23 58 4 40 27 15 51 30 21 47 39 14
47 44 24 24 43 5 45 53 48 55 18 24 57 59 9 44 46 54 23 59
20 27 37 14 12 24 60 21 13 50 24 24 44 58 56 25 58 41 18 24
23 45 32 14 5 24 47 25 10 50 25 33 25 33 34 36 60 51 56 27
52 55 2 8 60 17 25 46 35 54 6 38 40 6 37 35 50 11 38 36
39 2 21 31 1 24 28 40 55 35 47 25 25 51 32 52 41 29 32 17
58 14 22 19 13 43 52 43 19 11 20 51 37 53 56 56 43 21 23 35
23 24 18 7 5 9 37 24 5 7 32 49 38 52 39 34 32 17 52 1
41 42 58 43 9 15 20 48 51 1 37 50 31 18 53 33 56 54 46 59
56 60 17 30 26 44 47 36 37 55 16 44 44 59 59 10 59 14 23 44
50 4 36 31 44 54 39 37 24 4 47 7 53 34 59 37 28 28 36 6
4 5 57 44 52 19 30 46 21 7 59 35 55 19 33 44 32 48 17 55
56 40 7 2 58 47 58 4 8 31 51 50 42 56 53 13 43 43 49 32
42 16 45 10 28 11 26 54 2 13 20 12 28 57 19 45 21 30 26 15
59 31 14 6 4 9 49 51 24 23 54 3 29 23 21 47 15 39 35 53
55 31 17 40 23 44 11 54 31 59 31 31 21 16 20 29 8 42 9 10
55 47 31 44 28 1 52 49 47 2 10 49 3 38 60 56 22 14 24 39
13 4 17 58 60 4 17 51 25 38 54 59 59 25 4 3 59 9 35 53
27 37 41 9 54 38 6 32 2 49 38 38 1 35 54 18 25 30 59 49
32 7 34 54 32 54 37 30 30 44 17 51 32 37 1 37 44 57 50 32
12 14 32 34 60 34 13 37 50 31 22 29 31 54 43 41 16 10 18 9
28 51 52 56 18 59 42 26 28 2 32 60 15 6 29 1 59 5 35 36
55 48 15 41 11 7 50 21 44 32 57 56 31 35 52 10 37 42 31 19
26 13 60 8 46 50 11 58 7 48 44 6 45 28 6 39 40 23 48 21
56 25 2 54 13 40 48 52 59 1 3 2 5 48 13 13 11 6 19 45
15 14 46 13 39 33 1 46 50 49 16 12 21 52 28 52 18 31 23 19
56 9 38 15 14 33 47 47 59 45 50 34 30 38 56 46 41 24 27 28
34 3 59 56 54 11 59 41 11 30 48 56 18 8 10 57 39 60 46 33
8 40 56 21 4 30 23 21 54 31 19 53 41 56 6 43 30 33 17 33
32 4 23 15 13 40 38 42 35 34 59 51 41 17 47 11 24 27 9 11
16 53 18 31 23 15 47 48 53 23 22 56 24 38 10 43 44 40 24 4
41 37 46 8 21 60 54 5 14 7 1 54 29 31 15 3 11 25 47 60
4 10 25 51 26 10 60 37 5 48 27 25 24 21 48 36 8 52 14 59
31 45 53 17 21 17 60 56 17 58 22 59 58 32 1 18 39 11 37 37
18 23 38 31 11 21 54 52 8 2 15 59 10 44 29 55 16 1 40 21
4 27 27 19 33 59 27 20 56 19 19 13 12 11 12 50 55 45 20 54
20 32 16 36 24 7 35 17 29 27 22 27 51 32 28 7 29 33 8 27
60 35 21 36 47 49 52 49 40 26 51 25 31 52 47 12 32 14 19 5
16 16 32 58 2 43 46 44 26 35 20 8 50 49 26 9 20 44 17 12
34 46 57 15 41 12 46 60 33 20 1 7 54 40 60 30 56 1 42 41
11 9 6 50 45 7 51 25 9 35 41 53 56 35 58 39 21 48 20 14
17 57 44 21 29 56 11 32 49 1 58 36 21 4 34 18 38 43 30 9
57 51 11 4 10 40 54 37 56 47 50 53 54 13 38 40 33 23 25 22
41 43 19 5 48 22 24 8 13 27 36 44 20 33 13 35 10 55 15 16
51 16 60 20 20 43 51 51 9 22 52 22 32 50 32 20 10 34 32 28
27 7 60 13 38 42 51 56 15 52 34 23 9 32 22 22 35 29 55 13
44 27 47 16 41 44 11 39 2 53 6 18 3 37 51 22 19 27 60 32
56 51 46 45 25 25 6 57 35 12 14 16 32 49 16 1 30 12 28 30
32 16 42 51 46 59 60 33 53 10 10 52 40 17 24 34 34 33 37 37
25 56 33 8 22 33 51 41 11 48 54 49 42 52 6 20 32 2 37 30
29 1 34 2 12 51 44 52 53 33 35 21 45 35 27 36 52 56 49 5
34 19 32 21 31 4 43 22 46 40 32 11 29 57 6 38 46 23 10 28
4 45 49 28 39 34 20 23 10 6 6 50 19 43 19 55 43 24 44 18
40 36 34 15 9 13 13 5 60 56 52 25 41 58 56 16 17 50 28 17
23 18 18 42 57 38 10 56 42 3 46 44 21 51 53 17 1 40 51 33
38 23 19 42 60 16 32 35 58 10 57 51 1 25 36 51 12 20 41 30
11 45 34 2 24 59 40 43 26 16 42 59 45 33 23 24 15 54 27 58
43 7 12 13 47 30 42 31 22 4 4 47 45 54 17 57 5 10 41 58
59 33 10 14 58 23 38 40 2 59 23 28 25 21 27 4 37 11 33 14
38 21 58 60 55 45 48 46 8 19 19 45 14 23 45 60 27 30 10 52
21 8 11 14 53 57 59 51 12 52 35 58 40 46 35 33 48 12 16 51
30 37 57 8 34 31 35 47 18 12 55 3 36 59 4 18 3 25 11 10
5 52 12 8 2 51 4 34 42 17 46 42 12 44 30 5 48 22 26 2
20 48 22 57 38 16 4 19 48 33 53 18 24 50 40 6 15 2 11 26
7 54 27 33 39 6 15 37 19 7 46 5 54 33 50 2 35 13 13 35
2 56 48 6 44 39 12 21 22 42 59 59 30 34 47 47 1 3 32 57
13 13 7 43 60 38 52 1 32 37 9 57 10 58 35 13 11 11 4 13
9 40 13 17 11 11 45 44 41 26 12 6 9 53 18 2 22 38 1 25
55 20 28 54 28 9 6 1 16 55 52 21 8 27 40 59 17 21 23 57
1 56 13 1 5 42 17 15 12 27 28 47 13 29 18 10 39 46 43 1
56 35 59 39 41 23 52 18 6 47 41 25 47 14 18 60 46 30 44 56
25 53 22 50 14 54 19 6 60 46 39 4 53 6 46 59 1 6 37 15
21 55 39 3 4 21 29 30 50 58 10 41 33 23 30 34 28 60 8 38
36 32 7 2 24 59 21 4 27 55 29 49 45 18 57 48 17 59 33 23
6 45 27 21 6 13 5 14 22 30 50 47 48 9 49 42 32 1 4 59
50 37 16 39 42 29 22 6 53 13 49 42 16 31 39 17 10 40 60 11
47 59 15 51 57 21 19 3 2 37 59 35 32 58 33 37 44 9 49 19
20 1 18 30 54 15 51 48 8 48 43 27 39 27 56 3 51 15 24 47
4 21 27 20 36 11 28 5 55 60 57 18 17 51 16 14 27 44 42 49
55 54 55 29 2 23 50 44 35 31 2 10 19 42 47 50 22 47 13 47
55 59 11 54 8 59 27 40 23 11 40 32 30 44 18 4 41 40 44 13
40 54 12 10 17 29 12 41 45 3 24 9 7 9 8 39 18 18 46 6
3 41 50 46 45 46 1 45 36 47 30 32 20 10 30 31 1 58 41 32
21 57 17 57 11 34 38 56 18 35 43 6 31 53 2 6 37 23 30 32
32 41 4 16 4 20 24 25 26 16 18 43 11 27 58 34 21 31 20 11
14 41 3 14 29 8 55 33 52 49 13 52 36 22 16 26 42 53 52 18
49 3 24 57 42 28 11 35 38 18 38 13 38 44 27 52 11 26 35 25
23 52 3 45 5 35 3 1 8 38 15 54 55 34 60 14 58 18 15 21
13 50 43 19 44 51 58 59 16 46 29 51 10 32 18 58 8 17 13 52
58 36 13 33 11 23 30 55 28 28 21 41 13 21 41 12 18 20 45 44
5 36 58 30 10 21 32 42 1 34 47 29 19 9 7 23 3 36 41 55
53 11 7 5 3 22 47 14 9 46 10 22 6 37 58 56 33 47 45 46
49 10 32 15 31 21 8 27 11 25 33 42 45 30 21 57 32 7 24 44
43 6 11 4 1 10 7 52 22 39 45 34 31 7 6 55 33 49 54 14
19 59 21 10 59 40 35 36 23 21 30 39 36 19 45 25 8 11 15 15
25 47 45 26 9 14 33 36 56 9 36 16 52 22 50 57 52 53 40 32
43 29 12 26 6 36 44 16 34 46 33 32 29 53 54 57 40 25 22 48
29 11 17 36 43 55 42 60 11 19 14 23 47 26 34 56 24 15 14 31
10 58 4 26 58 20 12 31 26 3 16 52 17 43 36 4 48 7 41 6
24 2 8 16 15 24 10 2 21 41 11 55 2 43 5 60 3 60 20 49
28 28 31 26 39 31 16 40 29 21 44 49 32 26 45 22 58 51 57 14
37 17 45 58 11 39 8 56 47 25 46 48 39 47 4 9 59 60 37 24
9 57 37 40 6 26 40 14 15 37 4 59 19 14 21 38 57 16 19 35
19 58 11 60 22 10 15 35 26 49 50 14 16 13 5 28 60 18 11 9
56 59 45 46 28 34 12 53 60 21 34 17 37 26 16 60 38 7 20 5
10 35 1 57 55 2 38 39 27 42 20 50 26 22 9 12 6 32 51 7
59 39 11 51 1 5 31 37 38 54 20 48 33 11 47 5 45 44 8 8
43 5 35 31 36 22 51 47 21 43 10 18 31 46 42 44 20 20 10 41
48 48 25 19 50 59 40 7 43 12 7 16 58 21 12 24 58 41 15 30
51 24 33 34 41 46 8 35 17 54 36 14 29 41 13 28 42 28 20 14
20 53 12 22 43 43 10 40 59 29 39 52 22 20 13 29 21 52 53 6
47 24 15 24 11 26 10 10 47 4 56 57 46 47 14 34 31 35 47 54
42 16 7 51 43 32 39 36 37 30 27 43 32 21 57 40 3 59 48 23
46 52 23 5 2 52 33 32 27 15 35 58 8 28 9 7 14 60 6 2
26 47 13 53 29 29 43 31 13 5 6 11 11 10 60 43 18 18 3 2
22 1 2 26 55 57 29 30 6 11 17 30 45 10 33 45 25 2 4 40
30 48 54 2 39 33 56 20 13 19 13 16 43 22 20 21 7 56 15 13
29 12 15 5 20 38 45 13 50 8 59 57 28 51 4 40 45 24 38 31
7 1 1 43 39 40 49 12 11 58 28 20 2 51 16 40 12 39 8 30
32 46 25 19 8 6 14 19 60 46 26 34 16 47 18 42 9 7 12 7
16 21 15 25 27 37 9 1 12 2 25 26 22 2 6 47 56 34 30 44
44 55 8 8 30 47 37 13 37 39 15 8 28 46 26 13 60 1 22 21
45 29 56 54 11 16 13 29 30 47 5 27 43 50 30 19 49 51 7 10
33 27 18 43 54 12 33 10 7 8 7 12 3 9 59 1 36 14 57 42
5 37 53 56 9 42 41 24 13 41 11 38 49 28 39 43 55 34 59 46
33 35 5 10 21 57 3 35 54 3 53 15 23 12 15 8 43 47 42 44
3 24 20 45 26 8 18 48 51 29 60 23 18 15 18 14 35 32 55 46
41 22 44 48 51 44 54 40 48 21 60 40 13 45 24 24 21 13 39 55
48 35 22 21 2 24 4 33 15 12 48 31 27 5 30 46 27 33 38 46
45 45 46 34 28 34 24 22 4 4 43 55 57 59 51 8 2 14 30 8
23 13 33 30 19 49 51 20 4 49 19 40 25 29 51 40 53 35 38 59
29 21 13 8 40 38 50 11 20 1 31 50 15 2 46 40 38 14 50 58
26 32 17 54 32 4 22 12 31 36 34 25 40 19 6 12 2 27 51 41
1 4 17 33 17 15 11 14 5 56 16 23 9 5 39 27 3 12 50 51
8 5 8 24 56 44 45 45 21 29 8 55 15 55 32 22 10 20 38 44
19 16 1 25 13 42 36 11 12 47 32 14 27 18 8 17 59 46 23 22
34 59 3 24 18 15 8 19 42 14 8 21 47 50 39 59 1 28 13 19
26 57 53 42 15 27 48 5 44 40 48 34 60 25 5 24 42 38 47 54
39 41 56 8 50 9 5 1 31 23 39 48 44 3 43 30 42 12 52 37
47 1 28 27 44 6 6 24 17 13 11 21 53 9 6 49 33 36 28 50
3 22 6 26 54 6 34 59 53 51 42 58 11 19 43 10 29 29 39 2
35 12 56 35 43 8 10 39 5 4 30 32 37 44 36 51 28 29 40 60
46 42 42 26 34 35 12 33 21 35 31 4 51 56 22 48 3 45 25 41
10 39 28 45 60 41 7 38 10 45 49 53 60 24 5 52 26 30 16 50
23 40 59 10 19 43 25 45 43 35 54 28 26 45 30 31 6 5 53 52
19 16 43 7 56 23 30 32 49 2 54 25 49 7 26 35 3 27 21 37
24 31 32 54 31 13 10 53 32 41 45 49 43 52 4 36 56 14 19 12
45 39 13 43 22 44 36 55 41 33 26 27 52 41 24 9 54 39 3 50
30 43 11 42 16 23 42 28 19 33 45 53 49 44 52 35 40 13 58 57
25 34 33 7 48 52 30 37 54 51 57 32 25 49 28 4 12 9 19 55
48 13 38 39 53 25 39 13 28 22 7 14 56 4 33 28 32 34 14 4
1 33 43 22 13 33 14 7 35 56 29 57 38 25 13 2 55 45 57 59
17 26 16 49 53 27 47 15 11 25 9 10 37 15 42 44 30 60 1 19
13 6 55 4 4 35 18 7 13 49 13 44 46 34 19 19 32 22 26 32
11 51 57 59 26 14 43 48 1 17 32 46 31 13 5 54 4 44 5 8
47 18 52 51 16 5 23 2 55 37 5 27 12 8 6 37 30 28 6 32
51 50 14 30 37 34 6 39 4 19 12 47 23 26 12 5 35 5 54 13
51 42 26 11 20 1 17 8 34 40 15 41 34 15 46 29 44 17 44 45
14 45 1 12 7 56 33 53 16 49 20 31 16 21 19 4 1 48 8 19
17 19 6 10 3 46 16 59 6 52 51 51 39 46 7 29 41 31 20 6
3 18 1 24 52 39 7 14 18 42 35 30 34 11 44 27 51 6 37 44
54 6 49 10 36 54 40 29 2 55 48 25 12 4 50 20 2 35 25 9
34 3 16 18 22 37 39 13 52 2 12 9 17 18 59 17 18 6 20 50
47 58 53 42 9 41 45 34 17 44 52 51 4 60 37 29 57 38 19 30
11 43 20 25 17 33 29 57 12 50 49 4 58 41 7 3 32 4 29 35
55 38 54 12 30 50 29 9 3 36 13 41 8 17 13 48 20 19 32 40
55 5 9 25 58 46 36 27 23 49 16 49 39 29 58 34 23 58 9 59
52 2 40 2 29 20 18 44 34 56 7 8 48 52 10 54 16 16 19 57
35 29 32 12 54 49 29 25 60 19 14 13 47 37 20 29 19 2 22 53
58 56 57 51 43 13 15 12 36 44 27 23 50 16 45 31 33 28 38 30
42 46 14 3 58 11 3 49 49 26 42 53 6 58 24 35 28 49 3 51
48 19 41 37 47 47 54 30 36 4 59 6 34 30 28 60 29 10 39 54
58 55 23 1 53 53 39 58 18 31 23 32 13 45 8 24 46 12 30 24
24 17 26 43 35 21 8 53 12 20 42 16 13 14 3 25 45 39 8 5
14 54 29 15 8 42 2 49 9 34 56 40 48 52 57 13 33 43 22 27
31 49 35 31 60 54 30 34 26 19 44 60 14 2 7 31 9 31 39 16
41 21 33 38 25 44 36 60 31 17 51 36 25 32 14 58 60 17 38 39
8 46 3 30 26 24 60 5 45 21 57 47 47 9 39 6 52 10 52 11
22 11 31 35 18 51 60 54 40 6 43 21 55 23 30 23 49 2 53 7
57 47 56 27 8 18 39 20 11 14 8 1 42 6 4 44 7 29 18 55
35 55 60 34 47 24 55 19 47 23 38 49 20 31 15 16 31 7 42 49
11 22 26 7 30 13 42 53 56 11 36 34 59 44 51 48 22 2 22 59
14 17 25 29 10 29 41 27 34 60 9 7 30 49 15 39 55 37 18 53
54 11 22 59 34 14 6 57 58 21 56 38 16 45 10 12 20 38 19 3
19 12 23 31 58 55 59 26 22 36 40 39 58 23 28 10 58 43 30 27
16 6 13 19 57 60 49 21 44 13 53 13 3 41 45 51 47 6 60 60
37 47 46 26 11 3 56 1 9 55 55 53 22 47 22 23 49 33 53 1
7 24 50 57 43 21 58 22 5 8 7 18 21 59 10 23 26 9 23 17
10 7 38 40 2 50 22 42 11 55 54 50 7 32 22 50 39 49 14 52
3 53 4 16 17 43 11 59 28 60 47 45 58 14 47 53 8 51 12 51
47 9 1 39 3 39 20 26 36 43 55 47 3 15 12 26 9 44 46 36
5 59 15 24 21 43 17 60 2 9 51 32 58 20 16 58 47 2 30 57
50 51 15 22 48 7 30 57 4 22 5 47 57 12 43 8 24 52 31 60
3 41 36 44 27 39 15 20 40 33 12 39 56 9 28 43 58 34 36 38
44 58 28 17 6 28 55 9 41 55 9 60 55 5 38 16 38 28 55 53
16 12 53 46 19 42 18 4 2 31 52 46 13 6 39 9 27 31 2 22
52 33 20 3 14 51 3 48 48 20 57 13 3 19 22 45 24 33 1 53
27 11 9 33 27 26 37 53 6 28 3 34 25 33 36 38 32 41 52 60
23 18 54 31 24 46 34 32 50 34 42 16 51 21 42 3 45 10 16 12
48 1 55 52 23 60 20 12 8 17 9 57 33 50 60 33 35 32 2 42
54 15 4 26 36 25 3 17 47 53 41 57 43 29 37 1 59 49 40 56
18 19 37 11 28 3 22 29 47 53 10 13 43 6 26 51 18 6 36 22
19 40 19 4 59 41 3 5 13 48 46 28 45 26 40 48 36 24 17 5
52 55 9 6 56 8 2 13 12 60 21 35 29 19 10 31 49 16 29 55
34 5 30 7 58 56 42 40 10 24 19 58 47 21 11 51 38 34 37 15
3 46 43 4 3 56 33 8 13 41 35 39 8 2 38 38 48 42 23 30
34 31 37 55 32 45 28 30 13 24 48 10 32 37 9 40 44 22 10 46
9 51 31 5 22 32 19 14 42 24 46 60 52 53 36 2 18 10 21 19
33 43 54 33 23 11 59 17 2 49 22 2 38 26 22 40 42 50 16 34
48 1 18 57 38 23 18 39 6 27 28 2 56 60 38 4 31 52 3 24
60 30 15 46 1 18 21 4 27 24 23 17 11 44 51 27 5 47 1 31
5 42 6 47 21 29 23 28 11 54 49 35 11 60 20 18 45 3 44 46
55 46 9 60 6 54 4 51 44 7 9 54 37 1 17 22 23 17 37 10
45 2 47 27 39 2 35 51 22 15 14 7 52 54 57 58 58 24 46 37
43 30 20 23 52 50 20 53 52 10 36 10 28 46 48 19 26 52 49 2
23 60 5 3 51 14 51 20 33 19 25 19 32 14 36 44 18 22 20 59
46 52 53 54 2 60 14 20 33 45 2 45 30 4 49 14 24 32 38 13
2 6 5 51 58 40 7 56 59 53 3 10 1 52 42 31 51 4 9 50
8 19 57 15 39 58 44 32 36 4 44 55 42 13 42 25 52 25 27 31
57 21 35 43 38 25 56 29 59 5 55 57 15 45 40 17 16 55 10 39
38 26 60 55 52 27 51 41 57 6 55 52 5 45 39 1 42 22 60 25
44 13 21 43 43 21 37 7 56 20 48 35 12 11 34 41 49 26 42 5
43 60 56 39 3 19 43 17 48 57 60 48 12 59 8 50 11 9 4 36
25 13 24 29 56 60 1 48 15 21 47 12 50 16 2 1 1 37 26 58
30 33 26 30 55 57 51 19 4 56 37 37 16 20 15 56 1 57 59 54
20 3 50 55 52 47 7 1 54 21 32 40 48 38 27 42 20 53 22 9
32 47 8 50 36 53 14 3 5 10 23 47 14 43 1 42 6 51 4 3
23 31 9 43 51 38 31 10 51 27 28 56 29 43 35 19 21 27 46 6
51 14 35 48 22 34 9 11 60 13 42 11 15 50 48 35 3 29 39 48
4 6 13 55 43 39 49 35 12 6 33 53 39 27 11 5 59 19 51 37
32 50 43 53 18 9 14 11 33 13 34 2 47 32 53 43 27 40 40 21
20 51 9 47 12 19 14 12 17 33 5 35 31 54 8 11 49 8 42 20
50 48 42 58 49 59 2 22 3 18 55 42 60 18 35 26 24 51 49 42
25 39 16 6 40 13 14 36 24 59 26 8 9 14 10 43 10 31 50 12
23 58 58 30 14 3 19 35 6 59 9 46 48 24 16 12 11 56 13 2
16 19 28 53 20 19 38 47 50 56 8 11 50 20 58 8 19 52 17 50
6 8 25 18 26 36 50 24 48 58 45 45 31 18 43 44 52 8 55 18
25 32 55 27 25 13 36 41 6 45 30 38 30 19 24 48 49 42 35 34
8 24 9 14 36 8 19 7 18 13 25 49 1 34 44 15 22 57 29 52
34 29 51 40 26 33 41 53 40 23 52 51 31 17 11 7 50 25 25 54
1 59 55 51 4 29 11 3 24 23 2 15 14 16 21 12 59 35 47 43
31 55 43 31 24 44 32 19 7 32 57 59 43 4 45 8 22 15 39 53
7 16 39 23 24 6 4 26 41 35 56 59 11 48 33 9 48 46 29 36
21 20 5 5 57 36 5 35 31 5 52 4 33 60 53 41 60 55 55 60
19 19 2 59 26 51 47 38 16 51 27 15 34 37 18 58 58 3 46 45
55 42 15 18 17 3 45 37 10 19 37 10 9 34 44 51 53 19 55 4
13 23 20 14 23 10 40 29 22 11 19 40 30 26 32 31 6 33 21 17
46 56 41 25 8 34 5 58 36 56 39 14 16 60 44 22 25 16 50 4
4 12 48 21 25 30 9 3 60 42 50 43 25 18 5 19 60 47 35 21
55 31 34 6 25 45 49 51 51 36 57 45 29 16 18 51 26 24 43 27
29 51 43 45 34 23 48 39 30 4 57 11 13 47 15 31 35 54 44 58
5 34 21 33 20 1 21 5 39 21 26 59 50 52 19 59 11 16 3 48
14 34 47 21 29 17 57 57 6 2 44 31 51 1 16 43 16 57 7 23
13 49 8 46 40 50 18 44 12 59 36 44 11 40 24 44 12 21 4 56
58 13 53 13 13 42 38 32 26 47 38 56 37 44 39 51 60 3 53 13
26 2 8 40 18 48 15 19 52 29 46 18 53 53 32 53 37 42 9 30
44 10 37 46 9 40 48 57 38 53 39 11 46 56 52 44 45 12 19 54
13 18 12 50 35 46 31 37 49 26 50 2 49 3 56 57 37 8 57 42
53 39 47 24 50 38 37 23 49 55 20 54 31 39 36 28 24 3 18 44
37 36 4 58 21 3 46 35 36 45 24 41 25 25 54 45 58 59 14 60
29 9 3 51 25 32 54 11 5 4 27 26 51 10 12 19 51 41 8 57
12 10 50 52 58 3 46 1 7 32 51 19 39 15 40 28 3 46 48 5
14 50 56 57 31 10 33 49 4 38 51 43 15 8 50 42 60 49 36 31
4 29 38 25 15 25 55 34 4 3 5 49 59 48 44 11 7 47 41 58
54 7 52 57 13 45 15 34 10 1 13 25 33 5 14 15 57 54 57 5
43 15 33 56 35 26 38 2 24 25 1 35 19 37 57 39 51 24 30 42
2 20 59 55 31 34 23 38 34 13 58 43 26 53 39 17 44 52 43 12
30 17 42 8 51 5 44 15 8 44 18 35 38 14 47 7 12 22 40 5
29 42 31 42 57 26 16 10 48 54 2 24 41 9 7 28 57 10 32 38
37 12 13 3 33 45 13 20 33 27 35 32 42 30 35 36 38 57 47 5
45 3 44 58 53 7 54 17 40 41 25 44 28 42 30 22 43 31 12 5
24 9 45 40 59 56 53 8 36 60 15 59 40 40 6 28 6 35 55 20
53 1 45 3 21 1 16 11 22 59 17 33 15 7 22 15 36 13 32 18
36 14 60 25 55 20 54 45 25 17 37 52 5 8 23 6 11 38 27 40
11 44 8 14 23 32 47 26 42 34 22 49 56 10 4 41 14 41 46 32
39 52 28 9 59 35 52 4 25 2 15 36 36 34 5 28 3 4 44 47
45 24 6 33 39 33 17 56 48 29 8 53 8 22 9 6 59 51 13 48
46 13 52 19 56 9 2 35 10 24 46 33 21 10 13 49 7 59 36 38
54 39 29 29 28 22 27 53 2 1 11 22 46 21 60 30 38 41 1 14
2 47 19 15 8 43 47 3 25 16 6 18 7 38 8 7 39 18 29 46
10 40 7 54 51 22 25 48 9 37 17 48 44 25 9 40 31 45 14 35
6 15 5 49 47 8 13 27 4 41 33 23 34 8 4 56 43 3 54 52
16 31 29 34 55 12 51 40 13 48 49 51 50 12 17 17 10 21 19 53
10 24 20 50 3 6 57 57 27 44 22 32 35 9 24 48 25 8 49 52
1 38 45 18 16 29 30 53 41 47 14 9 10 23 8 43 2 24 8 40
49 13 36 27 28 13 34 8 22 37 33 31 56 26 20 3 41 35 30 53
6 57 23 25 55 18 46 59 5 11 58 60 12 1 57 23 4 22 53 7
13 43 4 15 46 7 14 24 14 60 21 39 28 13 34 8 3 8 45 27
21 6 22 59 18 55 39 8 6 35 10 21 59 58 40 46 55 20 16 14
14 9 16 6 29 28 29 31 27 18 26 34 30 46 57 53 57 17 3 4
57 2 2 56 38 35 21 55 28 32 51 58 8 25 54 40 8 31 55 14
50 52 50 37 60 48 12 60 40 54 11 33 23 59 44 20 51 48 1 16
42 56 16 10 41 56 56 10 44 9 28 51 34 25 52 17 55 32 17 56
5 47 38 14 38 14 26 44 27 31 28 3 39 35 45 51 4 40 32 23
47 14 19 27 45 26 14 1 17 25 28 20 59 51 32 2 10 40 57 29
35 34 13 9 42 4 50 56 15 50 18 9 8 21 28 53 47 29 29 45
41 39 25 49 3 52 39 31 10 39 1 44 40 19 37 45 4 38 4 6
41 56 45 11 16 7 50 18 16 8 26 5 11 29 56 39 29 10 52 55
49 38 51 22 32 29 47 59 15 20 43 43 24 2 36 42 6 29 11 3
19 60 33 22 31 49 14 54 20 33 19 46 38 46 48 15 34 44 57 51
43 21 10 28 46 18 11 23 28 5 28 16 14 54 51 37 35 9 49 39
7 26 16 16 55 25 18 30 13 17 49 9 3 8 50 18 26 45 37 5
12 16 28 11 44 10 20 6 18 45 58 36 38 54 3 11 23 42 43 50
47 12 42 57 59 35 52 1 9 53 28 52 30 16 9 56 10 52 26 37
49 17 25 56 10 1 58 22 52 4 27 48 7 23 41 56 21 8 37 11
54 6 34 51 1 16 5 35 10 7 14 57 35 57 36 1 56 43 27 20
36 1 53 16 30 7 2 59 54 29 14 14 29 29 44 27 52 37 30 4
42 4 52 21 55 29 33 32 37 53 46 33 49 14 18 51 11 19 45 1
54 47 34 42 3 49 20 7 27 2 9 51 32 41 37 24 50 36 7 16
9 19 35 9 4 18 27 3 23 23 49 59 33 17 22 43 18 12 34 14
12 49 41 42 27 25 36 33 40 11 20 41 35 56 59 28 18 32 50 16
26 27 38 19 10 22 49 53 18 26 50 57 24 60 9 15 43 25 9 15
29 52 33 15 16 49 59 53 45 52 37 14 3 20 39 26 5 22 2 15
46 4 20 38 14 21 1 1 20 56 49 22 35 21 33 10 50 11 50 12
38 21 23 33 4 46 25 60 58 5 19 39 30 31 21 28 51 57 3 45
38 17 33 58 39 8 6 1 24 47 43 47 24 20 59 54 1 7 37 27
25 51 21 48 3 50 53 25 32 16 28 2 10 4 11 7 52 11 45 38
59 39 4 11 40 46 51 6 32 30 49 45 13 10 17 35 48 39 39 57
49 50 35 58 49 53 5 20 2 54 25 47 35 47 7 60 26 60 56 37
51 36 45 43 48 9 32 28 24 43 58 53 30 41 22 16 8 14 54 22
11 39 51 38 9 41 48 35 46 5 7 48 55 15 25 44 41 42 12 44
59 35 54 42 22 53 10 36 3 7 44 51 52 7 50 54 15 13 55 8
33 37 7 42 59 51 2 44 9 44 31 45 27 12 54 49 36 52 43 11
27 27 11 42 55 49 33 26 17 21 19 14 27 59 8 34 38 57 24 2
53 44 55 38 58 53 6 35 4 33 52 1 32 43 7 39 9 37 47 39
42 59 35 10 20 54 52 11 59 49 18 2 45 19 16 54 18 12 9 12
16 7 11 39 34 52 14 25 13 28 4 22 16 44 8 39 9 14 35 26
7 42 10 37 60 3 4 4 18 32 1 43 7 32 57 41 39 15 50 47
10 45 13 3 23 16 21 4 52 4 35 59 31 14 6 59 49 56 40 55
15 13 10 29 47 41 44 48 16 55 25 24 55 29 6 24 46 54 19 5
50 8 15 39 17 50 22 24 14 28 39 43 34 10 17 4 15 10 2 33
12 46 29 58 48 30 6 34 49 50 41 57 1 54 12 41 15 2 7 22
5 38 58 50 42 3 58 32 22 5 19 41 8 52 42 5 17 14 47 15
32 8 5 23 46 57 19 52 11 18 19 49 51 58 28 47 16 21 46 31
48 22 57 18 53 29 22 50 39 2 11 6 14 1 30 20 35 14 6 25
20 13 17 49 5 21 37 18 18 11 42 13 19 53 7 50 28 6 14 27
18 22 28 44 36 6 32 52 42 19 43 7 31 34 28 46 40 45 23 59
43 58 39 34 6 7 8 30 29 18 18 8 25 42 21 9 14 46 16 41
33 45 8 51 4 6 12 46 55 47 55 28 31 25 21 52 25 7 42 11
13 1 21 37 11 23 23 42 4 15 34 34 23 9 28 19 41 28 12 2
43 11 25 17 58 5 1 36 45 47 1 42 29 11 29 34 29 22 28 42
9 5 38 43 55 10 23 6 58 53 18 5 50 39 3 24 26 60 57 44
21 18 2 38 23 16 18 11 51 59 12 19 36 39 49 52 46 53 54 9
9 5 33 26 25 39 45 51 49 12 19 40 42 48 17 25 19 58 2 22
22 15 26 54 53 9 41 46 34 52 28 44 52 36 3 2 11 44 23 15
33 38 34 51 5 6 35 56 34 27 38 25 36 52 14 15 18 48 22 21
25 45 46 10 45 44 1 28 55 23 41 56 55 24 34 13 36 59 26 30
59 20 3 58 20 36 24 35 31 50 22 59 6 57 40 6 43 46 55 51
21 20 6 36 60 4 5 5 12 50 30 28 47 46 52 44 48 27 15 34
40 39 36 52 18 39 43 46 60 7 20 18 8 14 51 12 21 12 52 57
7 25 29 34 22 55 34 15 20 53 31 27 53 59 5 2 21 40 4 7
37 11 50 43 39 51 10 24 12 15 44 32 43 11 45 12 46 47 50 23
57 3 43 29 45 2 20 23 38 16 50 21 40 44 37 33 50 8 45 1
58 19 48 47 9 16 9 17 39 37 58 39 30 49 41 38 34 20 36 42
39 40 3 54 58 47 5 41 15 37 38 60 49 24 16 31 60 51 21 47
28 5 45 43 7 57 15 23 38 57 40 17 31 54 14 25 40 50 33 39
25 11 35 1 2 4 26 42 37 28 6 19 6 20 54 26 3 58 55 53
50 38 14 58 30 6 36 23 17 53 37 45 8 15 6 14 37 30 20 50
56 55 49 35 56 15 13 25 15 38 25 55 28 33 29 28 47 27 60 1
20 47 6 4 45 53 19 12 50 34 58 58 30 9 39 51 13 46 15 40
12 45 11 3 24 47 51 13 11 38 28 47 31 5 18 44 41 38 51 42
21 20 43 8 32 31 15 38 31 20 44 54 47 59 34 47 45 11 60 36
54 56 3 26 57 34 41 44 13 54 34 6 19 41 20 53 7 54 60 54
17 31 13 46 22 4 58 17 49 4 42 9 50 52 10 20 21 17 38 50
3 3 55 16 17 49 38 42 45 4 32 39 41 26 20 36 43 37 47 33
27 59 7 35 30 53 7 52 32 7 12 21 40 14 19 30 36 39 58 48
33 25 26 55 56 58 3 27 50 26 28 58 15 22 53 6 21 4 43 60
54 34 56 38 58 31 28 31 18 23 44 1 41 39 50 37 11 10 51 22
26 1 51 57 7 8 34 28 2 55 38 58 50 33 43 28 30 34 53 18
50 51 39 58 46 53 59 28 56 46 53 28 41 42 52 2 19 31 26 25
39 37 36 27 44 36 7 37 37 58 3 9 59 18 59 14 20 30 38 22
2 44 56 45 58 28 20 39 30 27 31 55 41 27 9 33 30 42 2 25
26 10 57 58 29 18 31 53 27 14 10 38 2 48 21 3 48 42 8 4
32 13 16 36 24 60 31 23 19 26 54 35 41 38 54 42 44 32 11 56
8 25 42 60 40 10 37 33 34 26 56 21 1 40 17 31 5 4 50 29
32 47 33 43 9 18 27 2 6 2 2 40 40 12 29 16 7 31 44 28
7 26 53 26 38 2 6 44 9 56 34 44 49 52 7 46 18 4 43 31
17 1 52 9 1 43 15 43 6 41 47 42 59 2 24 2 57 21 53 13
41 3 55 51 37 30 32 22 38 56 23 8 41 13 26 32 18 43 60 52
33 27 1 40 46 12 23 1 39 34 57 28 59 29 8 18 5 4 34 14
3 41 49 40 16 43 48 55 16 29 38 9 49 60 28 23 43 15 19 11
32 56 43 42 43 46 45 55 45 45 8 45 1 55 8 39 7 48 17 21
28 38 39 5 32 19 36 56 49 19 32 38 21 5 49 26 45 51 56 14
56 24 47 19 46 54 25 19 55 1 22 39 36 2 25 38 34 12 14 52
44 24 53 6 37 58 59 28 28 26 52 13 18 44 17 35 9 4 38 43
22 57 21 35 42 9 20 31 52 37 41 11 59 38 58 9 24 39 37 34
53 53 13 55 10 22 20 22 51 50 46 52 52 25 58 29 53 26 32 11
53 49 28 5 38 28 34 45 59 18 53 42 48 16 16 58 15 42 23 21
50 38 2 14 40 39 45 57 53 32 56 36 50 26 9 5 44 8 23 21
32 18 20 19 38 16 28 56 7 54 42 57 2 36 30 22 57 20 43 18
33 1 1 49 33 35 34 7 21 41 53 35 21 7 60 9 3 37 18 46
16 43 40 50 50 34 9 16 55 9 12 42 22 44 19 55 46 15 3 36
24 39 23 45 52 34 50 59 29 3 45 52 21 53 38 24 31 32 45 8
