5000 5
31 32 55 7 28
19 46 9 24 37
39 13 36 60 48
26 29 3 45 8
56 2 12 60 20
44 13 37 51 60
36 12 4 4 6
23 56 51 23 49
25 55 43 14 37
24 27 46 55 55
34 58 36 23 27
52 5 55 15 49
45 51 4 35 56
21 47 45 31 52
30 37 47 53 32
22 5 11 7 25
45 56 43 33 45
50 28 52 39 51
43 53 16 16 2
22 38 31 35 17
44 42 43 50 15
8 4 59 12 14
36 56 16 42 36
15 42 27 8 20
60 59 51 45 42
1 45 47 11 34
24 38 30 11 31
24 31 25 42 56
56 4 50 42 4
47 8 54 24 8
27 17 44 56 49
18 16 44 43 33
24 2 10 46 45
25 3 28 13 7
56 7 48 58 9
50 5 37 59 21
16 60 39 43 41
53 40 23 41 22
13 28 33 40 5
49 58 31 24 19
50 5 34 19 60
42 51 46 10 42
22 17 2 15 21
45 3 51 4 47
4 19 58 29 35
2 53 36 44 8
35 58 18 5 60
52 15 44 5 55
30 46 19 50 31
17 40 29 30 44
36 57 58 10 35
3 40 5 4 18
11 24 9 58 52
35 42 16 1 50
20 27 44 35 6
47 5 54 41 26
52 34 55 54 46
4 46 21 6 17
19 42 44 15 27
35 38 14 7 39
22 46 32 48 12
58 45 27 21 52
41 53 12 14 39
10 37 52 6 56
43 20 35 26 9
56 59 16 34 59
39 27 31 19 39
46 43 31 47 17
26 45 46 5 23
4 29 49 57 53
35 33 33 42 13
60 18 34 16 30
56 20 5 44 36
51 2 49 52 36
54 21 16 17 38
13 46 35 35 10
50 28 24 9 41
49 17 16 17 5
17 23 32 44 33
3 20 60 23 16
8 2 33 11 43
33 16 1 8 29
49 30 37 22 11
5 47 36 58 28
52 8 56 49 36
27 52 2 12 7
60 15 24 3 55
1 49 5 2 38
39 54 42 24 20
38 54 56 24 39
18 35 1 29 8
5 48 33 57 35
58 5 23 39 54
13 34 37 35 9
42 51 2 30 5
22 5 25 34 36
40 46 43 13 56
55 46 32 51 48
28 46 47 40 21
24 47 34 16 44
41 4 37 27 20
43 36 4 57 50
60 18 39 23 12
26 14 7 18 22
53 11 1 28 41
21 28 10 33 53
57 28 19 59 4
54 35 52 25 15
20 11 33 22 37
46 2 49 36 25
18 22 2 29 12
60 38 53 10 52
43 19 45 41 5
3 15 51 36 56
26 35 22 8 48
45 13 27 54 53
12 58 14 7 51
28 16 30 24 16
1 21 51 11 14
20 16 59 16 44
41 37 56 58 14
19 47 40 20 14
4 39 21 38 7
5 48 24 4 49
54 20 24 34 53
42 58 40 20 51
52 29 15 60 13
4 23 32 1 56
51 20 26 5 12
58 11 6 38 52
55 27 14 48 58
40 21 43 58 54
52 43 48 42 25
39 50 17 60 59
37 11 29 33 25
38 50 4 54 26
12 52 28 32 1
38 23 4 3 30
57 8 5 24 34
10 13 41 59 36
51 3 34 3 39
48 7 21 49 29
14 6 38 23 7
15 8 12 3 53
44 56 17 33 6
13 50 44 44 38
60 29 1 16 11
35 44 34 32 52
20 27 40 23 30
44 20 58 15 3
15 60 50 30 42
59 38 26 3 15
24 30 56 7 7
26 60 41 27 1
15 58 55 51 10
46 59 25 15 11
11 26 31 2 33
26 39 56 9 60
16 40 47 45 4
38 37 15 21 38
38 1 52 54 13
18 56 54 20 34
12 59 17 33 11
34 49 34 4 31
17 14 23 5 45
2 35 56 46 49
4 12 32 47 44
41 21 13 37 32
44 25 10 34 51
23 10 27 36 50
60 16 34 57 25
39 42 52 31 6
32 24 7 57 24
45 51 40 5 58
6 46 41 12 59
6 26 21 38 8
40 44 59 29 39
21 45 30 31 34
1 21 53 11 47
14 12 16 25 25
52 17 38 51 23
47 55 53 16 5
56 56 41 21 50
23 32 3 37 34
39 33 9 54 4
16 23 6 14 46
31 13 19 11 10
7 7 43 16 44
24 46 46 4 42
37 52 16 51 16
48 49 10 54 34
20 3 2 9 53
21 58 52 3 38
6 29 47 58 36
18 17 16 12 31
47 47 18 22 29
6 56 57 16 32
1 34 1 31 23
34 24 32 44 32
58 24 18 2 56
44 41 49 40 56
39 32 2 51 46
41 7 56 22 19
44 21 37 39 55
35 26 56 37 3
38 31 31 44 60
2 12 17 40 36
27 55 8 23 36
18 9 24 2 42
43 42 6 1 2
39 13 18 5 14
57 23 51 32 53
59 37 53 30 19
11 43 57 19 27
19 49 6 7 19
39 34 22 59 40
47 47 41 25 41
42 51 58 27 11
32 55 47 47 50
18 40 21 18 25
11 23 9 6 27
54 54 15 33 29
52 29 31 7 58
58 58 42 34 2
9 33 15 19 21
5 11 50 18 44
25 28 12 27 59
58 32 50 12 38
36 43 16 36 57
59 26 1 27 16
27 34 5 8 59
29 6 33 60 40
6 29 13 54 3
60 44 36 36 3
41 36 37 1 23
28 15 15 48 4
9 16 18 14 35
7 45 16 38 41
12 29 57 7 29
36 58 27 33 41
32 12 13 33 9
48 35 25 6 35
5 19 19 54 35
31 54 50 46 39
31 25 37 49 6
18 29 25 28 38
47 38 3 48 10
24 26 35 12 55
45 56 23 51 43
47 35 4 46 25
32 27 55 39 4
55 60 42 56 13
48 11 52 43 60
50 5 56 16 8
17 49 57 46 47
14 15 44 54 6
51 44 32 28 35
47 30 56 41 48
51 11 11 58 44
8 13 35 35 13
59 42 14 28 37
38 59 22 51 31
36 47 54 19 46
46 45 38 17 56
36 53 8 10 30
41 7 45 32 35
19 30 17 6 6
30 34 44 13 19
16 60 7 23 44
36 26 50 49 17
36 14 1 11 35
34 9 12 5 18
40 55 7 22 39
13 48 46 16 52
10 33 47 38 2
27 39 15 59 13
46 21 19 54 36
33 27 3 15 26
12 9 41 44 50
33 9 27 9 4
11 15 39 29 9
36 24 52 8 58
31 59 37 5 43
45 19 24 52 53
31 26 49 16 56
46 42 31 1 17
50 40 44 17 8
27 58 9 54 36
7 35 9 40 39
34 47 15 32 9
25 26 5 8 55
7 33 24 29 51
20 33 43 36 39
52 30 38 9 42
50 5 50 39 1
9 59 23 43 11
16 15 30 7 41
48 26 3 10 15
17 27 41 53 11
23 21 40 37 57
47 9 39 4 17
38 59 5 39 58
53 18 6 15 6
55 45 5 33 28
50 50 57 14 24
37 34 1 47 25
39 4 8 30 3
37 50 47 22 12
2 46 47 40 5
41 32 56 7 9
23 51 18 51 13
50 5 7 18 56
8 14 55 49 47
42 17 21 43 44
27 26 60 46 16
17 44 50 34 51
49 6 43 31 15
47 13 37 10 14
40 50 21 41 39
26 5 6 23 42
36 25 45 22 30
15 19 56 2 25
57 16 40 3 6
38 23 23 2 19
57 22 60 60 27
41 55 23 38 18
46 32 23 47 29
51 28 35 1 35
59 20 59 45 25
25 27 29 51 34
16 46 40 33 56
36 43 23 21 59
3 25 5 24 11
5 27 5 48 41
32 31 22 35 54
32 37 35 27 52
29 59 33 16 49
10 13 44 13 38
12 60 29 60 15
46 46 47 29 9
53 8 47 9 32
55 29 60 11 8
20 18 16 19 6
41 16 50 43 41
4 60 57 5 56
8 23 31 54 31
52 13 42 30 3
52 26 39 3 42
43 49 8 44 2
20 12 45 48 39
1 27 44 37 42
1 50 22 14 24
31 15 17 17 44
28 43 8 10 56
57 45 41 31 58
32 9 31 26 57
54 27 47 41 27
59 33 17 37 12
37 39 4 32 3
40 17 34 40 19
46 49 21 44 51
17 18 57 57 40
13 28 50 11 26
54 21 51 28 33
24 41 35 16 49
31 9 4 49 48
17 14 35 17 21
35 31 37 42 33
34 22 1 14 36
13 59 13 59 49
41 36 17 1 14
16 26 25 29 1
58 28 19 47 44
33 54 52 13 21
21 35 6 28 18
45 2 37 43 11
47 15 22 60 2
26 27 20 15 46
42 13 52 4 44
39 4 51 16 47
60 51 21 50 39
8 38 29 41 21
8 56 18 20 2
59 52 42 59 38
39 30 11 31 33
26 24 14 49 57
38 7 22 19 3
24 41 5 31 16
10 48 15 46 5
8 16 33 31 55
45 32 6 33 20
12 1 46 36 25
52 5 39 44 51
6 4 59 37 52
7 46 15 29 33
26 9 23 41 48
21 5 38 52 17
28 60 22 48 19
13 60 55 37 39
55 18 15 50 8
42 26 17 4 33
58 26 50 33 57
29 31 37 46 45
28 60 36 12 52
41 38 60 1 39
18 60 51 21 50
48 27 58 5 47
6 51 21 50 55
9 23 3 17 35
37 25 5 27 37
33 55 5 29 60
47 16 18 35 36
6 36 55 36 41
30 40 32 47 46
39 32 58 54 51
29 23 35 36 39
25 50 34 44 43
24 33 59 40 32
48 5 40 45 36
19 34 23 49 14
3 36 24 22 40
43 17 11 3 35
48 37 12 21 51
16 31 51 55 39
14 45 43 4 13
7 24 55 59 38
29 47 38 4 39
41 36 44 13 44
28 25 32 14 2
3 7 17 24 25
30 29 53 1 33
40 31 4 27 36
22 10 8 53 10
27 45 8 11 56
15 8 38 3 50
29 37 20 54 1
46 32 19 19 60
16 2 20 26 29
29 47 56 23 26
20 45 44 23 18
1 60 51 20 48
26 56 38 44 48
32 51 48 11 58
9 44 52 54 46
42 54 4 37 56
25 12 55 12 37
2 10 18 3 7
45 2 19 37 26
20 33 8 50 59
50 25 10 7 26
47 23 16 20 4
29 14 5 7 52
41 27 27 38 16
52 43 42 48 39
43 40 60 30 30
18 60 56 58 17
47 30 20 45 35
11 55 56 2 45
34 33 9 20 53
13 9 16 10 34
37 26 29 1 45
8 32 60 11 10
51 22 5 56 57
44 1 5 44 43
24 34 51 49 14
2 41 35 55 32
18 47 41 18 26
60 33 30 25 2
39 10 37 48 58
39 15 5 16 38
31 4 9 18 3
58 19 2 48 8
58 20 18 33 56
5 37 14 22 26
22 37 6 43 5
56 45 8 27 11
53 12 5 42 52
37 51 6 39 29
39 12 16 4 56
37 25 12 19 50
43 49 54 8 14
52 22 15 58 31
19 3 58 3 44
52 55 60 19 21
8 57 27 27 25
40 11 27 44 30
20 49 50 45 45
28 14 2 6 7
36 10 27 25 29
19 53 8 26 43
20 8 10 32 49
4 18 2 55 44
29 4 54 23 48
24 1 20 11 10
46 49 28 42 32
51 15 42 52 51
53 56 3 11 37
30 10 8 57 26
56 16 14 37 47
35 10 41 50 37
7 22 43 2 30
58 11 9 35 28
26 39 44 48 3
34 45 23 6 6
14 41 37 52 51
37 14 37 47 24
55 29 20 45 4
59 49 33 38 43
50 31 49 7 1
38 9 16 48 13
52 44 52 55 54
39 57 41 16 40
56 49 45 23 14
54 19 58 37 3
59 12 3 11 60
31 60 38 30 4
31 10 54 40 54
54 13 3 42 42
28 47 19 43 9
22 11 17 46 33
5 4 4 36 39
24 24 9 41 35
37 58 49 55 5
52 10 46 5 53
45 57 17 15 59
46 49 34 31 5
3 2 26 15 49
52 11 43 13 4
27 12 1 13 45
49 33 8 52 9
23 20 42 32 35
3 38 1 16 6
48 7 45 29 50
10 32 40 19 7
4 12 12 35 16
48 24 24 50 11
51 44 31 22 59
10 25 16 2 4
50 13 5 38 60
56 25 11 42 34
51 36 52 57 14
19 20 15 51 12
8 51 45 35 54
43 44 55 1 45
13 16 26 56 8
57 12 39 28 7
54 53 49 29 31
57 51 39 50 18
20 40 19 51 58
35 35 14 35 10
26 46 28 6 9
40 5 37 56 14
12 14 56 48 59
20 12 22 34 38
40 44 41 38 52
18 13 56 38 21
24 27 52 43 8
5 36 10 7 25
47 10 34 60 32
42 60 33 45 29
17 35 35 5 7
47 53 27 34 35
46 27 11 26 8
30 18 26 28 16
56 39 8 14 22
18 35 38 47 42
12 25 45 7 57
14 32 40 55 38
7 37 23 59 18
53 45 39 40 30
25 33 39 13 60
39 19 54 48 49
28 9 11 19 60
27 3 3 43 6
11 49 33 58 8
19 50 5 45 11
13 59 18 39 41
10 16 19 7 12
41 56 29 14 20
35 2 31 22 32
3 23 28 7 1
30 16 36 16 30
5 13 45 39 6
48 41 57 32 41
53 50 45 24 51
39 18 50 17 49
17 37 46 38 36
20 22 27 12 17
59 33 49 60 32
59 32 42 7 4
31 2 33 58 56
47 15 42 47 33
24 1 10 23 24
43 37 13 4 16
26 39 11 56 47
17 35 27 21 17
12 53 9 15 43
17 31 47 19 44
57 26 58 3 39
53 9 28 39 15
36 25 21 18 5
2 57 21 36 54
29 49 20 32 16
49 20 4 2 44
13 34 40 43 38
32 57 1 33 40
59 39 8 55 13
32 9 43 45 29
26 50 54 52 24
31 14 42 49 45
60 18 56 32 30
3 3 40 5 26
8 19 37 9 16
8 54 54 45 18
30 45 43 51 38
26 41 45 26 36
23 43 14 37 51
7 49 57 21 49
49 42 39 6 49
30 46 4 48 17
49 15 56 30 51
47 7 33 36 16
18 19 20 49 6
33 34 4 28 59
5 12 60 36 18
35 39 54 43 45
54 16 49 21 6
34 12 21 38 33
50 9 23 27 1
38 54 58 42 12
43 16 4 21 6
6 28 44 14 11
30 46 3 5 16
45 22 38 16 37
35 36 27 5 25
6 56 52 34 15
52 8 11 45 6
11 53 10 56 5
4 48 17 36 7
32 20 7 1 28
6 42 48 25 38
12 3 40 35 9
7 58 48 28 2
33 46 32 57 33
47 4 20 59 56
23 33 37 21 32
39 48 45 16 31
35 60 24 16 23
21 16 60 40 8
2 40 4 2 15
47 10 37 40 26
47 57 50 58 47
53 60 20 23 9
24 40 50 48 46
46 48 40 24 23
51 6 21 7 40
59 42 33 16 55
28 32 32 54 1
25 44 38 7 6
54 30 48 12 50
32 5 29 40 48
20 43 26 13 44
12 8 52 30 21
38 44 50 44 32
13 21 55 30 4
41 26 22 28 11
46 19 50 42 53
57 38 15 14 7
26 15 34 12 47
11 45 5 11 15
56 10 2 16 43
24 33 6 13 24
39 57 21 8 35
10 33 34 37 32
4 45 19 13 49
19 28 9 60 60
56 58 35 41 20
18 34 39 53 45
27 57 53 59 25
30 16 48 5 50
39 17 60 57 5
11 43 55 33 46
44 46 60 40 33
23 48 5 15 23
57 58 4 28 25
53 21 10 46 43
15 19 55 22 47
24 18 30 30 21
2 45 21 9 39
38 10 51 55 14
52 48 60 42 39
16 5 16 36 20
42 60 22 59 44
20 14 29 51 45
40 40 60 12 51
35 13 40 19 40
54 46 33 57 20
8 44 59 45 36
25 8 10 22 20
4 37 30 7 8
9 28 4 43 36
6 31 16 19 27
17 10 31 59 15
12 53 25 36 5
3 35 19 10 6
33 20 26 29 5
60 53 1 34 8
40 29 46 50 55
49 5 33 7 20
6 11 34 19 34
57 18 12 41 23
21 30 19 44 1
53 15 22 39 49
39 2 16 33 29
7 32 2 29 4
34 22 50 55 23
60 40 33 45 60
31 28 4 27 53
33 35 27 39 2
35 23 40 31 35
31 2 46 57 33
26 48 58 27 22
33 6 49 32 4
57 26 34 45 58
51 36 16 4 12
28 28 36 50 40
4 50 5 2 60
53 49 45 59 45
14 16 16 57 23
34 9 5 29 37
38 30 51 28 22
18 35 6 28 14
58 5 27 49 9
9 45 25 9 11
44 27 8 37 49
35 53 30 20 18
39 6 2 1 39
46 39 4 3 53
56 50 42 5 16
27 6 60 39 23
42 9 26 39 35
11 25 53 31 22
15 24 23 34 14
46 60 40 37 15
24 30 22 30 50
47 36 1 29 24
59 17 54 16 49
26 32 44 55 15
40 21 21 40 37
38 34 58 32 46
53 50 33 50 26
36 57 14 56 31
53 51 13 26 30
51 46 13 29 56
45 5 50 8 57
49 51 32 52 24
26 25 5 57 22
34 33 45 5 42
2 5 51 3 48
9 53 50 19 37
32 6 48 27 17
49 34 41 7 25
18 26 3 37 54
39 6 46 10 24
29 36 30 51 26
52 22 23 22 20
49 11 36 19 27
41 40 21 25 3
4 25 44 44 40
49 5 59 29 17
18 39 54 41 33
25 30 14 9 8
5 21 11 11 4
52 26 40 37 30
35 35 57 32 19
23 14 17 15 31
17 58 26 40 39
30 10 6 38 47
39 3 51 12 4
3 19 22 16 59
54 26 22 31 2
21 26 55 2 46
37 46 6 29 19
60 10 2 2 4
18 14 44 51 47
30 52 7 14 48
17 2 38 58 30
32 32 56 23 1
44 53 10 18 19
26 34 14 54 31
5 57 28 53 4
44 24 21 39 9
27 30 21 28 39
17 7 17 13 7
9 44 26 30 20
56 52 18 5 54
60 51 24 58 45
22 24 41 49 34
31 16 35 41 53
13 33 12 3 54
60 54 19 18 15
57 50 3 47 5
28 33 49 54 20
2 9 29 58 47
4 57 16 33 1
59 29 14 22 37
36 14 59 36 50
34 41 19 50 44
57 42 24 9 43
53 38 38 49 34
43 23 19 26 44
3 27 20 39 3
13 13 20 50 40
25 21 22 60 23
41 2 46 12 11
10 30 11 1 58
42 36 9 8 49
54 44 49 2 15
24 18 60 7 36
3 10 40 53 12
35 21 9 21 21
38 28 1 36 30
54 12 36 60 33
43 2 24 9 50
28 47 32 20 50
53 51 3 43 5
9 8 58 2 23
32 26 58 20 30
54 55 14 35 36
6 35 57 27 31
10 16 7 38 28
51 49 2 48 41
3 4 10 8 36
25 35 51 56 59
37 59 31 24 2
50 14 4 53 32
24 6 7 29 52
39 45 30 5 52
8 11 3 45 24
47 13 11 25 18
24 31 48 23 59
41 17 46 35 36
4 40 53 29 55
31 43 22 27 60
16 53 56 39 8
15 21 48 29 8
59 2 1 59 59
30 1 41 49 7
53 47 25 32 53
27 21 38 56 18
3 44 35 12 51
15 30 15 28 44
6 16 14 17 5
50 59 53 39 35
4 6 60 14 14
49 23 55 8 52
11 10 25 10 14
21 29 26 9 8
28 54 45 1 44
46 52 29 39 50
53 16 50 28 28
55 48 35 12 46
5 12 23 7 46
52 20 13 36 38
37 22 12 3 12
30 10 28 10 17
11 12 16 26 43
43 14 36 21 39
58 10 49 42 26
28 30 42 8 38
52 34 23 39 15
20 52 20 42 15
1 9 59 59 29
46 31 60 49 22
58 9 25 29 6
3 53 11 54 47
28 56 26 2 15
25 47 36 56 32
29 11 27 35 2
60 1 30 29 36
16 44 59 18 1
29 56 13 37 7
28 10 34 2 51
58 6 21 24 1
6 48 32 6 58
18 3 45 17 2
31 2 6 27 48
56 31 25 22 14
3 50 21 33 52
43 10 37 20 25
40 45 56 9 28
59 20 32 23 48
18 13 21 51 25
24 16 34 11 37
32 58 6 12 29
17 22 57 13 23
49 48 13 29 8
3 15 60 42 37
51 9 26 41 11
53 53 57 51 1
27 42 8 37 19
18 29 25 3 23
6 20 23 11 1
37 2 49 39 40
42 56 9 28 28
32 40 45 11 48
59 6 17 11 4
59 14 52 47 20
14 4 38 4 52
6 32 60 24 37
6 25 2 37 16
14 24 46 31 48
54 2 60 11 15
31 57 44 40 12
3 22 24 42 7
3 14 6 34 24
48 31 49 38 7
17 45 41 51 2
59 48 32 57 8
50 4 40 51 48
21 25 10 13 6
21 37 36 37 36
31 45 21 50 14
22 16 58 12 17
5 31 40 27 17
37 16 28 43 48
44 15 58 37 12
16 57 9 42 13
42 33 8 26 5
45 24 26 44 57
55 11 29 19 26
35 16 7 10 17
59 20 42 32 27
6 19 36 37 40
14 34 38 44 16
56 3 36 30 23
46 60 53 18 55
49 32 20 9 55
18 39 21 13 52
60 24 6 48 53
60 3 45 20 6
18 19 13 7 12
29 47 15 6 40
5 11 44 28 24
50 59 1 18 41
8 37 39 34 39
27 38 46 21 21
13 54 24 53 17
22 53 4 32 10
21 49 47 11 19
39 10 11 26 52
21 12 1 45 9
53 11 29 14 34
17 50 7 21 44
26 38 40 45 56
60 6 4 8 35
12 34 18 30 52
13 59 44 26 46
29 19 24 19 21
15 51 4 54 3
25 3 57 18 13
25 56 5 33 51
3 10 54 39 26
15 49 13 15 12
18 25 21 38 15
3 55 55 8 55
35 58 12 56 28
35 52 9 58 9
39 4 23 3 32
53 35 31 55 50
25 17 11 30 36
57 50 31 7 21
14 44 48 60 46
16 34 34 48 9
36 37 55 43 29
35 30 1 45 12
32 55 21 11 59
29 35 14 14 53
26 5 25 17 19
21 8 9 60 38
9 8 28 59 21
25 4 37 32 35
31 26 27 50 24
34 21 41 12 25
29 35 12 29 30
55 22 53 5 49
43 10 32 43 17
29 46 23 47 11
38 58 12 32 51
35 49 22 49 50
8 53 38 32 5
42 29 54 41 18
15 36 47 31 49
56 55 5 26 14
44 23 40 10 9
33 30 53 21 9
59 23 54 53 30
18 26 52 5 30
35 20 51 30 49
44 28 22 3 18
15 50 23 57 30
12 24 44 57 59
39 50 28 7 33
56 40 57 31 3
2 33 23 58 25
1 57 17 10 31
40 29 58 17 13
5 53 60 54 30
42 36 34 35 36
23 50 59 34 11
42 17 44 31 59
58 46 48 31 55
10 3 59 30 5
9 41 23 25 58
12 25 7 25 41
23 30 47 39 9
52 40 21 49 29
38 17 32 9 53
34 15 26 47 2
37 52 43 34 54
10 20 43 56 15
42 14 30 42 15
47 46 12 33 35
37 17 38 23 35
44 5 47 16 47
39 49 13 40 20
3 58 45 15 38
9 9 60 53 24
20 51 3 36 31
51 57 36 46 38
27 16 3 26 23
37 57 27 6 23
18 51 26 51 3
47 22 57 24 51
35 17 1 56 44
43 22 19 51 38
36 27 48 25 14
44 38 58 32 23
6 48 48 18 8
39 49 36 17 45
2 53 43 42 42
25 39 18 27 46
47 25 48 4 1
4 31 25 18 21
33 18 59 44 28
58 12 4 28 12
4 38 53 25 15
15 6 49 56 3
44 4 30 49 32
50 13 15 43 6
36 55 37 26 59
35 48 33 14 32
47 3 29 30 55
4 6 26 2 47
27 35 6 45 43
1 22 13 15 8
11 38 31 22 27
15 18 55 15 20
50 27 6 5 46
55 37 2 60 46
31 13 6 54 5
50 43 45 5 24
57 46 27 56 43
59 26 14 11 21
58 22 45 36 40
19 36 13 52 25
9 52 54 52 57
16 56 56 40 1
17 26 31 18 29
36 38 8 6 46
8 1 58 12 39
54 26 48 1 39
46 1 43 57 38
33 27 57 4 44
17 11 59 37 10
53 35 12 18 13
11 15 2 18 52
40 7 33 42 20
17 40 46 5 6
51 45 30 12 52
4 53 53 59 53
55 49 20 36 47
37 22 56 3 39
56 9 44 32 28
13 21 57 49 57
28 17 7 24 48
50 28 5 58 18
24 60 7 23 55
38 3 18 47 38
45 55 40 52 48
26 52 15 52 28
26 31 3 20 36
14 30 10 32 36
3 51 53 36 18
15 39 53 35 28
33 32 22 26 52
37 46 45 47 59
50 59 30 25 9
21 54 23 18 54
18 36 48 3 34
6 10 8 3 29
16 8 58 40 34
30 13 59 38 23
38 36 58 36 22
32 7 2 9 60
21 42 54 40 28
55 54 2 38 43
8 56 19 53 32
47 26 21 41 32
29 34 14 27 15
27 3 54 22 27
36 5 17 55 59
11 20 6 5 49
44 59 47 9 8
59 13 21 28 51
60 11 16 8 7
54 7 36 55 29
16 47 28 58 41
15 3 15 48 22
60 21 16 25 14
6 24 33 37 36
14 50 59 9 15
29 7 60 29 51
35 46 42 32 23
9 40 23 28 28
60 36 11 9 48
11 15 16 27 29
26 59 39 26 32
28 15 8 37 36
16 42 4 52 29
24 19 28 57 56
14 1 31 25 12
16 24 55 2 25
4 39 11 35 10
24 1 25 15 30
55 21 20 14 26
51 37 46 35 13
33 47 40 34 3
44 12 18 47 36
20 55 59 5 18
12 53 10 52 15
60 34 7 6 25
15 24 4 17 50
2 5 39 39 3
48 20 52 56 15
29 39 37 2 46
1 14 36 15 46
22 34 30 38 27
11 34 22 32 27
55 34 58 56 22
40 45 59 2 44
13 5 55 33 36
23 1 19 43 16
17 15 17 31 52
50 7 9 22 6
42 31 32 29 7
58 21 9 22 15
57 4 12 11 57
20 14 19 3 13
10 6 20 14 12
30 18 58 33 19
8 48 16 35 58
4 30 15 21 57
49 13 58 19 38
3 21 46 33 2
52 44 28 29 19
21 27 57 35 54
44 38 39 16 51
2 54 47 36 47
41 41 57 56 29
54 6 45 7 10
25 37 2 30 45
54 32 19 26 3
17 35 16 51 34
12 57 57 51 43
8 41 56 60 57
13 38 9 35 36
28 49 32 51 12
27 41 31 23 2
38 34 35 55 55
7 58 27 52 36
15 58 47 57 55
13 56 4 21 11
58 19 35 28 51
23 40 45 25 39
16 51 42 37 25
48 9 2 8 56
45 24 16 32 22
27 18 42 38 42
55 55 10 45 14
27 43 35 9 24
57 46 29 41 40
9 11 46 54 6
14 43 36 33 48
15 29 40 37 9
6 13 17 19 44
42 38 10 1 2
18 28 15 54 17
33 56 4 9 37
13 36 23 21 60
43 57 55 38 27
8 31 22 3 1
20 13 41 14 45
11 27 30 29 21
52 10 8 34 32
17 42 33 47 59
51 43 15 2 12
23 51 22 33 6
25 58 60 20 41
21 40 52 60 37
50 21 36 31 23
41 47 55 8 48
19 56 12 8 35
42 47 45 22 13
14 47 40 36 14
23 54 58 21 30
4 17 39 48 8
46 54 44 45 16
11 5 21 25 39
39 19 49 21 25
58 56 25 43 50
24 21 32 25 55
2 39 28 40 43
4 39 60 49 17
28 4 28 2 52
7 59 27 51 8
47 46 37 26 59
31 15 27 51 3
20 10 57 34 48
38 50 41 46 58
8 50 38 29 14
22 5 55 45 20
16 32 24 54 41
6 54 49 31 59
28 21 21 55 1
11 25 34 43 7
22 29 31 11 7
28 16 47 6 35
31 50 28 21 2
16 56 46 3 58
17 8 20 37 30
3 40 33 42 11
9 53 37 60 35
12 14 7 25 16
44 48 23 49 30
10 22 54 25 25
10 44 10 40 59
19 31 2 52 27
11 8 52 35 38
32 19 19 36 2
30 54 8 2 57
22 24 16 57 54
10 59 55 42 47
26 53 10 46 27
59 2 57 50 59
31 56 55 11 33
49 14 18 45 41
31 41 38 38 32
40 25 37 48 54
49 46 47 50 30
16 57 46 21 16
39 23 28 16 17
10 9 15 27 33
49 49 40 37 60
36 29 40 21 59
60 55 18 22 24
44 51 28 29 8
33 31 58 2 1
27 33 37 44 28
57 42 15 26 33
47 37 54 55 49
29 39 30 28 22
34 32 56 37 1
35 32 14 16 25
33 48 5 5 9
56 60 55 7 57
44 52 28 52 18
48 43 34 34 46
3 43 31 37 3
48 52 49 18 57
12 1 26 37 42
4 57 3 40 22
30 11 35 29 31
15 19 33 44 10
36 15 1 4 52
43 58 34 46 36
1 57 28 15 13
8 13 35 33 13
12 41 34 49 5
18 44 18 42 57
47 24 59 29 13
8 30 38 30 5
1 56 23 46 32
41 5 29 41 25
22 13 30 48 20
49 57 33 20 34
54 32 38 27 6
32 23 44 45 33
49 18 57 31 46
18 45 13 4 26
19 41 47 55 3
34 46 58 7 54
14 25 28 24 36
18 27 55 46 26
59 3 20 53 55
49 12 23 26 41
29 24 35 45 30
57 29 33 22 57
34 32 45 2 47
5 45 11 42 42
40 2 57 37 48
29 20 49 54 44
17 19 40 37 5
27 28 31 11 27
16 25 18 3 13
14 51 58 4 60
7 49 43 29 38
12 43 48 47 9
12 48 53 38 55
23 9 46 47 50
2 48 6 42 4
26 22 21 54 39
36 31 48 2 18
50 30 6 58 6
24 25 31 31 59
50 10 30 14 11
20 9 48 35 38
19 5 59 35 41
52 29 56 14 51
22 14 53 27 2
5 51 12 23 21
2 21 21 30 48
25 37 47 41 19
25 56 55 26 7
1 16 35 25 20
49 55 34 11 15
49 27 3 57 3
31 52 10 34 48
16 49 49 30 37
48 8 46 13 33
26 40 15 28 59
50 52 19 56 28
48 55 14 6 60
14 45 6 37 40
11 56 22 14 10
17 6 22 55 13
35 4 15 47 2
31 36 1 3 36
12 29 6 29 36
22 33 28 35 9
53 1 13 33 37
33 11 4 15 47
57 45 59 15 57
52 48 30 23 51
42 2 23 39 2
33 7 6 14 49
39 41 39 26 15
58 57 51 37 43
45 9 59 49 25
23 53 18 8 49
31 10 34 51 6
8 21 29 56 59
54 49 10 23 24
60 35 26 53 51
36 8 49 11 36
49 31 22 34 41
9 18 7 6 39
56 1 57 42 28
23 36 44 51 4
57 50 35 12 12
55 45 54 13 17
15 19 44 12 41
59 52 15 13 18
31 22 6 36 44
26 49 54 59 23
46 24 56 44 37
35 49 12 44 7
15 53 7 26 17
46 55 14 56 27
27 29 50 54 23
40 30 41 15 32
39 28 25 53 3
3 5 12 37 11
60 50 15 3 23
11 9 28 39 47
1 22 40 36 56
26 28 26 17 6
16 47 29 1 46
35 3 54 12 12
59 7 7 50 44
30 28 57 47 1
29 54 16 48 57
18 56 28 26 57
2 29 31 3 3
3 22 15 56 57
28 7 5 1 5
15 47 17 24 27
27 16 42 30 18
2 14 41 7 33
45 13 39 9 20
30 48 44 24 24
47 6 48 40 34
26 42 45 34 14
50 35 46 58 47
45 20 45 24 29
49 37 45 1 21
45 59 13 21 46
14 15 48 12 8
44 4 33 57 48
41 20 6 4 38
21 11 8 32 7
32 7 6 57 42
7 11 11 33 16
60 49 13 35 23
12 55 32 18 28
38 18 35 55 51
56 7 29 55 8
55 57 11 48 9
33 45 45 11 28
38 27 9 1 60
18 39 19 55 23
58 39 51 4 24
45 26 51 18 16
31 50 47 35 40
48 3 50 59 18
31 43 13 45 53
35 54 35 54 19
55 8 6 31 38
17 41 28 23 54
40 1 53 38 42
58 9 43 31 33
28 60 58 54 35
36 11 45 15 48
53 3 10 30 41
36 22 48 28 21
46 40 31 54 34
52 16 39 39 7
13 26 38 41 9
38 51 1 53 50
58 53 36 3 11
3 52 46 49 19
6 31 50 14 59
36 21 1 48 37
20 10 36 2 5
27 37 53 29 52
7 23 39 5 19
3 21 25 26 43
24 2 42 23 41
29 43 14 37 52
40 46 16 36 45
15 9 22 31 2
5 46 16 16 39
7 38 34 7 35
54 39 47 54 35
9 39 2 56 47
21 33 55 23 25
10 42 25 43 54
24 8 53 3 56
46 54 47 18 38
60 6 30 19 36
47 47 60 16 9
24 14 27 42 44
7 56 3 2 54
4 43 36 57 8
19 40 53 33 19
2 36 26 13 11
9 38 31 30 34
26 35 24 35 33
24 38 6 3 57
46 55 19 5 4
13 50 6 20 40
37 13 9 34 38
55 31 1 27 18
53 47 25 47 50
14 36 15 55 9
22 30 38 25 33
7 2 45 11 52
42 40 45 34 46
5 25 27 48 23
45 34 41 35 49
38 42 12 38 35
35 11 27 51 12
33 2 59 39 49
11 26 40 7 39
47 60 40 47 5
51 46 8 56 57
53 27 22 33 11
11 16 44 58 26
44 41 8 5 2
29 44 34 35 31
53 6 13 7 31
33 10 28 14 45
51 24 24 38 51
7 1 12 15 6
19 30 21 8 45
31 24 59 11 28
25 39 4 38 49
22 37 28 21 56
42 39 31 9 3
7 44 54 45 46
45 47 50 45 39
44 18 19 8 1
25 7 59 21 48
51 35 6 14 7
29 5 41 42 25
4 48 51 48 44
52 39 8 12 2
2 51 48 50 55
42 42 17 21 26
42 54 2 32 8
53 57 7 49 33
56 55 55 46 17
32 12 41 17 5
14 34 10 34 26
8 31 36 58 1
47 28 3 32 55
59 15 29 11 19
38 51 43 13 28
35 9 43 56 19
20 49 16 57 14
45 39 35 32 32
28 45 27 35 45
9 37 5 20 47
16 45 15 9 28
50 11 14 54 9
27 9 36 40 44
37 54 17 1 33
55 35 43 51 43
51 58 8 31 9
32 59 7 39 33
26 22 40 55 29
33 8 34 42 55
40 57 41 15 38
22 57 52 25 60
28 54 6 6 11
24 26 40 48 24
40 39 25 52 24
43 42 9 27 25
39 31 44 24 19
27 32 35 21 37
8 60 37 16 28
7 21 28 35 43
59 51 3 49 19
41 22 47 50 39
40 35 4 7 7
52 19 44 33 6
21 39 6 33 35
54 25 24 44 27
6 2 12 28 54
42 30 4 35 58
19 10 40 47 26
22 41 48 27 5
60 44 16 45 25
40 20 45 12 45
38 45 51 8 27
12 44 55 34 10
2 37 15 8 36
54 41 3 34 26
54 43 38 20 52
33 12 46 50 19
13 10 1 1 43
2 32 15 36 14
2 1 38 45 32
37 45 54 46 18
34 57 2 35 53
45 13 28 53 47
25 56 12 1 7
44 4 41 8 20
51 44 23 59 41
25 1 29 27 48
27 41 34 47 1
3 30 23 43 42
40 32 15 3 55
24 34 55 55 44
32 32 57 30 29
25 22 10 7 38
30 60 28 44 9
57 6 19 9 10
20 51 36 59 27
38 4 12 40 27
5 35 26 22 30
34 2 9 27 17
30 20 16 25 33
60 50 39 50 2
45 39 22 11 13
56 9 40 24 48
58 31 59 54 38
27 43 59 3 25
29 50 4 48 45
55 35 27 2 51
33 12 28 45 37
39 42 31 21 42
10 44 59 40 15
55 50 55 4 16
7 16 2 24 49
32 48 11 11 5
28 49 8 43 24
44 30 24 46 58
18 45 42 16 42
7 7 16 60 56
19 29 8 8 3
19 30 53 39 59
36 46 15 22 6
5 39 29 44 2
6 12 45 55 59
26 48 35 22 27
56 33 46 37 41
56 28 30 19 13
57 20 53 9 1
9 22 60 3 3
6 43 60 12 5
52 27 11 36 6
54 4 59 58 8
17 15 3 26 12
17 26 48 26 57
57 18 1 47 12
53 25 55 51 59
36 50 42 53 31
36 30 1 2 28
3 17 2 34 38
33 4 9 3 53
37 7 48 17 34
36 7 16 57 46
22 9 32 40 4
32 36 1 57 28
42 46 26 7 8
7 34 41 9 16
40 25 59 51 31
18 35 16 54 35
9 11 13 34 13
52 56 60 25 19
17 15 30 46 24
53 39 18 12 22
21 29 37 7 14
18 58 17 15 23
41 24 33 35 24
3 20 57 31 10
7 57 44 34 30
58 7 31 17 24
21 16 31 5 21
53 19 2 23 11
2 55 59 17 45
58 46 42 11 3
46 10 34 38 14
6 29 16 23 18
14 37 16 27 37
47 2 55 6 22
49 38 37 58 41
54 2 37 30 46
44 23 29 35 7
37 31 57 29 20
23 47 27 12 58
33 18 30 33 34
52 4 54 47 14
30 52 51 47 22
10 14 6 31 48
24 20 60 28 24
9 5 57 49 51
18 17 15 36 52
43 13 35 25 37
7 11 6 35 36
31 29 26 1 44
52 48 18 8 50
36 52 2 51 17
56 7 21 12 40
57 58 7 17 7
28 40 10 20 23
35 33 50 23 58
50 24 26 26 7
8 11 18 17 22
41 55 6 51 42
39 4 9 5 40
43 55 21 5 37
19 28 24 6 54
37 9 27 48 38
55 30 27 35 44
29 36 26 13 60
60 12 40 47 25
34 11 48 36 31
28 9 43 22 2
29 59 49 60 29
5 54 49 56 11
38 15 14 13 44
2 42 30 2 48
56 2 59 39 32
33 8 45 49 16
21 34 49 48 56
4 10 23 49 3
32 18 35 49 7
54 26 47 14 46
33 59 29 13 8
55 11 26 41 33
47 52 25 54 52
43 2 26 44 10
3 22 2 3 39
52 38 4 37 17
36 28 55 59 44
56 60 12 40 2
27 33 28 15 59
15 28 41 43 27
52 49 51 12 56
59 48 7 37 16
47 34 38 12 54
7 16 46 58 30
54 51 3 8 52
29 3 13 14 53
55 16 57 59 55
4 5 5 15 5
21 17 17 57 47
26 6 42 17 43
14 33 35 10 51
3 36 22 50 36
12 13 52 6 23
15 34 48 4 25
7 39 12 26 58
55 54 28 46 44
13 43 15 60 3
5 23 36 17 38
59 59 52 17 18
33 31 24 54 25
46 57 30 5 15
55 5 53 13 25
31 58 48 42 57
16 44 9 23 59
8 57 20 30 12
37 1 9 29 29
55 47 29 16 24
14 29 53 6 29
59 56 52 31 40
32 17 54 40 22
44 9 12 29 36
38 47 56 34 28
56 58 12 20 42
4 42 47 46 49
26 8 13 25 58
13 1 36 55 11
7 49 35 28 7
60 21 49 7 18
29 3 45 2 12
5 41 1 58 51
52 12 14 50 18
42 13 41 21 13
52 30 16 54 21
18 34 25 23 5
6 15 16 38 57
1 16 55 27 30
8 2 6 54 35
51 13 20 47 27
57 10 50 42 52
52 41 11 2 36
9 20 45 27 1
34 1 16 33 34
7 4 19 52 40
54 38 30 50 29
36 37 46 40 53
23 21 4 23 60
40 41 30 58 48
6 47 54 8 12
16 52 45 44 58
27 37 42 26 5
17 52 41 33 26
50 52 32 3 12
41 57 49 29 5
41 58 12 45 13
19 3 41 8 5
58 8 5 60 36
9 60 32 6 28
5 3 27 21 60
38 56 14 56 53
57 1 36 36 5
44 35 19 12 57
36 44 49 15 24
57 60 18 4 16
48 59 23 33 38
13 20 8 47 20
30 52 10 3 29
43 1 53 55 33
41 43 47 46 39
59 11 7 12 37
16 32 18 40 24
45 33 53 43 32
3 9 2 39 36
19 3 43 29 19
45 47 46 6 20
54 17 59 59 33
6 58 30 32 7
23 50 36 44 4
35 3 52 10 49
23 2 41 39 34
34 41 41 50 21
30 59 31 21 60
44 42 29 9 55
35 28 28 55 17
25 36 30 10 4
42 44 37 15 53
38 12 25 16 31
27 8 57 34 35
3 46 7 53 23
32 2 10 22 56
1 58 55 42 10
32 30 27 38 55
53 53 4 34 11
37 2 18 3 37
10 19 56 50 11
53 55 55 24 5
8 29 57 47 6
58 20 11 48 24
39 30 27 7 36
2 29 9 7 53
39 31 46 51 35
53 45 46 56 7
30 47 8 36 18
5 7 6 6 48
38 26 38 60 24
4 33 55 26 38
50 40 14 37 18
15 11 11 3 25
8 28 18 1 33
29 30 42 44 49
40 35 59 44 8
10 20 24 4 48
4 46 41 10 43
48 5 59 34 58
16 53 3 31 40
60 51 56 7 8
5 6 30 11 59
20 14 15 30 52
16 14 8 5 51
59 39 3 8 50
25 32 46 34 55
44 31 28 4 15
32 12 53 5 55
30 49 2 56 11
25 54 35 39 27
30 23 47 50 52
30 12 3 35 54
58 6 38 31 9
37 54 20 51 34
20 1 54 24 52
56 57 5 48 57
53 11 20 46 18
40 38 30 60 17
4 30 32 60 33
5 34 37 42 8
38 30 9 22 32
49 47 6 11 47
28 9 29 56 52
56 38 54 9 17
13 49 6 1 51
6 17 43 24 60
52 24 40 40 52
44 16 3 30 53
5 35 25 57 20
16 10 40 60 3
2 25 1 38 10
42 37 33 50 58
35 43 28 3 4
41 44 18 5 52
60 24 7 28 53
36 11 29 1 51
44 8 51 4 59
5 33 45 2 5
49 20 44 19 11
15 7 52 4 34
37 48 5 31 9
24 47 24 16 34
10 59 13 46 32
8 25 7 41 4
17 54 43 50 7
39 55 23 46 2
40 55 42 54 24
10 6 43 12 11
31 48 54 8 53
37 2 32 6 13
59 19 31 25 18
12 51 55 28 57
15 55 19 49 23
28 6 37 19 50
1 60 14 44 55
16 45 12 41 15
25 42 24 32 34
27 52 47 29 21
30 13 46 20 28
48 8 24 10 55
34 46 4 38 22
37 24 26 28 16
37 38 1 12 26
54 24 15 4 29
35 37 21 7 55
10 2 27 23 47
31 38 11 50 35
17 19 54 26 37
47 48 47 15 11
32 37 53 42 4
37 60 29 56 5
2 51 38 41 36
60 54 17 20 50
42 2 46 52 16
27 29 12 48 1
28 46 36 16 28
55 53 10 41 50
31 15 15 10 25
15 48 11 45 31
4 9 17 34 43
18 5 28 58 33
24 25 30 49 60
15 44 51 40 41
42 41 17 19 4
17 17 59 38 24
41 42 14 8 17
2 21 34 9 12
10 6 43 38 47
9 40 32 19 18
52 57 17 21 52
22 8 57 2 12
49 38 30 15 11
10 33 10 35 21
29 56 20 48 42
16 40 48 34 59
51 57 8 10 35
9 4 1 52 11
57 56 35 26 23
8 31 16 30 27
59 20 5 7 52
33 18 11 45 53
60 37 50 49 13
28 49 59 12 55
43 54 12 25 9
8 48 33 53 51
50 8 26 43 46
5 10 33 22 60
19 20 41 14 32
34 27 37 40 33
1 31 8 32 53
51 34 20 28 7
44 2 20 52 27
28 9 44 35 30
17 36 26 17 57
52 12 48 15 32
58 43 39 32 5
45 52 39 43 24
30 56 47 34 34
1 9 52 12 55
14 44 13 44 27
56 16 60 21 46
46 33 8 22 3
40 27 23 38 31
57 5 48 56 6
11 10 27 53 21
4 38 15 23 25
15 32 56 55 8
40 40 19 17 31
41 45 6 28 29
1 2 46 54 39
17 56 32 44 25
22 29 25 58 28
6 21 3 43 41
18 45 40 15 29
24 15 5 58 49
14 31 28 18 42
19 5 38 8 5
53 4 1 45 20
8 44 41 25 2
33 59 6 37 14
14 46 17 24 43
45 29 43 12 3
3 59 6 23 13
16 34 57 20 38
40 49 25 37 59
43 19 28 20 6
25 17 31 43 60
3 21 26 25 53
31 1 57 42 25
50 43 8 60 45
48 57 50 38 46
28 39 18 19 56
10 31 38 60 38
31 36 55 43 51
38 48 29 15 16
44 32 14 22 15
17 33 52 49 55
34 56 37 47 15
51 60 52 46 32
54 1 11 41 52
60 6 11 19 57
28 23 15 44 56
26 30 14 9 10
48 19 11 23 50
42 29 14 6 49
50 11 35 26 54
15 20 23 40 52
9 35 17 20 60
23 2 25 48 51
1 40 7 50 49
6 32 54 12 53
20 49 11 16 30
8 60 21 32 36
20 9 16 42 34
25 7 40 23 18
35 10 8 42 31
16 7 36 55 19
24 37 29 20 48
26 19 24 27 41
17 46 41 52 12
47 12 45 59 18
14 20 14 37 14
53 44 11 44 25
8 19 26 54 8
40 29 13 21 43
49 45 22 23 37
47 29 50 4 44
21 10 12 37 33
50 23 48 52 52
1 10 12 16 38
58 23 45 13 24
21 34 36 24 52
21 15 46 36 11
37 9 9 23 22
53 21 29 10 33
12 6 56 52 34
26 52 47 27 21
23 10 28 34 13
50 19 41 21 57
10 6 52 39 1
45 24 39 26 31
26 41 46 5 47
25 22 47 32 46
36 32 30 24 15
26 31 10 33 44
6 2 5 40 2
22 52 8 14 1
7 33 37 29 21
25 19 39 46 9
26 30 47 20 14
23 38 48 15 7
5 46 22 12 34
12 9 44 8 12
22 13 26 27 10
37 10 16 17 2
35 11 25 18 16
29 48 37 10 7
11 46 23 23 51
13 32 2 23 43
33 49 43 32 27
49 14 2 12 34
29 49 47 4 49
25 47 55 28 49
34 8 9 55 38
58 55 10 16 39
41 4 24 37 46
51 52 58 48 49
50 10 7 21 26
2 35 52 31 13
47 12 26 16 25
54 10 52 60 16
57 25 32 43 19
10 20 20 15 2
22 12 45 54 14
31 59 46 37 11
41 10 30 27 15
56 1 9 41 58
24 21 16 60 36
3 28 57 22 1
3 18 56 29 42
27 1 1 39 24
8 50 11 43 49
39 37 30 45 31
31 44 18 13 31
45 39 3 31 35
56 5 58 5 43
60 37 43 60 9
40 58 32 11 24
41 45 52 3 53
48 56 4 17 54
35 49 43 42 21
60 36 27 25 42
60 18 20 36 56
28 52 17 16 39
13 23 8 43 2
60 44 6 31 46
43 21 3 24 22
23 54 32 50 52
24 35 7 3 16
55 33 7 4 4
22 46 4 16 11
56 22 42 51 46
43 7 12 33 39
33 22 20 41 27
8 38 23 11 39
36 55 32 1 37
12 45 16 20 22
37 2 15 34 9
19 42 21 44 49
36 25 37 10 8
14 30 50 23 34
42 45 38 45 11
1 52 57 5 35
26 19 40 60 53
43 7 30 14 33
4 55 53 19 41
11 34 28 49 45
20 10 21 56 52
50 4 18 24 34
60 30 23 15 49
31 43 39 41 18
24 28 36 26 25
42 45 31 21 49
46 21 17 40 1
55 47 12 55 44
51 60 33 45 54
13 22 7 19 36
53 49 23 25 5
28 29 2 16 52
11 19 59 11 54
26 31 37 19 37
12 13 48 31 38
29 18 8 27 26
45 6 4 57 12
3 50 59 26 35
29 13 1 28 54
52 49 25 34 49
31 18 37 42 14
47 6 21 48 1
51 32 2 9 36
12 58 33 2 13
9 38 42 51 31
30 36 7 32 38
14 53 6 3 37
45 1 40 41 60
42 2 15 28 60
26 10 11 56 10
27 4 60 3 42
45 13 10 26 11
47 11 36 29 40
35 22 42 39 21
42 34 42 26 28
14 26 53 6 5
25 51 34 52 58
15 41 29 30 46
52 36 29 8 2
40 31 26 38 37
15 37 22 45 8
15 44 27 54 6
49 22 32 52 35
12 50 23 37 2
12 40 57 11 48
27 51 5 22 28
29 1 47 4 3
36 6 41 1 22
51 37 17 59 11
41 21 22 53 14
52 15 50 47 18
55 9 9 25 40
58 59 38 24 8
59 31 35 60 33
39 12 38 44 18
56 53 10 56 21
40 44 52 53 46
20 24 5 57 31
37 49 43 8 2
6 30 11 55 40
33 23 55 55 59
29 51 9 13 18
34 50 58 58 36
11 45 60 41 6
35 3 5 52 24
46 24 31 59 49
36 54 2 18 19
6 43 4 3 42
30 2 56 44 5
9 49 45 21 13
24 30 41 6 26
37 20 59 44 15
1 58 43 7 7
50 18 30 3 18
49 35 48 52 34
39 51 21 20 10
3 14 56 45 15
32 15 4 22 58
16 41 14 55 41
18 42 17 22 48
15 30 49 55 14
4 38 27 1 23
26 12 57 40 39
32 18 29 30 12
25 37 12 15 51
51 40 16 60 32
10 48 12 34 10
54 44 51 31 13
53 35 12 57 51
45 28 7 19 46
57 24 26 44 7
10 36 37 15 46
41 54 5 20 42
29 18 6 1 10
28 10 13 38 14
51 4 59 7 44
4 54 13 34 9
5 39 57 29 4
19 42 43 37 16
45 2 55 2 42
4 43 54 19 38
57 56 33 44 14
39 8 50 13 48
12 3 54 17 43
54 30 42 57 21
26 47 35 33 50
30 48 2 44 25
51 12 35 40 7
14 16 22 33 59
58 36 27 19 15
46 26 16 39 41
58 2 8 1 51
30 13 9 15 49
46 56 40 7 3
30 30 57 3 13
45 41 38 56 10
14 31 16 22 33
52 52 57 24 44
30 24 27 45 35
49 7 10 29 45
26 11 28 55 38
4 42 39 12 60
3 8 34 25 46
37 36 53 21 46
8 1 34 16 8
52 35 60 50 52
27 58 17 23 30
14 57 36 25 34
9 49 26 45 16
17 3 3 12 7
33 55 52 49 57
10 58 26 30 10
20 21 11 26 27
56 2 12 35 21
43 21 20 26 11
11 21 5 8 15
12 9 56 43 16
23 45 29 42 6
36 31 4 42 40
14 46 57 42 43
45 29 18 39 59
18 40 9 50 43
5 28 45 14 52
5 13 32 36 56
43 2 30 20 40
53 60 52 44 60
41 42 5 53 40
26 22 1 35 40
13 10 19 36 43
45 34 9 51 35
47 30 42 6 48
19 30 45 44 14
34 9 48 47 46
15 58 24 8 49
31 23 15 4 38
47 12 46 13 49
19 30 1 10 35
49 6 53 2 43
36 9 44 31 26
48 53 50 52 22
26 43 19 16 57
22 43 43 47 15
59 50 54 6 38
2 24 54 47 13
8 6 53 30 15
35 8 1 12 54
11 37 10 47 55
58 44 2 22 12
6 60 34 17 60
52 7 9 42 18
30 4 18 13 56
23 8 50 22 47
28 5 15 2 8
12 47 3 7 13
2 10 13 39 52
36 53 57 7 18
19 24 24 60 28
9 57 15 28 58
10 49 59 22 32
46 13 53 59 54
31 58 13 43 14
29 34 5 28 24
28 21 40 60 12
26 24 38 50 30
25 7 33 30 16
21 18 2 48 37
14 55 40 22 56
10 43 41 49 20
3 6 9 48 16
24 2 2 8 51
16 59 30 47 25
51 6 2 37 5
42 40 53 57 44
14 19 2 15 5
6 52 51 57 30
32 43 23 8 47
22 21 44 57 49
48 37 13 21 41
35 20 59 4 28
38 27 54 6 31
49 43 27 55 42
29 23 11 39 40
21 46 51 25 41
46 12 34 12 35
45 42 2 55 16
31 36 43 10 30
27 5 15 15 9
59 46 21 21 33
45 22 17 21 26
48 9 35 18 32
15 53 25 16 26
27 49 60 49 39
42 45 41 22 21
26 37 18 48 38
51 58 38 14 58
24 37 48 30 10
13 3 16 2 30
8 52 40 31 15
27 36 27 49 32
20 25 25 33 28
21 31 22 13 23
60 31 40 11 47
49 58 22 47 51
2 13 14 2 4
55 48 11 24 46
17 58 19 27 32
54 39 18 26 21
14 4 13 39 57
30 26 55 58 26
46 32 55 31 26
24 22 6 54 43
41 26 36 44 19
1 15 10 40 25
3 38 34 6 9
55 13 48 17 26
34 36 7 27 41
22 38 16 51 9
53 9 18 59 35
28 3 47 14 14
12 23 48 41 1
11 60 43 9 9
3 41 10 33 16
14 11 20 6 48
47 16 24 43 32
25 54 42 58 4
37 36 47 45 27
15 5 45 9 50
17 58 57 31 14
47 26 39 36 31
3 25 41 47 50
50 38 54 2 37
20 12 26 6 19
55 28 24 20 41
57 53 50 8 48
38 1 14 22 34
43 45 35 9 28
35 5 25 41 22
4 17 17 46 5
41 51 4 41 29
6 15 10 30 58
38 22 36 28 32
17 43 34 13 27
20 38 25 22 45
12 10 59 19 10
34 35 29 25 9
36 8 1 39 18
25 45 2 24 44
49 3 13 41 20
55 14 3 4 41
6 54 4 35 9
42 9 2 9 18
9 9 7 48 50
30 8 34 38 48
3 44 9 38 49
60 58 44 49 57
46 41 46 37 51
57 22 29 26 32
50 27 47 33 2
56 11 26 12 28
45 2 7 16 12
57 14 40 40 38
30 39 10 18 60
30 42 56 34 47
56 47 17 41 24
56 46 29 46 2
22 48 47 14 25
43 47 24 25 18
9 22 10 26 22
6 31 19 45 43
55 45 4 41 38
30 16 15 11 53
31 18 11 48 8
7 15 1 56 54
31 15 22 15 16
3 59 10 29 15
2 17 60 23 58
39 11 13 38 60
37 23 5 55 26
55 48 5 52 59
26 25 40 36 53
31 47 7 1 25
3 9 1 3 42
13 1 21 32 16
9 23 10 47 6
27 54 43 1 3
40 4 29 35 53
49 4 37 35 5
2 42 40 18 20
49 58 25 15 17
8 33 11 23 37
19 51 35 8 27
58 55 37 33 50
54 48 44 12 27
1 13 6 8 36
2 44 53 60 2
11 19 12 49 20
32 34 54 8 37
47 14 31 44 31
50 26 32 57 13
8 12 52 27 33
54 50 39 3 37
39 52 8 38 51
3 6 12 47 37
52 52 24 57 42
3 20 21 58 50
49 38 4 47 18
7 57 30 27 46
9 12 58 43 8
48 60 42 31 3
52 2 41 22 55
41 16 23 42 52
4 35 11 11 51
54 14 21 35 8
41 2 57 39 51
53 21 4 23 52
13 39 20 2 51
2 7 58 35 3
20 20 23 8 16
33 37 43 23 44
27 54 31 32 6
54 17 59 7 58
41 57 10 22 38
27 54 11 6 7
20 59 25 23 54
7 5 13 2 2
17 27 52 17 9
33 32 17 57 24
30 42 27 54 15
53 15 21 14 38
9 47 26 27 59
23 18 32 13 11
7 5 49 22 17
7 30 58 6 21
36 41 42 20 56
29 10 1 1 16
41 28 4 47 14
43 30 9 25 36
28 6 53 52 48
36 23 13 37 46
29 43 4 53 30
3 32 56 42 40
44 35 55 46 34
55 30 8 45 10
38 26 7 56 14
18 21 55 29 13
44 22 36 52 1
48 33 19 10 38
29 28 13 30 8
10 9 24 36 29
11 18 21 8 47
25 29 16 54 2
50 51 18 22 6
58 39 20 1 12
15 29 16 50 7
19 13 17 14 18
45 19 49 41 39
55 50 13 54 41
13 4 10 3 17
25 50 20 48 32
9 27 41 51 49
11 54 13 53 28
37 21 6 40 49
40 57 57 31 48
32 40 44 17 28
60 37 18 34 59
5 3 54 1 38
1 51 14 18 36
47 16 49 39 4
48 53 18 14 14
32 4 2 39 54
7 37 55 33 18
34 24 39 23 21
58 59 52 2 5
39 35 51 26 1
28 39 29 2 13
59 60 54 36 12
6 50 9 37 32
55 1 46 25 10
9 46 37 57 23
19 27 3 21 54
51 8 9 43 25
59 44 52 35 1
15 9 53 25 32
6 11 1 46 45
10 57 38 40 18
33 3 14 3 7
27 28 2 34 18
58 17 46 17 17
54 48 16 31 42
1 44 57 44 18
13 50 6 52 9
58 29 20 36 42
8 35 12 39 12
34 60 59 45 7
19 7 43 55 21
12 12 42 44 22
4 54 39 43 37
25 19 25 26 14
27 56 14 49 6
47 16 51 33 58
14 25 37 50 19
12 48 21 39 32
29 10 58 50 41
51 60 14 52 38
28 2 32 18 19
42 30 39 58 35
48 59 1 11 31
5 17 20 45 2
35 19 10 33 44
50 40 33 59 50
22 34 38 9 21
35 8 30 60 2
52 14 26 33 24
59 13 57 15 5
5 37 32 18 1
38 21 1 49 55
29 8 37 51 13
11 19 26 57 33
43 46 22 24 25
1 47 38 18 5
25 16 49 10 40
44 13 36 16 49
44 53 45 6 24
42 57 44 32 3
35 54 49 39 40
52 31 56 55 6
56 42 8 39 41
8 7 43 36 59
45 31 56 53 10
39 46 43 36 6
19 39 18 3 17
39 40 12 55 10
58 52 59 37 58
50 17 3 12 4
34 23 19 9 60
12 36 21 31 45
25 58 49 41 19
54 19 26 48 1
34 18 3 6 33
23 58 23 52 33
20 3 27 14 3
36 44 21 36 2
12 12 40 8 10
17 11 55 30 47
33 52 22 53 13
44 52 22 48 51
48 1 13 23 37
52 2 10 47 1
50 49 48 40 5
12 16 23 9 55
55 49 57 33 32
48 9 40 32 1
59 57 38 6 28
20 39 4 8 25
45 58 6 57 43
59 56 22 31 43
18 13 59 30 56
51 32 40 28 44
37 43 26 24 30
50 45 25 58 16
60 50 16 18 17
57 29 23 4 16
31 51 17 18 53
48 37 58 20 31
33 41 35 12 6
39 40 58 12 36
60 2 50 54 39
14 54 21 5 32
23 19 57 60 13
35 34 4 55 14
13 18 41 60 39
4 43 14 6 7
51 8 23 17 26
23 60 25 34 51
11 35 12 26 9
7 59 56 39 5
34 49 45 8 58
8 57 27 37 60
15 55 44 7 50
15 59 60 46 33
23 12 37 48 31
40 24 28 13 40
34 45 21 45 60
40 22 24 27 52
59 43 11 24 7
15 58 10 2 5
59 9 44 58 6
50 11 35 59 11
2 43 55 29 3
33 34 22 55 50
36 38 15 54 13
42 45 40 49 26
9 44 7 51 10
60 3 3 21 56
51 53 23 23 47
39 5 4 40 18
47 53 34 41 37
49 55 1 16 22
38 59 4 8 39
44 17 46 2 57
57 14 42 36 45
59 53 18 51 43
45 7 15 58 56
41 11 55 8 23
46 26 32 52 32
5 9 18 16 45
22 20 8 6 44
40 42 2 39 13
8 58 36 4 31
20 54 50 31 12
1 56 7 3 6
26 4 6 29 26
1 45 47 5 32
53 56 35 42 7
32 54 46 1 35
24 5 11 39 22
3 4 40 36 24
47 19 41 21 43
19 14 15 36 11
35 40 51 51 26
50 14 60 23 51
60 38 31 36 29
18 14 13 43 36
56 50 29 11 18
28 46 2 58 56
40 17 47 30 15
43 38 30 2 46
59 1 30 58 20
6 18 56 15 9
56 54 20 58 22
57 51 16 13 12
11 50 54 11 47
48 49 17 27 30
52 44 34 1 36
19 41 11 34 1
52 6 22 16 42
20 52 4 30 12
33 12 33 21 19
36 37 7 49 28
40 59 22 21 18
46 37 13 27 25
11 38 4 40 42
7 58 9 56 11
24 49 31 30 11
2 17 16 23 57
26 60 1 35 21
36 23 23 27 3
23 6 9 22 42
32 21 42 46 12
9 50 3 46 30
51 38 59 50 16
46 45 33 27 51
41 18 5 19 4
34 50 35 9 52
23 32 4 15 36
33 42 38 40 57
49 33 35 4 9
53 20 54 46 56
29 50 5 36 21
58 55 32 57 2
11 31 45 28 31
18 6 42 47 2
35 38 25 5 27
50 23 35 49 12
57 49 15 48 42
28 40 4 13 11
58 56 34 27 4
4 40 16 11 60
15 32 55 23 47
11 12 39 22 21
26 44 60 46 27
10 5 23 43 25
2 41 26 32 52
2 28 47 13 44
29 23 19 41 58
34 44 33 34 35
33 58 15 49 39
30 45 37 2 22
54 35 48 53 44
40 41 16 49 35
47 1 48 46 35
2 49 31 30 39
12 20 60 40 11
44 26 34 59 13
21 47 16 48 51
12 14 13 3 19
49 15 27 53 12
32 60 34 50 30
2 60 58 17 50
38 36 22 33 57
11 3 58 21 16
59 27 11 15 35
37 26 51 52 14
25 35 60 9 26
19 12 51 33 16
12 19 60 58 24
30 5 5 26 17
7 39 41 58 26
37 23 33 7 8
30 47 47 14 44
11 47 12 41 38
14 47 40 1 11
21 26 18 23 22
15 21 43 11 15
31 40 40 52 9
4 37 60 5 45
1 26 51 22 38
42 41 21 47 27
3 60 24 16 53
4 8 59 45 58
41 55 40 5 52
6 40 48 44 38
49 6 12 9 45
42 37 22 4 41
23 53 34 14 49
24 39 6 23 21
12 53 53 26 33
8 12 38 15 28
19 8 52 30 43
58 60 56 5 30
31 52 11 20 14
37 22 14 32 21
53 56 52 44 56
31 7 31 16 45
50 15 50 27 14
3 15 1 31 13
56 48 42 48 26
23 21 21 58 24
7 15 10 6 42
48 52 4 26 44
19 43 25 10 49
35 5 55 35 4
45 3 55 45 49
15 25 54 11 46
51 32 60 24 5
49 15 40 25 57
58 54 7 14 58
37 22 27 9 18
30 1 58 16 45
50 13 34 24 9
60 18 44 9 50
28 17 47 6 58
60 33 52 56 43
46 27 47 21 28
52 39 59 47 25
9 2 18 48 19
53 33 41 43 52
17 24 7 25 52
7 54 20 29 40
28 16 53 47 26
21 21 52 36 36
17 52 9 54 3
2 20 50 22 6
57 11 40 56 3
24 27 15 9 58
15 49 53 34 59
59 22 34 48 27
26 4 20 51 47
40 20 3 46 46
36 43 8 25 38
44 32 43 21 58
15 16 38 51 11
18 50 10 25 26
40 10 18 54 2
12 17 28 22 3
56 34 3 1 59
19 28 55 33 47
41 3 11 26 16
17 20 6 42 9
7 44 10 2 28
23 24 37 46 7
37 6 33 34 53
55 5 18 7 39
19 8 43 17 55
32 6 28 50 15
60 43 37 33 57
31 46 32 59 6
24 30 40 46 23
35 40 28 2 46
54 53 30 28 12
29 39 13 55 47
54 24 45 53 6
53 32 23 50 19
30 5 41 11 53
5 52 26 25 5
38 9 55 5 11
4 15 31 27 45
56 11 42 11 43
38 40 9 3 14
51 14 57 16 43
27 5 10 49 32
28 45 31 42 13
7 36 53 42 5
32 6 11 41 6
58 4 43 51 57
40 42 18 37 11
55 51 1 3 46
37 60 51 19 9
22 28 37 40 23
19 60 4 6 18
43 58 44 37 1
25 55 10 55 49
17 32 26 8 42
42 46 22 48 24
59 9 47 31 14
23 19 59 9 42
52 32 17 2 3
28 57 5 30 10
12 23 60 27 36
36 29 51 48 33
41 54 35 48 54
29 22 41 57 46
38 20 8 2 14
45 46 34 54 34
11 16 5 14 8
44 48 26 48 28
48 20 21 12 55
37 11 33 34 2
35 11 4 7 5
35 36 13 5 56
44 27 21 24 18
35 38 10 51 46
6 58 1 11 5
32 57 59 30 44
42 57 57 11 50
16 36 60 11 55
33 50 56 10 38
23 55 48 46 4
16 36 60 43 29
43 42 45 36 56
6 21 2 47 17
44 59 32 60 23
10 8 29 16 1
40 57 55 2 42
16 57 14 15 55
13 31 51 2 9
9 59 39 53 45
49 40 32 38 28
27 22 11 54 41
9 44 49 28 23
59 7 19 23 22
48 40 51 8 18
53 54 57 32 49
43 23 60 34 59
51 28 51 18 47
24 15 55 45 4
8 44 14 6 50
40 21 50 46 60
8 28 60 44 37
42 33 13 49 24
13 56 24 38 23
5 24 42 58 23
11 56 33 23 12
21 18 17 16 17
52 49 12 41 8
46 36 49 21 12
6 9 15 57 16
23 50 6 32 20
33 39 30 15 10
19 18 28 23 24
29 44 53 58 38
42 35 34 3 43
60 36 59 60 8
14 8 28 6 12
38 52 8 13 30
17 27 49 55 16
19 14 9 24 35
31 48 50 21 38
36 18 38 20 55
50 58 29 57 37
1 42 42 46 46
32 55 6 38 4
45 59 27 34 47
15 34 58 8 42
41 36 57 50 54
5 31 29 36 5
60 38 6 58 12
24 30 58 36 53
11 30 19 26 29
2 57 27 57 36
30 18 13 23 48
1 16 31 59 4
48 1 22 13 20
15 36 57 55 13
18 5 15 1 19
3 28 16 34 44
20 16 18 11 50
53 50 54 25 46
14 21 40 31 26
58 57 33 13 44
55 48 45 29 54
36 39 11 13 59
12 50 5 29 29
20 5 32 32 56
36 36 49 53 7
17 21 29 47 44
22 53 5 38 26
43 52 8 58 34
28 16 31 28 33
21 4 7 4 42
45 31 12 30 32
28 39 43 14 53
36 11 14 52 8
14 26 54 30 60
27 53 41 44 16
49 51 6 59 13
57 34 25 26 60
23 56 13 14 12
60 24 3 58 29
49 45 59 57 60
59 37 47 22 8
30 3 50 31 40
20 39 12 29 38
48 44 2 59 39
19 5 34 23 30
13 18 49 37 17
13 49 35 36 27
18 45 22 34 5
46 20 23 17 17
33 2 8 58 22
40 42 38 36 42
58 7 3 3 30
49 59 25 19 36
37 38 56 8 3
9 26 38 60 6
58 1 13 39 13
58 10 35 28 52
44 42 28 13 28
36 57 19 39 58
1 19 42 45 34
29 58 36 56 43
59 15 39 42 37
51 26 24 26 40
6 41 45 37 37
15 53 11 59 7
6 33 3 1 53
6 37 55 3 40
42 51 21 33 23
23 56 48 49 16
8 42 11 20 12
15 4 2 37 20
37 44 26 51 22
39 45 11 23 21
12 58 44 5 12
51 34 13 38 57
24 50 47 36 31
21 56 20 44 9
24 51 58 50 50
11 15 1 25 27
15 2 45 23 58
1 51 58 36 46
29 57 6 20 55
40 33 46 39 12
48 48 56 12 12
20 20 39 51 16
52 50 59 39 24
4 34 48 47 42
24 19 14 12 49
26 14 30 22 25
58 23 9 31 21
7 31 43 59 42
7 5 34 57 28
23 34 4 41 35
60 15 32 49 6
11 7 47 52 33
31 49 38 52 7
56 47 40 55 57
18 10 4 31 27
30 19 22 23 10
13 34 16 16 23
14 44 59 10 36
3 1 3 45 58
36 60 60 16 39
23 57 23 32 50
3 4 53 56 25
57 23 38 31 34
59 48 55 28 9
9 59 33 47 18
29 14 39 2 12
10 11 43 40 25
20 16 21 40 10
18 57 23 54 59
52 50 26 54 2
33 44 2 28 21
7 54 42 15 3
55 52 39 58 16
48 3 57 12 50
26 49 28 7 45
8 14 45 27 34
8 1 27 53 1
16 8 55 51 53
33 38 35 33 59
19 30 15 42 44
25 43 11 9 51
20 34 26 24 17
36 9 33 13 18
3 23 13 27 15
31 9 43 33 21
60 11 11 18 32
38 43 12 12 13
15 36 59 29 27
27 58 39 25 10
60 18 2 13 37
30 45 10 4 40
24 3 48 46 44
26 45 41 43 12
43 49 24 48 60
13 29 13 27 6
56 13 40 56 32
27 51 23 23 10
42 18 30 44 16
6 49 9 8 23
32 14 32 51 14
56 52 46 9 24
2 12 30 19 41
18 35 46 33 20
8 46 47 15 17
30 49 1 40 57
56 25 38 49 42
49 10 44 39 58
38 42 13 59 42
33 45 52 43 18
39 15 12 40 18
30 13 22 41 17
8 50 12 34 16
22 27 11 46 12
56 22 39 11 36
54 27 54 20 36
19 59 42 31 48
7 46 55 59 16
9 41 33 30 1
47 44 10 59 46
29 35 19 54 24
48 27 14 18 27
16 26 10 2 10
30 8 49 38 42
39 23 32 20 13
1 5 8 47 53
35 59 56 34 23
54 24 27 42 36
45 24 42 4 43
49 16 10 1 27
26 11 55 48 2
40 33 26 7 44
31 22 49 41 44
4 34 32 4 54
26 9 28 30 17
11 57 5 49 4
47 13 12 11 19
37 30 34 16 11
38 58 50 42 22
26 20 1 36 29
52 57 28 22 17
32 2 56 39 58
38 18 41 39 22
1 10 23 52 60
11 28 26 35 29
46 31 22 46 28
52 38 24 14 39
24 37 29 50 41
10 34 15 40 46
6 24 49 29 20
40 26 49 37 51
53 51 60 9 11
44 28 32 46 25
16 10 19 26 17
47 32 30 33 41
21 43 50 32 31
57 13 21 35 49
8 36 38 51 52
11 31 49 56 28
20 14 48 22 53
50 15 50 41 56
1 33 48 49 5
40 60 45 55 47
31 6 31 2 1
30 23 37 1 53
47 48 55 8 2
57 48 18 3 6
60 13 2 30 47
27 54 5 33 20
45 25 32 14 20
45 6 44 49 30
14 40 5 7 56
4 30 15 43 16
25 47 2 31 41
52 22 38 42 12
12 38 30 48 53
60 54 4 3 36
51 2 42 59 43
8 18 15 58 28
31 10 60 32 41
19 13 51 57 44
19 5 56 22 35
48 10 52 52 8
13 1 45 33 52
50 18 9 24 50
9 56 30 33 4
44 31 11 5 11
47 49 9 46 39
54 2 55 49 6
42 46 51 44 36
56 10 14 42 14
46 5 31 43 45
45 16 44 39 59
6 55 10 47 7
10 19 12 41 6
23 50 53 12 38
35 10 13 8 57
22 44 25 24 18
50 52 59 33 54
44 55 2 32 4
36 32 9 54 15
17 50 4 22 8
59 50 23 20 29
27 20 11 5 29
9 42 25 35 45
45 38 8 27 6
30 2 58 58 43
24 1 59 4 1
32 36 47 25 8
17 33 44 54 39
39 41 58 56 11
14 39 40 46 39
44 40 58 49 16
58 10 31 6 20
2 46 31 40 6
51 40 46 16 59
42 33 55 36 46
32 40 40 51 37
37 36 20 10 56
55 44 12 60 54
37 22 27 42 1
37 5 25 18 43
21 42 3 7 8
38 37 14 11 15
7 3 19 6 25
7 26 6 42 36
60 58 7 25 60
58 58 19 24 27
49 18 26 27 30
46 34 34 39 53
33 19 24 8 37
50 36 6 25 46
6 36 51 2 30
17 55 14 20 41
45 5 47 52 26
59 48 41 26 54
38 26 17 52 47
9 39 36 33 21
39 56 8 19 3
17 43 22 30 50
54 2 51 48 30
39 29 30 6 34
10 57 6 3 8
44 53 28 47 15
39 2 19 40 43
27 42 26 34 8
52 37 48 32 20
33 52 26 9 10
44 12 53 7 16
34 24 26 5 38
60 28 19 47 28
17 15 23 36 3
20 29 26 40 15
42 7 49 28 19
8 19 54 11 59
39 21 5 19 50
57 15 4 26 44
19 32 9 7 19
31 55 41 12 7
7 22 39 1 24
5 28 6 39 10
56 36 57 9 37
21 52 38 29 26
55 39 23 6 19
3 41 42 18 44
22 24 17 31 17
43 48 4 48 58
32 57 52 33 37
20 49 17 14 48
34 41 55 19 4
58 11 44 28 24
13 50 20 4 33
60 29 59 9 29
18 10 59 56 10
46 15 12 47 47
4 25 6 55 20
34 5 57 22 29
59 22 11 5 44
45 32 8 14 24
15 26 12 8 5
56 45 16 51 55
22 11 56 52 17
52 11 57 14 53
40 46 60 40 38
6 59 53 45 40
43 57 25 34 55
24 28 23 24 30
30 26 17 19 6
59 20 22 54 9
4 30 21 46 30
28 45 36 40 4
34 22 36 24 57
34 54 12 28 31
28 9 41 34 42
10 60 25 47 56
57 44 24 7 36
10 34 14 34 51
24 57 9 25 44
35 21 39 9 22
40 59 31 8 48
30 52 3 2 6
12 20 41 29 12
9 1 37 24 30
27 28 55 28 25
6 11 5 43 15
43 13 46 28 57
47 15 51 42 45
43 33 53 21 47
15 11 30 50 31
57 45 36 10 34
31 54 59 55 48
51 44 39 17 58
53 51 44 28 29
5 4 56 50 35
19 18 38 51 15
43 3 13 28 55
2 34 41 25 20
51 17 21 56 18
11 21 6 20 35
59 51 29 42 11
35 37 48 45 35
9 53 35 5 46
25 43 1 49 7
16 10 26 3 47
55 26 41 25 35
22 6 22 19 28
34 14 13 59 17
46 16 3 37 52
11 9 14 25 39
42 47 36 29 12
48 37 15 19 48
34 6 48 50 25
12 43 1 32 17
5 37 54 51 35
41 30 18 22 14
13 25 57 48 40
23 25 2 2 4
59 15 59 55 36
1 36 18 12 57
27 1 7 43 31
42 23 2 33 39
49 14 15 45 39
59 19 35 57 36
32 24 5 29 21
60 14 54 38 40
55 23 44 22 19
33 15 47 23 44
8 22 21 24 19
49 29 56 43 36
3 1 43 28 56
54 6 25 4 47
48 53 10 30 6
5 10 23 2 14
27 56 17 8 27
56 57 36 29 21
6 5 38 26 33
43 2 23 26 27
60 37 30 59 19
43 56 16 46 19
53 50 25 4 25
11 16 42 19 2
57 20 24 28 47
22 28 39 2 53
46 46 2 50 2
48 53 4 30 7
20 25 14 47 8
15 1 13 26 4
4 47 53 16 12
7 17 14 35 41
28 38 54 52 35
11 8 18 14 9
4 29 5 34 36
22 60 11 5 58
50 31 1 6 47
55 39 22 51 54
37 26 27 28 34
48 53 32 41 44
41 40 12 10 32
55 11 10 5 51
60 3 3 54 9
25 52 45 59 52
5 51 9 23 56
28 53 11 41 60
44 42 29 60 56
32 41 19 7 13
16 14 29 31 5
49 39 18 3 32
23 19 54 30 31
33 11 51 50 56
33 25 38 53 10
29 19 55 6 13
48 30 13 51 2
22 9 1 7 11
4 33 31 32 26
46 58 22 22 38
17 43 29 27 56
27 32 5 36 34
28 36 35 50 5
7 25 11 38 36
30 33 12 12 36
17 38 58 26 45
1 23 8 26 52
25 17 46 19 43
14 55 25 41 56
60 16 3 12 30
27 53 55 15 14
14 2 11 20 2
33 48 2 19 50
52 29 14 48 8
47 16 39 19 32
46 42 20 42 1
51 5 21 48 22
22 22 53 33 25
41 23 22 44 34
4 52 48 21 47
27 49 12 7 52
38 55 37 11 6
1 35 43 31 37
59 26 37 56 4
21 59 42 58 41
31 59 31 4 47
45 27 48 21 44
35 41 46 47 29
52 1 4 26 10
32 33 15 42 19
2 14 36 28 40
38 27 28 53 3
24 4 10 41 7
34 38 43 23 36
36 5 30 2 10
18 58 45 52 49
13 31 28 42 24
50 13 58 49 43
9 26 33 18 38
32 12 43 24 5
49 21 16 42 26
53 9 8 48 2
29 13 18 50 36
34 1 36 3 21
4 15 49 36 24
26 60 28 3 29
34 59 3 56 16
23 32 33 1 41
9 60 18 48 32
22 14 20 4 56
18 51 45 55 54
24 11 18 4 29
53 9 56 58 35
40 24 49 28 32
2 52 7 8 8
10 55 5 33 46
48 12 21 58 14
20 11 30 9 23
13 12 21 53 1
8 39 12 55 44
26 26 2 5 54
28 18 54 48 17
34 46 43 40 17
50 20 18 59 41
14 14 50 42 40
41 55 19 6 46
34 8 21 26 44
11 23 46 38 10
33 60 50 55 34
36 31 49 25 56
40 12 48 20 16
19 45 44 8 30
54 57 23 20 40
16 49 8 22 38
42 22 32 51 30
33 7 47 23 31
23 24 18 50 30
8 11 24 13 53
60 2 10 44 13
39 14 5 2 12
57 44 8 60 56
58 6 30 29 42
31 16 24 45 6
32 2 9 35 47
43 21 59 36 28
8 21 7 56 9
16 9 52 8 59
56 43 42 1 41
14 52 18 16 29
4 22 51 10 52
58 10 28 7 6
27 51 58 50 5
58 44 52 58 24
17 45 49 8 29
17 58 4 17 59
59 28 13 8 10
24 4 28 56 26
41 51 57 30 53
53 28 17 13 19
4 41 29 23 5
9 28 52 14 28
58 20 40 35 33
29 37 51 27 55
14 39 21 9 46
1 37 12 44 53
39 46 5 19 17
60 50 18 49 28
60 39 55 4 28
9 40 18 35 34
59 4 34 17 30
21 59 12 48 57
25 48 12 24 12
49 35 60 12 4
24 18 29 26 27
8 42 26 39 11
16 18 45 4 51
17 46 40 36 7
45 28 6 15 39
36 35 55 60 12
10 52 14 17 37
31 3 7 23 35
58 11 10 26 35
29 11 17 12 58
4 1 37 57 7
9 11 23 22 18
8 14 32 29 57
32 41 59 28 6
36 49 9 21 39
39 38 29 45 30
60 6 34 37 29
30 16 60 16 10
11 17 40 7 9
25 10 20 34 37
3 37 11 30 58
53 33 51 26 38
45 39 52 56 34
55 10 55 35 16
50 1 36 48 7
5 6 2 26 57
33 9 58 53 45
11 14 5 50 32
47 45 36 40 48
18 33 30 26 14
20 39 18 10 42
52 35 5 28 14
53 60 18 7 33
29 59 55 53 51
51 20 60 11 33
16 22 59 17 12
47 31 48 60 25
17 57 5 36 26
9 40 51 42 4
40 24 7 7 16
22 31 14 16 16
60 29 50 13 29
59 5 10 7 7
11 47 6 41 13
41 16 49 2 14
29 57 2 12 42
31 12 42 13 17
38 37 3 8 32
43 29 35 3 9
52 16 13 31 36
7 11 13 5 8
33 46 13 41 28
4 58 14 60 35
27 13 2 56 42
37 30 58 39 58
21 38 59 10 21
32 56 7 21 17
16 56 10 49 40
20 46 6 48 28
34 32 6 19 48
27 49 42 3 47
32 28 26 52 42
17 42 35 54 30
42 7 9 50 19
8 58 50 16 33
13 19 60 57 12
17 14 16 57 32
22 35 60 51 18
36 11 8 51 27
23 6 5 3 39
20 9 59 45 23
4 60 3 39 34
9 21 39 5 60
9 58 12 59 25
51 59 15 33 55
41 41 6 18 23
27 6 15 8 18
50 33 52 57 4
59 31 6 50 45
20 38 8 37 35
13 40 55 4 18
43 9 24 6 20
51 60 22 43 23
7 28 30 40 50
51 52 19 55 18
52 18 1 41 5
21 14 58 23 51
47 24 10 49 22
2 25 49 2 51
19 13 44 1 43
26 28 30 37 15
36 60 49 41 51
29 53 13 60 56
16 41 29 32 16
45 40 13 7 25
32 49 39 18 30
42 58 1 10 33
16 8 28 13 57
27 52 14 33 44
28 54 35 4 18
16 36 8 56 17
51 32 47 18 5
32 8 12 42 24
7 60 34 25 30
11 18 14 46 58
53 2 30 58 10
3 40 42 12 15
45 39 15 20 7
45 6 56 22 29
7 13 50 18 34
12 2 17 42 4
45 57 50 3 38
4 3 38 4 38
34 10 55 22 41
44 15 17 12 42
20 6 38 28 14
11 56 58 29 39
43 13 28 40 32
34 44 40 58 5
11 26 22 21 17
38 53 20 17 48
12 6 58 27 8
16 17 2 14 31
1 15 34 22 18
25 16 38 34 56
49 27 40 54 3
22 33 59 21 39
32 16 37 36 43
18 59 26 17 34
20 43 19 5 12
43 49 31 35 22
23 25 44 58 11
49 15 20 11 42
2 29 9 28 49
40 54 23 9 51
7 12 29 48 50
6 47 50 20 46
41 58 10 52 14
36 30 41 9 18
36 5 26 21 49
20 51 46 59 9
1 7 11 9 35
43 19 40 14 23
22 35 19 1 29
42 25 45 40 49
43 47 17 51 16
42 60 52 13 13
24 29 14 34 14
31 58 10 22 5
49 15 11 59 26
44 21 60 11 24
10 22 26 17 26
26 59 49 29 8
28 23 14 58 53
44 38 50 33 50
58 51 42 21 36
60 26 8 6 8
26 10 52 21 9
20 1 55 26 16
56 24 21 25 31
55 9 23 18 13
9 51 24 6 17
41 10 37 40 43
36 38 55 15 1
38 1 45 56 46
51 43 16 22 21
30 46 11 32 23
22 12 15 31 40
49 47 34 9 42
22 6 47 60 39
52 16 34 4 42
44 20 46 45 34
5 12 59 48 57
60 46 35 56 33
42 15 46 9 37
32 17 7 59 16
13 50 32 21 48
52 43 50 48 50
32 18 19 29 52
12 13 54 7 12
51 58 31 22 43
60 57 37 36 11
29 49 23 5 30
54 32 18 1 59
3 48 27 55 54
12 26 22 10 48
13 44 52 14 25
58 14 11 21 6
28 33 57 56 20
32 23 14 53 21
4 22 19 59 53
34 1 14 5 9
42 23 45 46 56
31 22 51 39 41
40 23 30 44 54
5 45 49 40 15
17 35 25 22 19
10 3 53 58 55
53 39 3 25 25
13 49 18 45 44
45 45 38 25 36
33 33 34 39 22
29 16 53 9 2
46 29 34 20 39
50 35 19 44 18
60 37 49 10 37
55 46 46 7 48
48 20 60 24 6
2 53 30 23 15
21 33 7 23 9
23 22 21 40 30
41 56 9 19 15
22 14 20 28 33
58 41 31 56 26
34 31 60 3 31
53 44 1 15 53
14 33 5 8 15
18 33 45 34 28
44 11 50 31 32
10 37 23 5 52
30 34 16 36 52
8 59 16 25 52
57 54 36 47 46
48 56 45 57 11
2 28 23 19 9
3 5 39 21 45
22 1 13 16 60
48 43 38 1 4
7 38 45 52 50
33 8 22 8 53
36 19 48 58 53
41 41 34 1 36
55 58 52 50 37
28 8 8 59 12
9 44 12 15 45
18 10 48 28 28
33 16 1 26 47
17 32 35 57 40
18 3 57 41 52
58 6 44 14 34
33 58 47 21 12
21 15 4 3 10
14 49 57 8 42
9 11 50 46 25
35 51 7 29 8
49 52 55 24 10
15 20 33 45 25
7 35 9 12 38
26 27 21 42 48
36 56 21 42 48
8 28 6 56 19
48 3 14 43 35
25 29 32 34 15
12 24 18 18 56
11 21 29 14 45
45 55 59 33 14
60 39 52 57 30
6 41 19 37 52
1 53 21 44 7
43 47 48 46 30
60 47 51 35 1
60 7 57 23 46
15 29 25 28 33
11 1 23 52 17
43 17 38 52 56
52 25 52 2 16
40 36 7 1 26
21 8 49 56 50
50 17 60 25 4
55 13 43 7 50
43 11 24 42 25
25 20 36 43 17
41 12 48 38 9
29 51 49 52 6
11 3 19 42 32
6 1 55 17 1
45 31 1 52 16
10 9 44 12 17
46 16 22 46 2
53 32 23 28 41
47 37 55 46 2
20 46 42 48 57
59 17 39 59 56
19 29 48 15 60
32 37 44 46 39
2 5 4 5 7
11 60 51 2 14
43 44 42 59 19
30 56 38 54 15
27 2 45 23 9
3 35 44 46 13
41 11 41 2 21
19 25 19 10 24
42 5 28 33 57
1 24 30 19 16
7 30 20 2 34
27 20 56 40 52
29 7 58 12 41
58 1 20 49 13
47 53 4 54 52
38 12 16 59 55
45 31 47 13 19
24 32 53 28 29
40 39 48 27 40
39 46 60 32 1
45 13 16 42 1
12 3 29 14 21
41 47 33 50 9
54 34 12 13 16
2 45 44 12 45
31 37 55 7 51
6 26 12 41 29
46 46 21 51 60
46 36 29 56 60
28 46 23 53 48
25 50 23 37 43
8 9 9 55 35
47 49 58 50 55
40 26 25 25 4
45 60 3 8 2
43 41 53 10 27
45 54 45 5 59
3 33 3 21 6
28 57 55 47 34
14 28 32 42 21
50 37 7 35 5
1 33 7 7 26
5 56 39 14 9
5 5 4 17 4
25 48 57 32 20
3 1 18 1 54
10 50 3 60 23
10 7 30 43 32
50 35 7 47 2
28 29 15 5 45
48 48 8 20 12
49 15 52 57 27
57 54 11 49 53
20 25 17 22 57
16 50 41 30 31
53 47 43 48 45
27 20 33 29 49
26 39 18 57 55
44 33 5 8 5
51 24 27 26 20
54 27 2 11 33
22 38 55 28 47
56 13 22 28 39
51 42 53 48 32
43 14 47 7 51
41 59 7 58 52
15 18 18 32 20
18 47 37 7 8
27 55 21 51 25
42 7 3 17 42
46 13 52 48 13
32 48 21 22 54
43 55 1 21 36
23 39 3 34 34
49 41 55 49 58
22 26 11 60 2
55 59 45 10 17
13 52 45 30 50
11 15 33 59 18
13 17 19 25 31
49 26 12 24 10
6 26 6 9 53
50 60 52 24 13
29 25 7 18 34
6 18 12 19 24
31 7 20 6 27
41 45 2 37 6
38 52 53 40 7
58 46 56 47 12
25 51 40 41 23
60 40 20 8 54
35 30 53 58 13
38 13 8 42 10
37 30 30 34 46
53 3 46 35 3
33 25 13 55 19
25 11 50 7 2
21 54 21 17 30
3 43 37 14 60
17 44 37 48 47
38 3 11 5 2
5 53 43 4 28
35 47 5 22 1
27 29 58 36 55
52 33 31 48 26
26 10 42 22 22
3 35 11 21 20
15 51 40 20 43
24 55 25 45 26
3 20 9 2 24
28 4 39 21 53
20 19 17 22 35
37 49 50 11 52
40 57 35 42 28
43 47 57 34 12
60 47 27 20 14
28 46 42 43 15
17 39 32 58 55
12 26 37 31 11
24 11 41 33 32
17 1 10 5 33
21 11 57 3 47
49 5 45 47 59
8 7 26 55 27
37 12 37 18 27
45 60 45 40 9
22 42 51 33 30
52 50 58 24 10
37 41 17 51 29
31 4 28 34 56
38 52 46 40 39
49 56 55 8 12
16 9 41 16 2
53 55 8 51 18
28 58 38 7 36
37 1 53 21 36
2 19 27 23 18
8 11 52 39 24
14 15 33 14 48
28 45 37 14 7
13 46 52 26 51
11 31 27 53 36
36 52 21 14 43
40 43 54 17 42
35 28 30 56 17
45 23 11 59 10
45 32 55 41 31
32 11 26 47 20
26 42 32 24 54
31 27 40 19 15
41 23 53 37 10
43 24 20 26 7
8 32 17 24 19
19 53 27 9 37
1 52 14 44 32
55 27 16 54 49
1 40 20 13 13
49 2 2 28 53
47 45 36 7 28
44 54 3 39 25
46 26 58 52 9
6 32 8 54 21
50 29 59 40 33
13 44 60 26 9
50 47 32 23 18
23 39 54 7 39
32 18 3 15 38
8 23 23 42 14
22 3 35 54 29
59 15 23 25 52
34 18 2 13 49
31 2 49 52 35
22 15 21 4 8
55 5 56 58 10
55 18 43 15 46
52 40 35 59 14
31 3 3 55 46
28 22 14 44 57
8 11 21 34 14
20 29 38 17 6
42 27 11 42 21
49 23 18 22 45
47 46 26 49 20
14 30 55 19 48
60 22 48 20 32
14 28 49 25 39
9 60 59 50 28
39 29 58 2 16
14 22 8 34 21
55 10 2 59 17
12 1 10 37 40
5 22 43 59 53
15 38 3 28 42
26 42 2 52 30
37 6 8 34 31
35 58 14 35 7
49 56 29 24 20
18 9 6 35 51
45 34 34 29 32
8 5 34 3 42
35 12 51 5 31
48 26 22 39 53
13 24 25 60 29
4 59 36 18 21
51 41 27 24 31
49 59 28 22 16
15 54 46 50 29
28 10 22 54 59
10 44 24 28 43
30 46 25 22 12
51 37 19 17 50
35 10 3 15 35
23 37 1 49 10
26 36 11 37 47
44 10 14 22 31
3 20 26 27 22
28 18 10 33 57
50 2 58 60 52
17 16 26 27 40
16 31 42 57 5
10 20 13 23 24
22 58 53 2 56
50 28 55 36 16
46 29 40 41 27
43 42 17 26 23
53 25 33 15 10
30 11 9 35 1
19 60 41 36 28
40 20 34 9 9
6 59 47 7 33
1 13 37 1 14
22 4 17 60 5
37 57 5 47 55
11 41 60 17 39
20 45 47 3 46
53 39 53 26 16
19 6 12 5 29
50 28 44 12 46
50 33 56 18 49
32 15 52 54 36
4 24 39 15 24
17 45 17 29 54
24 15 31 41 37
35 57 49 43 16
25 26 58 48 34
3 51 45 51 9
14 44 18 42 43
6 26 59 36 10
27 56 56 5 24
52 29 27 27 6
18 17 46 34 51
47 31 6 43 6
37 35 46 10 48
12 59 21 3 11
26 40 40 6 1
39 20 12 46 17
32 1 32 42 3
46 17 51 27 37
16 23 47 27 30
12 29 25 41 37
32 33 20 16 56
27 52 6 6 6
14 10 40 51 33
38 40 56 26 16
33 58 47 34 15
2 7 49 34 1
33 9 9 53 3
24 14 59 51 17
3 42 29 51 44
24 37 56 8 1
24 58 41 31 11
42 13 45 19 20
9 58 11 23 32
55 47 32 1 38
43 49 53 24 10
27 46 51 22 57
51 37 28 8 27
41 1 42 26 45
47 54 26 58 38
35 29 11 5 15
49 10 55 53 41
21 6 20 7 36
2 40 56 34 10
9 22 9 46 16
27 10 3 30 2
51 24 38 58 25
59 25 36 36 7
31 43 32 43 20
21 18 55 19 30
16 20 32 45 20
20 29 34 23 11
46 33 16 52 23
55 17 46 4 31
8 42 8 51 58
2 6 58 49 37
6 20 50 6 27
13 40 26 20 50
10 29 33 57 60
40 16 5 3 49
31 56 55 41 23
39 7 40 24 21
55 44 22 12 33
43 47 32 35 53
5 10 32 60 4
11 29 59 37 15
12 14 44 48 19
16 56 56 29 5
21 59 5 18 59
2 35 5 7 5
13 40 30 6 53
38 16 57 4 14
25 2 53 60 35
33 44 20 15 45
18 34 43 26 39
26 41 51 24 7
56 21 32 17 19
32 41 53 3 52
50 8 1 12 16
24 8 14 23 9
59 50 30 31 32
9 14 27 15 24
34 23 34 31 35
34 50 56 35 37
23 22 58 16 45
40 44 27 1 59
48 49 21 28 1
28 27 43 46 42
54 15 25 3 1
31 21 1 58 31
12 43 48 23 6
13 29 8 41 10
34 59 56 54 44
13 54 26 20 49
47 50 5 31 14
54 16 22 38 59
50 17 49 23 45
48 3 30 27 21
3 29 9 43 31
27 53 30 5 16
50 42 14 54 36
48 6 33 19 57
37 16 27 46 51
59 27 1 3 3
21 39 36 30 35
18 16 37 56 39
4 3 59 48 58
14 6 59 51 17
52 41 40 56 60
23 34 18 52 53
5 45 31 43 55
41 13 36 36 48
58 47 21 53 51
6 53 9 2 60
57 4 35 14 34
24 37 49 45 46
9 21 49 17 8
56 11 10 15 38
6 7 57 52 22
60 9 35 59 5
60 36 35 34 15
19 33 11 3 1
47 12 18 59 29
33 30 35 28 52
47 38 31 13 39
19 13 19 52 52
27 59 47 45 5
15 39 15 19 28
49 38 25 14 16
47 31 28 37 9
17 5 48 10 40
9 39 39 36 35
59 16 43 14 59
33 16 44 25 58
45 27 21 42 33
49 22 53 15 58
16 43 18 1 43
34 10 12 43 9
13 38 14 12 48
52 32 43 19 35
15 36 21 27 58
18 9 48 12 40
13 53 37 30 10
22 49 12 2 50
59 5 28 17 47
21 36 51 46 53
5 10 40 45 55
1 48 10 20 36
48 21 41 2 57
57 14 35 15 32
60 11 27 38 31
54 59 44 15 35
36 31 17 20 36
20 44 14 17 3
39 10 53 30 60
15 39 26 8 60
54 14 28 36 38
10 23 1 52 34
1 10 14 40 52
29 18 42 42 14
56 2 32 50 38
60 24 48 3 23
44 50 48 2 30
7 41 6 45 28
27 11 55 4 55
25 59 57 43 30
31 60 40 17 12
41 9 43 46 12
3 28 13 38 60
1 13 25 36 15
52 40 28 7 9
40 9 28 48 19
16 18 32 27 49
22 52 29 7 4
6 38 9 52 16
24 44 40 58 29
42 24 43 7 30
52 11 52 36 35
52 10 58 19 49
1 40 20 41 43
39 52 3 25 15
59 18 55 40 30
20 42 29 30 11
54 14 24 28 19
2 48 12 3 37
44 14 47 59 45
55 13 20 54 26
39 3 9 31 28
31 60 42 36 37
18 17 30 13 27
22 53 30 25 25
27 45 24 38 1
51 18 29 28 41
39 11 48 17 53
60 15 56 50 29
46 57 33 38 60
28 43 49 58 49
35 60 58 7 29
32 55 27 49 15
32 4 59 12 3
10 33 33 25 3
54 23 17 6 2
57 15 2 25 48
19 18 39 31 8
15 18 54 22 49
47 30 2 19 52
30 21 42 21 24
42 53 35 37 19
21 8 20 20 4
58 50 11 57 42
16 42 3 51 32
41 35 2 47 21
50 52 24 47 60
52 30 33 10 15
5 29 50 7 50
25 26 42 2 24
38 25 11 42 18
20 12 5 4 27
28 26 57 14 29
23 15 6 45 5
26 56 23 12 42
17 40 11 59 30
2 5 2 52 18
34 8 14 55 2
22 12 53 50 41
44 6 11 8 28
51 33 42 7 55
37 40 48 40 9
10 60 6 36 3
37 51 43 8 27
7 13 25 51 43
37 33 30 23 44
19 9 3 20 18
8 1 57 36 45
12 16 24 12 10
10 40 36 58 59
36 23 5 2 51
34 23 56 35 50
47 48 32 13 43
20 6 40 14 36
44 24 41 38 45
36 9 32 34 2
16 6 8 59 8
38 24 36 8 59
4 10 54 41 7
55 26 26 21 34
29 45 2 2 37
30 23 14 27 50
52 3 13 48 60
48 35 41 47 3
10 51 55 26 19
28 42 12 16 16
4 37 56 34 57
56 26 27 7 59
18 4 25 51 20
32 28 56 29 21
26 21 19 27 14
60 5 8 30 41
14 23 23 15 38
1 25 22 37 55
35 6 3 10 39
22 55 49 5 53
14 28 41 55 22
14 30 56 34 42
51 19 34 34 15
40 6 8 48 38
50 22 14 12 26
12 37 15 7 53
52 10 22 1 3
2 18 44 14 60
4 57 1 20 42
42 33 42 32 21
43 56 39 23 52
15 13 53 47 46
37 18 46 50 39
17 34 33 34 9
25 44 2 4 41
6 32 49 39 23
26 18 38 37 16
44 56 12 11 55
12 5 45 10 44
37 18 42 41 46
30 8 20 38 30
22 54 22 36 22
34 9 44 40 51
11 21 46 54 41
43 5 37 7 24
28 46 27 36 13
48 2 14 52 45
2 22 54 26 20
37 11 42 9 29
6 59 16 17 46
9 16 7 37 33
38 7 11 14 37
26 50 57 24 39
28 60 1 43 35
60 18 44 34 24
36 7 13 53 4
54 21 54 56 53
52 55 11 15 10
49 56 52 9 16
8 7 40 24 9
29 17 45 3 10
41 28 12 12 6
2 47 20 37 46
35 57 17 47 35
14 35 19 20 57
45 37 60 50 31
46 48 57 34 7
24 39 30 39 47
47 32 49 2 32
22 30 33 13 29
5 39 29 15 24
48 22 11 13 17
33 11 47 9 50
51 50 27 37 22
43 3 42 20 26
59 11 13 44 18
5 53 57 30 43
52 55 2 13 53
24 49 59 52 60
7 18 15 14 58
31 36 23 59 24
43 34 56 35 36
48 13 58 5 33
26 59 53 51 14
38 32 22 42 27
20 25 53 57 17
10 32 35 43 16
49 17 55 59 36
55 45 4 4 42
25 43 49 22 2
59 21 3 2 10
36 2 56 9 11
32 27 16 3 11
26 13 21 40 57
47 43 23 23 11
46 54 31 25 59
32 8 48 38 57
31 33 35 58 10
27 16 27 5 15
5 59 56 27 23
33 16 28 48 36
40 44 3 6 35
4 45 25 8 5
53 47 45 13 40
57 58 11 20 46
45 52 32 11 15
15 58 36 8 59
2 13 37 10 57
18 9 21 1 24
9 1 42 41 53
40 19 35 23 60
38 47 59 5 3
46 12 29 12 12
15 9 9 19 53
28 45 28 51 60
54 2 6 44 36
13 13 4 39 51
18 42 2 51 15
11 12 31 52 53
20 25 43 47 58
20 48 44 17 38
18 57 51 1 39
48 37 15 55 56
2 52 5 55 31
48 47 57 28 42
1 20 47 21 44
32 49 50 17 31
58 11 57 60 31
21 8 30 38 37
44 37 13 20 58
1 37 32 15 19
36 45 32 31 54
23 49 48 1 36
5 59 2 18 57
35 60 26 17 47
47 53 54 52 18
10 32 38 36 7
11 14 31 59 13
25 43 44 29 38
4 40 38 43 45
2 31 3 48 56
55 34 47 54 54
31 35 26 3 1
17 43 34 55 47
35 31 23 8 4
42 29 29 29 60
20 29 13 5 39
46 21 17 54 25
22 35 24 30 29
22 2 28 14 53
4 30 19 54 34
3 23 58 43 36
43 20 38 42 11
11 46 48 59 18
4 12 46 11 21
57 58 2 57 10
31 55 10 27 43
58 24 57 59 1
10 5 35 35 25
54 15 43 60 8
50 59 47 35 60
6 6 2 50 53
60 28 52 26 16
36 56 20 30 6
24 33 4 16 43
10 20 40 14 24
29 11 1 40 38
22 21 28 60 7
13 50 56 12 57
33 19 30 23 1
20 50 6 55 15
31 47 20 33 23
11 34 16 49 25
50 56 42 36 60
39 56 36 34 55
18 21 35 3 21
50 60 50 1 29
5 51 5 29 42
47 25 30 47 7
46 52 38 43 32
16 33 36 42 18
56 12 35 19 44
53 40 44 12 52
46 27 54 23 47
30 22 38 52 57
34 8 7 22 9
38 5 30 28 44
53 25 18 12 52
43 17 9 50 14
36 53 59 19 36
15 39 5 21 41
38 1 3 3 8
45 33 20 39 31
35 47 51 32 40
49 11 48 24 10
27 5 33 37 47
55 30 12 42 44
58 22 50 18 36
28 23 12 22 8
5 51 5 52 12
19 42 10 4 35
43 60 28 7 58
3 3 26 51 19
5 7 39 46 59
23 4 33 47 19
8 14 7 4 32
11 37 38 58 29
53 32 23 25 30
35 26 3 5 29
13 22 50 20 59
24 5 36 60 8
38 56 1 8 54
27 51 41 42 44
40 3 54 21 21
43 46 51 57 29
25 57 29 57 6
3 28 30 40 57
35 34 24 34 28
10 17 44 26 33
35 10 31 48 57
4 21 16 39 10
10 52 39 42 9
59 17 53 24 35
34 47 37 22 2
27 52 49 45 36
57 33 58 49 35
46 16 35 59 26
46 18 13 10 28
55 47 11 48 6
13 15 28 11 46
29 27 17 46 14
48 60 54 56 18
6 44 5 21 28
19 38 35 11 29
36 47 49 57 11
51 32 50 7 19
30 56 4 49 23
11 2 31 28 45
22 56 39 6 53
53 48 32 19 24
49 1 5 26 11
24 12 43 19 56
38 59 25 58 56
11 42 54 38 58
47 48 42 38 53
25 48 26 43 56
20 46 13 4 48
14 58 52 43 21
20 38 42 60 16
27 2 13 12 27
30 55 57 14 55
41 3 49 27 30
47 51 46 41 20
46 32 10 1 7
8 7 45 9 1
40 57 31 32 4
11 3 42 21 30
43 35 27 12 30
35 21 17 60 31
1 6 34 52 5
54 26 41 10 38
32 32 17 19 41
47 45 41 60 56
37 50 24 59 16
57 18 53 25 30
28 49 28 28 28
16 59 40 37 3
34 4 6 10 22
28 29 48 3 32
3 45 3 1 53
31 15 45 3 49
40 34 59 34 57
14 30 30 48 24
42 6 17 16 19
27 2 26 19 60
10 9 22 12 43
60 18 60 7 48
42 59 22 28 2
4 4 42 10 52
40 7 15 22 58
14 47 32 22 21
20 50 59 3 53
15 24 15 33 56
45 39 50 25 16
16 42 46 51 30
27 39 36 19 39
27 57 41 27 46
28 8 2 20 9
29 57 52 55 47
6 9 37 54 1
35 42 27 59 42
23 48 7 49 35
20 35 58 58 34
12 50 51 60 35
6 9 40 9 39
25 47 21 45 43
7 32 37 53 55
6 33 60 19 12
47 58 21 41 2
24 21 41 23 24
17 59 2 55 10
34 54 52 27 57
47 42 5 40 41
4 39 50 3 48
56 22 16 40 59
20 31 29 5 18
58 28 46 9 29
52 34 51 2 38
15 52 11 17 55
29 10 29 47 4
16 40 31 21 39
23 17 38 35 40
51 13 8 54 39
9 34 46 55 45
33 1 20 14 44
12 60 33 6 27
41 51 4 5 21
9 12 19 34 47
12 47 49 59 40
27 29 49 48 3
12 6 33 5 54
53 27 39 8 41
15 1 38 59 11
1 13 4 43 23
39 40 10 39 5
57 42 38 29 27
29 3 2 57 57
18 44 6 12 39
32 43 12 52 20
40 34 7 26 45
43 17 31 13 54
39 37 19 52 58
22 45 33 36 55
57 6 36 49 1
9 55 31 36 60
43 50 15 9 5
41 38 20 4 18
12 7 26 32 53
23 12 45 28 55
46 15 51 5 38
22 49 5 46 11
31 34 48 12 47
36 36 7 53 38
24 57 37 15 6
8 28 56 1 37
23 24 57 30 17
34 54 16 7 55
47 12 47 11 27
11 42 59 21 42
5 11 29 6 48
46 19 11 43 20
12 36 49 20 31
21 20 30 56 12
22 46 46 50 18
45 30 44 27 15
28 26 42 15 5
23 5 28 22 18
34 30 28 10 49
2 11 26 41 6
55 3 37 41 47
15 29 15 29 38
2 57 23 16 34
23 1 6 3 33
1 4 5 41 6
22 54 5 41 29
9 36 57 16 21
46 33 44 12 20
2 55 3 14 9
36 7 32 19 26
27 43 57 4 16
33 29 26 57 49
1 24 3 32 22
4 43 40 27 14
43 29 3 20 54
33 25 49 44 38
2 55 45 42 8
1 18 56 38 38
46 19 35 36 49
26 51 38 58 21
23 49 35 56 15
34 21 5 30 54
16 55 30 14 28
40 46 4 54 25
19 12 5 17 47
15 4 21 2 3
41 50 56 24 40
43 47 48 19 27
55 37 38 48 34
20 34 19 25 21
28 11 7 33 60
39 40 36 8 28
5 16 9 12 54
38 56 52 7 31
53 8 34 44 45
45 49 35 47 34
21 3 22 36 23
37 16 57 32 34
3 14 56 12 32
45 27 46 12 34
54 24 21 56 28
48 52 17 35 36
17 20 47 41 40
47 10 34 30 50
35 9 59 3 58
55 47 35 48 54
6 6 53 60 20
16 44 2 30 32
17 20 45 57 48
33 42 7 50 55
9 56 24 57 16
26 55 50 3 53
31 29 40 31 23
57 32 33 38 10
5 29 27 27 44
15 19 54 8 54
18 36 37 57 14
37 17 40 60 44
48 51 58 37 28
36 18 58 35 6
29 26 7 25 24
33 29 55 41 3
42 54 8 43 18
20 53 1 54 16
7 45 17 31 39
20 37 37 51 45
15 12 11 48 51
21 57 27 28 39
49 14 35 21 23
10 28 50 56 36
11 36 2 27 32
45 2 60 31 55
22 40 23 17 10
13 8 58 55 22
7 54 44 2 18
27 38 17 59 6
57 10 10 54 45
56 38 59 17 46
52 41 15 18 21
44 25 3 48 21
7 37 22 53 16
38 26 11 11 9
34 10 9 22 36
32 19 43 44 44
1 48 19 13 10
53 12 9 23 11
13 33 9 2 34
30 30 31 53 1
5 45 25 58 27
4 31 14 45 8
48 19 52 35 7
47 40 28 26 55
29 6 42 37 4
6 20 42 23 10
32 1 54 36 27
6 17 46 33 30
45 26 8 39 42
18 21 14 50 14
8 35 8 7 11
31 34 1 30 56
30 48 26 2 17
55 26 13 17 50
56 31 1 41 40
50 9 29 20 9
14 26 29 22 41
11 31 12 55 51
45 26 29 9 12
15 39 15 46 7
3 49 9 23 22
26 17 38 38 39
13 4 50 39 4
33 31 56 7 39
51 34 10 22 58
42 20 58 50 37
37 30 18 55 36
5 12 7 36 33
60 55 27 9 59
15 36 28 37 7
29 19 58 42 20
2 59 21 42 45
39 12 36 5 44
37 45 13 41 23
57 7 34 52 27
43 28 41 44 19
5 53 31 20 46
24 27 57 12 57
25 59 2 1 26
25 30 25 45 21
9 2 1 12 45
56 58 44 17 41
14 42 56 45 37
34 19 7 2 13
30 14 6 2 12
29 14 9 40 10
32 27 46 55 38
20 21 46 46 28
33 29 44 12 11
16 48 53 19 23
20 57 27 46 15
52 57 40 28 43
29 1 38 19 11
22 52 52 23 42
7 50 44 40 29
57 56 7 38 5
37 6 11 59 20
52 8 46 35 32
2 38 38 13 1
39 25 44 19 29
8 25 20 36 10
25 40 44 50 24
53 10 29 60 33
41 34 60 26 27
53 31 10 46 18
5 7 10 49 56
16 19 55 4 51
37 23 1 6 35
27 11 23 58 42
41 7 57 47 9
29 21 28 50 12
13 57 35 45 45
22 8 46 51 13
30 6 3 34 49
4 57 56 9 8
54 37 14 40 46
52 36 28 17 43
26 6 40 23 44
60 24 49 51 19
27 47 48 21 21
29 42 33 36 59
48 6 39 4 59
27 13 9 19 51
43 47 40 4 2
31 30 7 48 22
23 21 41 47 34
56 47 6 10 19
42 14 47 6 27
4 12 56 34 25
55 34 28 46 43
42 54 42 45 16
2 7 18 50 53
54 46 32 35 18
30 15 28 40 38
19 17 57 57 3
55 45 1 52 52
8 10 32 30 25
13 29 50 19 1
28 18 52 26 37
23 29 22 58 20
30 17 28 37 29
11 46 54 38 4
12 38 54 1 17
47 48 19 60 20
23 13 35 54 13
37 36 48 10 46
52 35 19 29 12
26 40 39 30 27
52 21 7 38 31
5 28 38 55 15
28 12 17 17 33
34 8 54 20 42
23 20 28 9 51
48 37 5 54 32
53 38 25 38 5
37 16 17 45 20
38 42 25 52 27
15 7 3 4 10
37 17 33 13 47
31 15 23 15 8
1 3 21 47 13
24 48 24 30 56
24 34 44 30 58
44 51 48 44 18
60 4 57 48 8
11 19 55 13 14
58 38 54 26 58
2 8 13 40 59
47 3 36 53 52
16 50 26 58 4
6 20 41 20 19
7 16 60 22 55
27 14 33 26 26
57 40 12 8 42
39 1 17 22 56
52 17 2 40 30
43 27 34 16 23
54 51 55 45 10
29 55 24 41 20
21 47 40 43 13
15 10 2 11 41
4 24 43 59 58
10 10 49 53 45
26 55 60 22 28
4 7 43 30 50
17 38 11 39 52
50 27 16 33 9
33 38 37 53 21
52 20 49 57 14
56 34 11 51 31
37 12 59 14 5
35 5 33 44 13
41 43 36 30 6
21 24 16 27 52
45 8 20 9 60
48 57 44 40 40
30 39 20 54 8
44 29 11 35 3
18 48 2 32 57
20 26 57 51 56
31 10 33 51 9
19 23 56 44 48
55 26 52 17 4
14 25 43 47 30
19 30 17 56 49
19 29 9 22 55
14 60 53 14 32
12 22 45 4 55
14 29 9 4 16
14 8 14 20 55
39 34 23 5 26
53 51 37 7 49
47 40 14 34 22
16 43 29 7 60
28 43 49 51 22
45 13 26 60 56
39 32 29 22 8
33 18 26 20 49
14 24 23 7 32
14 56 42 58 20
47 59 12 33 39
13 37 52 53 1
22 27 30 44 7
43 34 13 34 28
47 11 22 14 17
53 8 58 9 7
43 46 15 15 20
45 21 35 60 40
31 56 12 30 41
31 42 24 5 30
27 54 3 18 19
53 44 10 3 50
48 36 19 6 34
44 30 9 56 30
46 6 48 39 18
7 15 38 47 53
40 6 5 48 3
16 42 2 2 14
9 34 4 45 41
24 46 12 19 48
36 32 21 6 17
22 35 41 51 57
1 3 10 23 50
44 27 25 8 34
19 6 58 48 16
57 24 40 36 10
44 49 3 28 2
34 55 6 46 49
40 38 28 4 57
44 40 17 2 44
32 57 49 24 33
57 24 6 9 46
51 32 22 19 6
19 23 41 15 7
11 10 5 6 45
28 13 15 39 47
41 51 2 24 39
9 3 18 8 23
50 2 25 2 2
5 41 45 27 37
34 21 6 9 43
13 32 52 45 49
31 36 48 44 13
4 32 3 42 31
34 26 49 25 10
36 45 14 9 27
6 43 12 57 59
40 43 52 30 20
36 54 29 49 60
48 38 53 4 12
12 34 8 31 4
26 49 37 27 25
57 57 32 22 29
43 4 14 52 16
43 44 24 31 58
27 50 21 20 30
22 49 8 37 30
6 18 30 45 39
55 15 48 46 20
33 12 31 41 20
47 38 49 42 58
41 17 3 5 23
6 24 18 60 14
38 54 23 3 13
26 17 11 23 54
39 17 35 57 29
50 59 12 8 20
26 23 19 33 34
22 18 6 48 51
31 24 56 51 15
3 2 16 23 13
18 14 20 6 53
57 44 27 23 18
5 16 4 17 36
44 13 12 31 42
12 6 26 28 15
26 47 32 9 48
55 7 32 39 31
7 3 55 13 49
21 17 34 51 10
31 46 20 36 21
24 36 48 56 51
52 18 33 26 51
50 45 59 46 32
15 29 30 10 27
42 8 58 43 34
15 50 53 7 18
40 47 21 58 35
15 44 32 1 23
13 57 13 21 57
23 35 42 30 55
55 27 12 54 53
26 54 33 53 25
10 18 42 53 15
33 20 35 1 23
19 3 50 1 17
37 36 34 12 35
2 5 51 19 27
10 16 17 22 21
48 60 27 43 9
43 23 9 56 15
60 49 60 20 25
40 37 24 3 11
58 2 50 49 50
5 44 47 60 31
51 47 40 7 32
37 3 57 28 5
14 21 13 9 47
20 58 55 32 5
5 9 20 59 44
55 27 8 36 30
11 7 52 59 32
41 20 53 39 9
55 17 5 43 12
45 55 34 24 26
50 30 55 10 8
13 12 8 34 44
37 42 50 40 45
13 29 45 31 47
58 39 42 46 41
37 24 41 11 13
45 30 34 33 52
36 48 29 60 54
14 44 41 34 19
60 7 38 22 45
27 34 52 11 17
6 27 21 39 55
35 38 33 58 58
57 45 13 28 41
5 45 21 43 57
20 31 47 18 56
20 19 17 31 23
15 37 48 26 54
50 49 25 2 24
27 25 8 50 9
29 54 27 22 25
52 2 44 27 9
3 11 4 60 5
21 23 26 30 39
43 13 31 24 32
37 21 48 13 12
26 34 2 36 38
60 2 2 42 17
27 12 40 60 50
53 7 4 21 10
34 37 27 2 58
47 51 15 57 45
44 38 52 27 49
6 59 25 23 27
59 10 49 42 56
13 20 19 53 28
8 49 52 37 50
44 59 21 51 13
31 15 51 29 22
52 18 8 11 28
57 10 48 34 11
1 28 59 46 51
4 16 31 45 12
52 7 30 47 28
55 6 23 57 35
37 9 40 59 39
24 29 20 52 59
49 21 36 18 21
33 25 39 46 36
26 58 60 21 59
5 16 23 15 14
