500 10
38 24 11 14 58 2 58 27 54 44
16 9 57 16 44 29 55 55 54 1
6 24 42 41 19 31 19 46 34 6
48 50 28 48 18 54 19 59 22 49
11 21 41 3 31 53 33 25 7 17
20 40 35 33 3 4 52 48 26 54
41 14 56 26 51 37 4 45 15 56
15 55 42 51 3 10 8 54 7 14
30 3 54 38 5 57 23 53 11 19
10 10 37 37 45 59 15 50 7 56
59 21 23 53 16 5 51 51 39 38
39 39 20 58 6 27 9 34 1 54
40 41 26 22 20 16 58 58 37 2
35 25 16 28 13 17 29 53 39 25
34 3 31 27 8 11 38 57 35 30
11 17 34 35 4 59 33 20 29 40
26 60 1 53 51 5 53 12 28 15
60 19 54 58 28 14 45 7 15 22
56 59 37 48 48 8 25 7 30 58
34 11 35 44 24 7 31 49 21 33
58 21 31 9 4 44 24 3 5 23
51 11 14 7 48 17 53 55 15 44
18 55 30 47 26 36 29 41 26 14
27 60 24 42 51 5 50 31 10 10
20 51 28 60 52 47 60 44 34 54
16 56 6 45 37 46 6 31 24 59
10 54 46 45 42 48 17 39 52 19
23 13 1 35 54 16 16 48 6 28
31 26 32 57 45 44 48 58 45 50
40 5 4 8 18 55 11 39 18 19
42 7 44 60 34 17 18 51 42 47
17 58 32 9 7 10 45 30 48 48
20 35 6 58 26 50 23 8 35 20
45 55 44 45 34 7 60 35 17 31
59 11 30 9 49 15 11 24 41 27
42 30 36 12 45 6 40 1 39 12
17 28 11 6 39 44 56 13 35 25
37 42 27 12 3 35 55 33 2 41
10 48 33 17 47 53 56 51 21 6
53 54 37 53 14 5 27 18 24 33
8 13 56 21 6 53 11 11 22 38
42 27 10 15 4 7 30 38 52 56
48 13 38 44 28 60 52 2 11 58
27 10 38 57 60 52 25 40 57 9
50 12 9 54 7 55 5 22 30 60
55 27 11 26 27 53 26 15 6 52
32 56 6 52 33 14 26 19 29 45
18 39 26 27 60 59 36 43 39 53
8 30 15 35 12 13 42 14 38 52
25 27 6 10 49 37 58 40 45 36
25 21 16 28 50 40 11 3 30 41
7 49 18 25 24 36 37 38 31 18
4 55 38 9 47 41 42 5 24 23
17 14 21 33 20 5 12 5 43 51
35 26 53 42 9 52 13 26 54 20
24 46 27 3 27 59 26 53 41 9
13 25 58 58 58 22 54 13 52 44
28 29 43 17 60 29 5 18 49 11
29 46 10 31 50 54 13 3 56 5
37 12 56 57 23 55 54 47 58 51
51 38 36 49 41 19 8 12 60 10
47 12 34 38 53 46 32 18 17 58
27 37 55 14 6 37 24 5 19 2
7 4 10 43 60 45 15 6 17 47
25 16 28 52 41 30 9 37 17 17
34 29 26 16 44 24 55 18 22 47
30 59 36 24 30 54 39 48 35 17
45 6 17 19 19 23 56 51 20 4
51 3 53 11 17 23 30 36 58 42
35 50 8 12 36 1 5 28 59 10
11 54 15 22 36 39 22 45 54 5
39 27 31 54 8 7 52 59 29 30
46 12 19 39 4 25 10 30 53 54
52 45 3 51 30 60 35 25 60 28
1 49 14 49 7 7 5 46 11 46
53 29 20 59 19 11 15 53 37 53
40 19 14 5 2 37 51 18 60 55
53 53 22 22 36 11 7 12 34 29
29 23 44 11 46 19 27 7 53 7
6 53 5 54 31 19 55 46 32 34
54 32 25 4 45 10 6 30 54 40
42 48 4 25 39 19 20 21 13 52
30 24 2 42 40 60 29 41 16 4
53 22 8 3 34 40 29 34 23 45
40 49 3 22 29 44 24 8 11 55
1 5 31 39 31 48 40 60 14 55
9 34 36 37 26 21 33 31 52 36
18 44 37 7 27 10 24 16 22 39
18 31 29 43 15 58 8 57 19 29
50 33 1 8 13 8 59 23 19 45
49 34 4 46 35 9 8 21 7 26
58 36 40 4 9 59 57 59 12 19
21 20 50 3 33 2 37 60 21 7
22 29 32 59 55 9 27 14 59 10
6 50 6 23 4 18 60 6 2 4
21 26 50 3 14 38 29 57 18 8
8 8 9 3 27 30 9 41 14 10
36 16 37 50 37 14 10 52 31 12
53 26 53 57 17 57 58 27 20 22
35 4 53 2 32 26 44 14 59 11
8 12 30 17 55 59 47 44 2 14
47 40 23 49 57 18 15 18 11 37
7 11 16 27 27 18 3 12 39 17
48 48 43 50 46 37 43 2 29 39
7 11 56 10 14 33 26 51 53 57
12 5 6 10 46 60 18 10 10 54
1 12 60 12 53 24 36 52 15 11
29 7 51 14 16 39 41 52 8 57
11 24 33 24 43 52 19 5 56 53
14 33 43 10 58 7 54 54 7 13
8 57 6 12 58 37 23 45 35 24
46 11 8 16 1 41 33 16 46 14
23 11 23 15 6 21 40 15 6 56
28 19 28 60 37 37 28 53 22 7
50 26 28 58 22 43 39 37 41 45
29 8 55 36 37 29 12 52 17 54
20 39 29 35 51 9 60 15 27 58
55 30 16 37 37 31 59 1 34 7
50 29 22 42 6 11 42 60 52 36
4 37 29 52 40 42 49 23 14 54
44 18 18 60 24 29 7 52 35 48
24 54 47 36 37 3 14 20 12 28
29 58 59 9 27 45 45 53 41 52
21 49 37 10 10 40 43 48 35 4
52 25 3 59 58 6 17 39 57 54
60 32 42 42 50 14 13 42 30 29
58 47 40 56 47 23 59 27 53 50
45 8 49 24 10 14 43 31 58 39
10 35 53 59 37 46 5 12 8 49
19 20 59 44 45 16 52 5 18 35
20 45 52 52 19 55 36 46 11 31
5 26 16 16 4 32 49 7 45 37
16 3 39 38 12 44 7 20 30 18
30 53 25 27 30 45 55 21 43 49
52 20 55 34 39 5 7 14 25 20
24 43 32 55 20 12 51 48 45 11
47 53 12 14 9 9 42 36 41 53
22 28 18 40 22 20 55 22 39 32
15 33 26 30 39 59 2 5 1 16
3 9 31 9 53 28 8 35 56 35
4 11 29 56 41 57 44 51 28 47
57 13 55 6 32 51 40 40 43 55
2 53 29 11 14 20 30 15 20 25
44 20 1 45 59 22 11 56 55 12
49 37 5 2 21 27 53 21 45 11
30 9 31 44 12 9 29 20 53 17
57 31 49 14 6 55 53 38 18 54
43 8 35 34 47 9 13 31 27 21
46 8 37 37 5 55 48 33 32 23
56 31 12 38 50 37 28 3 12 56
15 48 41 10 60 39 45 28 36 26
14 22 16 30 56 20 59 50 19 39
4 24 40 32 40 40 1 43 16 28
42 19 47 21 47 37 22 22 36 45
24 40 45 32 39 6 5 48 6 17
25 4 38 54 27 24 35 60 53 14
28 5 40 51 44 35 10 25 21 50
23 11 12 45 18 46 2 30 48 51
31 14 14 14 60 43 39 42 58 49
22 57 9 23 32 43 46 15 20 45
59 24 22 27 32 46 47 47 13 20
35 8 31 34 11 35 34 11 32 35
7 14 17 53 37 34 12 53 4 40
33 20 24 51 46 5 41 48 29 55
24 47 1 27 53 7 27 10 25 49
29 51 37 5 49 1 34 36 5 32
38 35 55 30 55 46 4 35 40 21
16 37 26 9 39 5 9 19 2 11
44 26 42 16 24 19 24 9 24 1
50 13 51 37 18 31 28 21 51 35
3 30 22 13 34 1 50 51 18 19
25 48 40 37 19 47 20 42 38 46
21 50 45 20 36 11 8 7 4 60
36 14 16 31 54 24 25 52 43 37
36 29 43 28 4 43 32 9 42 40
35 15 23 36 41 43 31 38 2 26
54 60 5 18 22 8 6 57 21 19
43 57 10 12 43 3 14 55 1 18
43 46 21 35 5 11 58 27 56 28
52 40 35 5 8 31 29 8 14 46
54 43 60 45 43 18 8 30 28 59
43 46 42 11 39 48 30 23 24 7
41 49 37 29 60 13 27 35 43 58
56 49 18 25 10 53 52 41 41 9
23 26 40 53 10 34 39 58 59 16
32 1 58 34 4 15 9 11 47 19
13 24 7 53 57 9 46 22 3 6
11 48 45 2 11 5 34 36 37 54
35 50 21 15 48 15 15 40 3 30
48 43 53 29 53 36 18 2 17 20
13 22 50 14 19 17 14 44 42 17
21 15 24 25 15 45 19 39 23 46
1 60 35 8 43 49 36 41 40 42
2 5 20 35 6 9 43 22 54 45
40 23 49 15 45 51 48 8 15 6
32 41 20 4 35 22 17 23 26 8
52 21 32 38 8 46 52 53 29 43
48 34 43 16 19 50 38 2 27 39
11 11 20 21 46 44 52 49 59 9
53 57 24 50 39 50 54 18 1 3
17 4 22 30 5 60 59 39 26 9
42 14 37 50 2 9 15 5 41 33
3 30 10 2 56 50 8 20 18 7
9 42 52 17 10 14 17 21 2 28
48 14 46 13 32 26 51 20 5 10
27 48 22 52 5 51 34 13 49 4
47 50 18 35 53 7 58 56 15 40
12 43 55 35 45 31 33 26 19 4
6 20 55 4 47 38 5 49 8 41
24 5 59 45 47 8 3 48 30 35
42 28 25 54 2 35 20 33 25 14
28 22 59 42 55 50 59 46 8 56
46 30 50 54 21 36 16 40 19 20
2 19 38 45 24 16 3 16 36 50
30 39 30 22 32 7 53 28 4 19
43 17 23 41 11 10 49 19 44 5
54 36 6 34 15 1 14 9 50 13
1 14 56 22 58 37 12 44 7 56
6 9 40 34 33 22 30 12 40 35
21 58 28 36 31 36 47 4 53 59
3 31 31 21 4 39 21 7 44 36
18 45 16 7 12 36 57 10 50 58
22 53 37 42 11 40 9 49 55 44
22 38 27 48 5 21 40 21 22 60
7 54 42 42 8 56 59 25 46 19
20 13 6 2 30 47 24 29 17 33
21 5 47 45 4 52 50 32 32 11
45 28 15 12 36 5 55 27 17 21
28 51 18 47 36 42 52 1 7 5
48 30 33 6 60 6 16 25 37 6
41 15 17 22 15 57 2 28 57 59
41 29 39 12 49 33 17 28 12 18
58 7 54 48 46 47 19 10 51 12
26 55 12 43 48 27 52 29 30 40
43 59 35 52 19 19 14 20 44 16
44 14 20 47 41 45 36 34 41 28
19 12 59 13 33 37 3 41 25 59
36 21 48 13 12 44 13 3 43 56
46 43 10 34 37 22 18 34 24 21
51 18 6 45 52 15 12 23 23 35
54 33 40 57 2 47 50 24 10 12
33 34 29 12 14 48 29 25 35 48
50 41 19 59 40 50 45 30 60 44
5 39 55 21 27 26 21 31 25 36
20 15 32 11 13 15 37 11 20 13
44 53 16 13 46 36 17 27 12 46
31 55 15 47 29 11 21 54 46 29
30 18 49 18 5 51 56 43 7 40
12 50 57 27 13 19 34 52 26 32
14 42 15 45 7 36 46 24 29 18
3 46 53 22 28 60 9 46 31 47
46 5 14 40 39 53 16 55 32 37
24 25 32 24 55 57 53 1 34 39
26 43 18 52 1 2 32 38 30 2
12 27 44 19 48 24 45 25 2 7
54 51 22 48 10 40 28 20 42 39
19 40 1 27 52 23 15 20 18 24
28 19 3 33 49 54 57 30 47 27
60 23 34 60 29 51 28 49 31 24
5 14 17 36 21 3 1 58 10 43
57 20 34 32 7 43 24 19 1 12
56 45 47 49 19 46 38 43 27 52
50 19 42 53 3 49 50 13 11 43
4 59 43 38 11 13 13 2 1 6
16 17 6 47 5 51 59 50 27 3
7 33 15 15 41 51 17 56 1 16
6 50 34 50 44 57 39 49 2 55
45 26 34 14 58 8 1 16 60 5
55 15 39 60 34 2 13 35 18 25
48 27 41 42 52 27 16 51 51 2
58 19 37 8 47 32 60 28 60 18
38 47 19 38 31 38 4 16 24 7
17 40 31 29 20 28 42 52 50 15
38 54 13 28 20 37 47 16 26 25
52 10 2 9 27 23 35 41 3 39
30 29 10 22 9 6 44 7 26 52
48 16 30 21 33 31 58 21 50 40
36 23 38 33 10 42 30 54 46 29
28 16 26 30 9 53 3 39 13 4
27 59 58 38 4 59 37 45 26 35
20 31 31 35 29 31 10 55 55 2
33 29 10 47 27 9 59 41 57 30
58 6 47 18 44 23 9 59 50 59
19 50 8 36 24 32 30 11 14 31
5 54 9 43 25 6 18 38 13 51
59 7 35 24 2 19 1 53 24 11
24 8 57 54 32 39 51 44 43 57
39 31 15 35 58 27 34 21 14 34
21 57 42 50 46 55 44 11 34 34
43 25 3 19 51 5 11 33 10 43
27 2 31 1 24 35 30 22 24 50
58 51 54 19 60 32 50 53 46 37
32 10 8 55 19 28 48 33 9 34
6 30 29 14 32 1 45 9 19 54
53 11 54 55 39 44 34 51 17 50
39 47 32 14 47 28 43 57 37 16
55 60 23 27 54 58 10 22 16 35
25 43 48 36 48 33 44 49 9 59
55 1 1 57 59 8 31 53 15 39
19 58 3 26 12 58 25 29 10 45
28 11 21 19 51 13 6 38 22 17
35 31 60 45 50 52 33 26 54 12
42 17 3 49 21 16 43 41 1 20
50 60 37 29 46 25 23 3 39 19
46 37 24 48 44 33 18 53 33 33
33 27 8 4 7 33 40 16 24 11
7 46 25 22 1 7 60 51 4 33
9 44 47 53 55 51 30 31 8 11
41 42 42 17 30 22 4 13 6 43
48 57 45 24 28 45 41 56 41 24
18 52 4 7 49 2 14 1 12 59
47 16 15 43 48 28 55 8 1 9
53 19 13 4 27 12 14 1 49 32
31 56 8 54 20 13 55 20 33 36
39 5 6 13 29 46 47 58 49 60
36 49 36 45 33 53 21 43 50 48
40 46 19 7 5 30 9 19 12 9
54 35 52 58 51 17 55 55 45 6
36 60 59 19 2 59 5 5 43 45
32 34 53 55 45 54 58 20 3 8
53 45 15 43 16 45 58 14 3 44
21 44 59 19 43 31 33 28 37 59
5 13 58 30 20 20 36 54 54 38
54 46 30 30 11 24 45 46 26 48
25 2 7 2 5 3 60 28 20 60
38 32 35 27 4 53 52 3 20 12
2 14 7 59 17 44 38 35 31 54
29 34 24 49 4 39 8 6 11 16
34 6 14 47 43 27 40 28 10 13
47 52 9 8 8 21 29 24 7 3
56 27 38 39 52 55 58 9 32 4
49 12 21 44 10 33 33 21 37 1
9 15 14 26 17 33 37 51 8 27
43 50 42 6 47 1 16 39 22 57
57 57 24 3 23 41 55 44 14 55
48 60 45 35 16 19 44 23 50 23
16 59 20 35 58 6 16 26 6 20
42 6 10 43 10 57 26 13 12 35
7 37 5 1 30 14 24 42 22 33
9 30 20 1 4 25 36 54 4 41
36 19 20 55 59 30 53 10 4 8
16 7 12 18 23 25 27 37 22 32
4 34 21 21 26 54 20 12 15 39
34 40 31 5 41 9 21 34 32 29
24 23 27 60 27 30 3 57 19 1
35 12 12 26 21 33 42 26 7 58
4 16 32 49 24 44 3 45 21 22
14 30 45 14 15 26 28 24 60 47
44 54 34 57 47 33 58 44 1 5
16 11 22 22 13 54 50 6 22 3
13 47 25 17 49 20 53 10 36 49
26 37 14 46 12 12 14 3 3 6
46 59 38 47 37 3 41 20 5 11
35 19 29 46 47 14 50 12 37 39
51 8 37 26 20 22 39 60 20 53
9 11 35 24 33 54 31 52 2 3
12 8 36 13 24 48 60 43 46 56
41 33 48 54 30 28 16 16 44 27
44 44 21 10 8 6 47 60 13 10
20 16 39 32 22 22 35 60 46 14
15 30 20 35 24 57 35 52 6 44
13 5 12 5 59 24 42 54 24 60
31 38 15 39 3 39 14 5 2 21
59 35 60 49 54 59 59 28 36 47
23 1 28 7 31 7 1 38 50 23
38 29 23 10 43 30 8 40 15 8
26 31 41 55 32 39 37 42 45 47
50 43 50 3 13 12 35 33 1 28
41 1 43 28 6 57 19 20 45 22
11 8 53 9 9 37 42 15 23 36
12 57 6 26 19 53 13 57 35 15
51 60 12 35 34 15 60 39 17 15
53 46 45 33 18 30 17 46 46 2
23 5 13 39 50 29 19 43 1 42
56 21 8 12 53 54 37 33 45 34
11 24 15 4 8 3 31 20 20 33
21 47 18 7 37 11 34 34 38 27
2 8 45 34 10 15 8 44 3 58
8 41 59 41 54 56 8 55 18 2
46 20 7 38 43 32 7 58 15 36
17 48 11 42 17 18 52 53 12 22
24 60 16 13 56 12 7 56 4 25
29 59 60 15 24 35 37 12 17 10
23 31 19 4 5 57 49 55 23 9
19 19 10 6 12 1 45 12 41 6
17 18 6 21 5 8 32 24 30 37
11 28 14 33 34 35 28 37 4 20
30 9 25 28 7 47 59 59 47 58
37 37 37 39 43 31 26 36 10 13
6 2 15 50 41 47 46 3 20 40
12 52 6 56 59 14 16 26 18 34
59 6 23 33 50 41 53 23 46 32
34 38 4 46 36 52 46 59 44 38
53 56 31 47 23 53 49 30 21 14
33 16 14 37 17 35 8 58 25 17
20 34 41 25 2 8 5 40 40 9
37 40 16 23 42 10 60 7 6 9
18 19 32 15 32 12 30 26 42 11
48 8 35 7 32 12 15 44 51 7
26 58 53 16 55 15 21 3 7 34
48 21 1 35 12 51 23 31 53 17
35 15 52 32 45 7 58 54 14 53
51 54 16 54 51 1 24 44 11 45
43 13 18 7 30 36 13 47 12 51
41 59 59 59 56 33 1 46 42 58
44 12 47 29 41 26 32 29 19 50
47 21 57 4 54 58 19 19 27 16
2 1 13 10 19 45 2 9 44 11
14 35 25 60 54 9 34 44 28 13
30 15 56 50 33 37 5 1 55 14
43 60 26 51 30 42 25 39 55 33
5 19 19 57 12 6 51 1 21 24
15 52 20 52 23 53 40 30 18 56
55 22 17 23 30 5 45 4 15 8
3 51 10 44 28 34 20 7 51 60
45 6 50 53 59 18 42 25 34 4
38 57 29 34 7 12 55 44 12 8
15 22 8 41 10 44 18 60 8 27
60 42 27 31 51 29 52 6 14 28
48 56 49 52 43 31 26 46 8 41
25 24 22 37 12 2 36 26 6 49
32 40 53 4 13 3 49 4 40 8
51 55 5 46 1 47 24 46 1 15
53 22 33 40 27 13 55 24 56 31
16 59 15 53 38 34 50 3 8 2
23 37 7 52 9 37 12 57 24 53
2 60 40 49 37 46 18 47 21 36
41 5 60 16 30 29 59 46 25 51
24 9 45 5 58 20 59 60 27 3
45 26 7 32 29 27 6 14 58 55
40 53 23 2 12 19 4 32 31 21
6 57 57 35 54 43 54 23 33 42
41 46 40 56 4 12 16 10 30 37
19 45 6 49 45 7 3 38 58 23
49 3 56 50 57 31 34 60 37 24
19 38 55 48 49 32 52 12 42 9
1 15 25 35 43 33 34 38 54 41
53 55 9 10 27 34 57 54 50 13
35 31 24 24 58 1 22 44 41 36
23 17 14 7 41 47 33 29 51 3
17 42 21 50 59 19 10 51 16 4
58 57 48 20 59 38 56 6 59 45
55 23 23 18 50 43 31 16 50 57
25 5 42 50 17 32 43 11 2 32
51 22 16 15 31 13 30 56 51 36
54 34 3 52 57 43 16 33 11 37
26 26 11 2 8 24 10 32 10 11
34 9 1 18 50 9 40 58 55 9
45 12 18 13 33 26 39 54 30 55
46 59 29 50 56 16 37 14 19 35
34 45 25 34 41 27 47 4 41 6
45 10 38 3 60 25 18 43 22 26
3 20 5 44 16 1 27 35 44 53
12 8 54 28 28 28 49 51 6 6
26 38 40 32 51 6 31 10 36 26
19 44 27 35 22 35 28 31 50 46
14 18 52 24 8 28 27 57 35 41
46 7 5 30 44 51 11 28 18 43
2 6 55 35 26 52 10 43 50 22
32 47 59 15 24 34 6 55 7 36
36 46 50 6 12 60 49 51 25 55
8 32 29 52 18 13 25 9 54 48
57 30 24 3 59 14 50 23 33 50
34 37 6 9 27 60 57 29 59 24
50 56 54 26 6 56 4 47 43 30
19 54 34 38 30 13 18 34 42 59
17 57 8 59 37 24 50 47 36 49
34 32 52 13 46 17 9 22 17 46
36 40 2 22 26 26 45 48 26 27
23 37 55 1 3 8 10 21 9 47
40 42 4 23 55 28 27 42 10 53
34 32 24 42 8 6 15 6 8 1
19 50 4 13 30 11 26 15 1 8
3 29 33 40 14 8 34 17 22 25
32 6 28 49 47 42 4 10 55 48
47 43 38 34 29 34 13 24 14 54
1 37 26 45 23 1 50 41 20 30
51 41 33 46 30 4 34 21 35 22
34 5 31 50 14 50 45 46 6 44
9 32 43 28 58 57 37 29 37 56
23 44 15 8 43 44 60 6 35 3
33 25 47 21 15 18 32 9 45 28
32 21 60 50 42 37 43 16 48 26
1 11 21 35 25 16 36 4 58 51
49 29 50 37 42 52 20 10 41 49
9 47 23 19 3 50 36 4 14 58
20 28 18 35 43 33 19 31 13 58
57 9 34 50 22 55 10 13 16 39
26 4 1 13 24 10 8 16 7 32
25 50 47 30 21 16 27 40 5 17
9 28 60 57 7 7 27 2 32 50
42 6 6 2 5 33 56 15 48 42
8 36 19 34 53 15 7 37 22 50
40 18 8 17 27 26 57 57 17 46
22 57 24 5 27 26 41 24 38 39
55 31 19 22 36 45 7 21 36 10
8 49 19 19 33 11 37 44 36 16
3 59 59 28 36 3 27 7 5 44
58 15 37 30 30 51 47 23 9 1
19 54 32 26 25 40 3 51 3 46
