500 5
38 30 60 14 36
13 21 39 49 53
5 10 49 52 14
21 42 52 7 6
33 38 49 13 36
7 56 59 5 30
34 43 6 27 54
26 14 59 23 45
7 7 54 40 47
24 53 57 12 47
8 40 24 44 41
22 1 21 24 56
12 18 30 49 35
52 37 55 56 5
49 55 32 2 14
50 52 44 42 52
19 6 11 35 26
45 57 35 57 2
3 32 34 59 16
13 48 8 49 45
7 30 3 54 4
35 18 40 56 30
20 18 34 2 28
58 26 30 31 27
36 55 49 51 2
11 22 21 33 13
24 16 29 34 58
57 27 36 25 45
34 47 46 11 60
54 8 41 28 53
30 18 38 6 54
30 37 18 49 26
4 7 22 26 34
56 11 15 40 36
22 14 18 38 10
45 41 3 4 37
20 46 24 33 37
19 52 36 2 31
52 23 54 40 23
17 17 22 56 49
19 30 15 2 11
40 25 5 32 7
51 11 51 6 41
22 32 31 47 24
26 55 28 35 48
4 34 13 8 60
59 28 21 54 8
16 30 60 50 57
31 55 48 54 44
38 50 44 49 57
33 15 2 6 54
45 25 26 17 47
44 22 21 46 38
25 49 11 13 45
2 35 6 57 52
1 43 12 38 1
42 36 1 50 51
39 27 6 23 59
59 11 32 31 40
25 10 17 38 4
29 37 19 4 11
6 46 60 44 2
17 11 41 36 29
48 46 56 36 56
16 22 15 39 4
25 14 59 9 20
28 32 55 43 55
32 11 47 25 51
60 59 55 19 21
36 51 35 34 13
31 58 1 42 6
44 7 53 57 23
56 11 4 45 4
40 51 59 11 47
33 57 29 19 40
50 16 47 38 45
22 22 1 10 43
2 51 16 52 21
40 47 17 52 21
13 13 28 2 7
1 10 15 25 9
10 17 3 19 6
44 39 50 4 2
12 32 38 55 43
50 28 53 10 31
59 58 9 11 3
4 16 9 9 39
2 41 43 2 12
44 30 12 21 32
29 18 30 30 44
51 23 36 40 10
43 41 33 6 58
19 4 58 21 54
53 60 20 40 53
17 45 45 4 23
36 43 55 57 13
19 41 50 53 30
52 2 40 41 8
47 3 35 38 17
59 40 14 16 5
24 40 27 23 48
3 39 53 3 52
14 42 15 30 52
46 40 11 46 6
11 33 33 41 31
20 39 8 44 49
43 59 37 44 24
15 15 8 29 57
17 28 52 52 35
6 34 8 19 18
32 1 13 4 18
34 37 60 39 4
11 46 1 4 20
16 57 36 52 37
53 7 7 20 2
51 55 50 25 17
10 53 19 1 14
8 43 2 3 24
27 22 15 17 28
53 56 5 11 57
48 37 12 3 18
51 19 33 44 45
31 25 29 16 9
10 37 20 48 38
45 17 42 3 44
51 13 52 56 41
1 24 27 19 54
14 5 42 34 53
59 30 33 48 38
45 35 14 37 29
54 8 26 15 28
40 39 15 47 41
31 12 4 15 57
34 26 44 33 18
10 60 11 21 8
46 21 1 21 24
25 16 13 12 10
48 49 16 4 51
6 39 37 46 11
55 6 34 10 35
47 21 39 44 55
42 50 26 57 15
60 34 32 11 29
49 35 19 60 16
56 46 21 15 11
44 44 57 15 40
18 52 48 7 59
29 18 45 50 28
28 57 24 48 49
10 39 29 9 8
30 56 46 8 12
28 14 17 15 12
21 17 34 10 34
1 34 53 42 6
34 11 34 33 35
33 7 45 60 21
56 24 4 15 7
35 19 6 2 56
23 27 58 16 27
39 56 43 26 31
6 11 45 29 6
31 18 38 34 46
31 48 37 6 15
4 29 11 9 29
56 47 11 57 59
47 11 23 2 46
59 48 15 40 16
1 8 28 1 56
1 24 20 38 5
52 3 45 9 37
43 46 17 20 29
3 20 46 60 13
51 4 20 59 16
25 29 34 1 17
12 13 6 35 30
42 9 13 21 32
15 17 41 15 27
32 46 46 46 47
49 17 25 1 57
7 24 31 30 58
50 35 23 22 56
55 1 42 40 51
4 17 1 13 25
2 25 20 9 20
18 3 20 38 44
15 23 53 5 29
37 59 3 48 13
9 24 5 45 12
54 7 26 43 50
10 28 6 18 8
41 57 11 59 52
18 11 26 58 17
18 4 22 49 19
35 21 44 57 29
55 47 45 55 26
41 9 29 48 36
15 15 43 3 10
8 9 24 5 17
10 47 29 5 47
17 4 8 30 12
22 3 26 20 48
22 31 9 17 6
17 56 18 12 47
59 16 49 9 43
41 60 50 44 53
31 31 9 54 50
7 17 45 58 60
52 25 57 59 2
5 10 36 25 30
15 44 12 6 45
34 4 12 57 32
19 53 46 30 37
45 52 11 1 29
25 25 50 59 56
40 37 33 46 26
1 58 31 9 6
1 13 2 35 39
22 25 23 13 31
29 30 20 50 21
30 49 21 31 3
11 31 43 6 24
43 50 46 22 49
42 39 46 10 27
1 3 57 29 43
16 35 40 59 4
3 35 2 60 23
3 47 4 54 51
57 41 36 48 19
44 17 11 57 1
17 28 22 57 45
33 60 28 2 11
39 57 3 25 58
52 38 48 48 14
45 38 48 42 46
31 41 54 28 4
20 51 50 9 38
22 12 56 34 37
30 11 32 42 14
43 17 32 18 50
32 60 52 52 20
10 47 19 27 41
14 43 31 15 19
19 3 6 40 11
54 8 2 46 28
15 18 27 11 26
29 37 23 59 10
15 15 15 14 42
3 47 23 4 12
50 14 30 57 60
35 21 31 3 37
9 9 41 17 41
6 49 46 14 23
57 57 2 43 20
50 50 20 43 53
3 42 35 9 29
4 22 7 11 16
58 11 31 12 26
21 22 19 4 60
32 35 17 28 31
48 17 53 25 56
48 15 16 17 45
49 34 58 11 52
7 40 47 60 2
25 28 58 48 55
45 32 49 2 53
53 37 24 29 31
28 7 4 39 14
52 11 5 20 41
43 41 20 30 29
35 32 40 23 44
43 30 49 10 15
47 16 14 36 2
59 28 31 26 49
7 6 31 32 46
43 25 43 40 45
1 48 40 45 11
9 9 6 29 20
35 53 48 43 45
46 30 12 53 46
6 50 40 26 44
50 43 37 39 41
3 24 44 29 26
52 19 11 21 19
50 53 24 1 9
6 58 25 7 26
51 59 26 56 13
9 8 25 21 58
7 19 5 46 44
50 59 58 30 60
50 40 4 51 24
47 21 42 56 56
54 39 20 33 29
42 1 41 6 31
46 20 54 19 27
23 25 15 41 52
1 24 52 7 8
8 5 41 1 47
24 48 27 3 22
9 31 36 11 30
32 53 57 19 47
32 53 45 60 48
5 34 19 47 8
47 41 15 52 14
29 35 45 18 19
5 56 43 51 44
17 18 3 4 52
30 37 17 31 56
17 57 26 4 12
43 31 59 52 23
36 9 52 55 56
2 60 35 54 48
42 38 10 10 34
19 27 19 39 4
46 21 5 8 34
26 4 40 60 21
12 57 38 22 13
41 27 45 58 23
51 39 55 19 60
14 9 18 32 12
58 32 54 34 18
33 56 54 21 28
17 22 34 9 10
44 13 46 34 55
50 19 51 8 22
58 2 10 10 58
44 10 32 44 25
5 28 60 13 3
5 41 57 53 49
49 4 20 20 44
8 52 59 44 37
55 12 9 2 52
24 39 17 6 39
29 59 4 20 25
17 17 50 30 39
9 46 52 4 18
52 12 28 60 20
47 17 25 59 25
2 51 49 13 17
54 43 42 16 21
46 59 38 20 43
4 25 49 2 24
54 6 12 6 14
34 46 45 54 40
36 17 43 59 42
22 7 27 25 23
34 21 59 34 33
42 21 58 37 25
30 11 18 28 37
2 59 35 13 36
31 19 19 31 54
29 45 59 45 5
46 52 22 56 38
54 28 39 35 29
4 9 42 57 41
21 4 36 14 19
38 22 43 48 7
44 27 28 39 47
59 50 6 57 34
55 6 11 9 45
3 6 17 34 28
35 28 28 21 32
11 52 17 46 50
46 21 4 58 59
22 3 32 6 1
37 17 24 50 35
9 42 41 14 29
56 32 6 43 52
2 30 44 33 55
22 12 1 56 6
15 8 36 56 38
48 45 30 12 10
44 53 32 22 3
10 10 13 44 19
43 1 7 2 37
4 29 13 11 17
33 7 31 55 31
23 31 44 2 44
31 59 31 50 7
55 36 9 47 45
39 16 18 18 17
54 40 58 26 46
58 14 42 31 21
30 43 31 24 6
55 5 55 29 2
43 22 9 4 9
60 56 40 6 50
35 58 14 44 4
7 10 7 19 43
34 55 36 57 52
56 4 2 47 39
35 24 29 55 18
36 7 58 53 34
12 8 51 38 12
46 15 39 16 57
19 58 48 53 6
42 40 47 51 12
56 36 55 48 39
58 28 46 8 5
44 35 56 20 51
19 49 2 60 25
39 12 44 38 39
20 14 57 2 46
53 51 32 59 58
8 32 47 57 33
31 32 53 44 53
17 49 7 25 37
20 19 21 44 50
3 15 31 32 35
22 37 48 31 48
35 13 58 19 59
58 45 8 15 53
22 29 46 37 16
42 39 24 58 31
32 17 11 31 41
48 29 40 23 28
32 24 32 57 2
7 51 19 52 43
38 13 22 17 39
22 34 59 35 38
44 21 18 43 54
59 33 47 46 6
50 54 35 4 16
16 26 33 55 27
17 8 15 19 12
29 39 20 48 13
31 45 49 39 52
51 14 28 47 35
45 23 6 51 8
25 30 20 18 39
56 1 23 55 45
16 55 9 53 59
45 19 27 34 11
42 1 43 37 4
13 15 56 22 35
39 58 58 4 22
52 5 53 3 23
53 59 39 40 25
30 33 23 21 40
56 31 17 10 21
28 48 6 55 31
13 35 35 14 2
8 33 21 54 11
28 20 9 5 33
32 13 27 13 59
22 11 39 27 53
1 59 41 40 29
39 49 45 4 59
40 3 34 42 42
11 27 49 56 46
3 35 3 19 58
43 19 6 26 35
20 36 47 44 16
7 27 41 29 51
42 37 17 14 42
7 11 31 36 49
56 20 34 48 49
48 22 53 49 19
10 44 5 9 12
3 18 42 53 44
49 36 13 38 22
30 37 60 35 14
27 13 27 5 26
11 13 59 23 59
39 47 57 54 32
57 48 22 40 5
17 2 54 29 16
5 6 25 59 19
13 17 52 59 48
7 16 10 22 14
46 2 52 59 22
59 2 43 33 53
29 59 18 31 24
52 47 14 37 19
53 3 57 53 52
9 39 12 30 52
48 42 56 36 53
18 49 35 9 35
3 21 55 59 26
52 49 46 56 3
1 35 42 25 11
17 35 23 17 30
50 2 59 49 27
14 17 33 19 43
5 49 58 43 41
35 46 47 22 24
42 36 3 23 30
9 49 56 28 32
6 33 15 3 7
15 39 16 10 52
43 2 3 55 14
4 23 11 22 53
35 47 10 7 30
10 24 29 54 7
51 43 21 7 35
18 50 40 50 46
2 45 7 5 14
34 16 12 36 23
54 11 10 55 1
17 20 17 56 40
20 6 33 24 22
