500 50
3 53 32 13 34 4 29 1 3 5 27 40 57 24 53 40 21 34 23 59 9 29 11 15 5 13 31 53 46 60 31 10 41 27 50 15 28 33 48 53 53 12 57 25 39 23 26 23 52 31
32 44 15 31 12 47 11 29 28 9 42 42 45 38 28 30 12 59 31 48 39 25 17 8 12 25 21 4 54 28 16 24 26 34 23 1 33 49 6 42 24 38 15 53 51 53 28 20 60 21
20 28 30 21 59 23 17 31 6 48 4 25 41 28 6 1 50 31 27 56 15 60 39 16 55 20 6 60 44 40 60 3 4 30 43 15 53 26 5 33 60 18 60 18 12 20 32 36 60 58
42 46 59 9 2 5 10 50 35 22 45 40 18 60 33 9 60 7 16 45 8 14 33 6 27 55 45 47 19 9 11 59 54 49 36 37 26 19 38 44 28 46 14 33 2 26 13 10 32 50
29 18 40 41 46 44 37 49 27 56 48 15 32 47 17 29 16 24 38 36 7 26 1 9 21 45 17 26 20 13 41 44 50 13 8 10 24 42 20 29 22 35 43 39 55 20 51 36 29 20
52 16 5 18 59 4 7 8 6 27 6 20 29 20 50 25 58 39 14 22 26 44 54 7 27 52 10 47 26 51 57 28 49 7 58 18 1 24 4 14 33 12 20 35 2 6 36 36 48 33
10 40 4 17 24 15 26 3 13 10 36 25 56 8 45 38 32 49 42 21 4 24 52 14 46 23 7 55 2 15 55 19 24 43 2 50 48 35 20 34 14 2 46 38 33 9 55 19 33 3
22 41 3 3 2 52 59 22 36 11 53 21 25 1 45 1 41 45 5 42 40 56 7 19 14 2 53 51 34 58 53 39 52 1 26 54 57 21 13 14 1 55 36 23 1 55 53 23 41 42
14 48 20 38 15 46 4 31 17 38 17 33 52 27 6 43 26 60 44 2 23 46 19 17 24 53 12 36 16 31 60 56 5 38 53 31 49 56 6 24 43 23 49 30 28 31 60 14 19 46
34 6 35 60 14 6 54 46 18 31 18 52 13 59 43 60 49 22 44 31 51 30 60 8 28 49 18 60 30 18 35 46 43 47 19 9 39 22 58 31 30 37 55 8 42 4 56 22 27 11
14 42 35 32 43 18 6 54 31 55 11 21 36 26 10 38 19 57 51 56 17 37 3 14 43 32 27 25 26 2 59 39 4 52 5 55 12 4 52 26 55 59 5 1 52 25 26 60 14 55
24 34 50 20 40 55 38 52 46 30 29 18 19 17 27 22 50 48 2 16 57 39 24 12 2 53 34 48 3 20 49 35 10 38 57 23 46 24 57 7 5 35 16 41 3 54 46 49 19 59
59 48 5 7 18 28 13 57 32 12 33 10 48 44 9 24 40 39 44 58 14 51 27 60 8 42 11 46 31 18 56 29 5 59 28 11 1 3 16 30 60 13 24 30 1 38 11 45 5 8
29 58 24 18 8 38 41 10 59 39 5 27 51 39 54 37 42 15 10 15 8 22 28 52 35 6 1 49 7 29 59 30 32 3 51 13 11 16 32 26 52 41 31 31 48 13 36 10 10 31
40 2 31 45 20 47 22 38 26 30 10 27 3 4 4 27 4 7 54 12 24 1 49 54 58 28 60 21 48 6 7 3 21 33 27 29 15 2 3 30 52 35 37 31 59 22 6 52 54 2
45 34 38 35 19 10 6 15 25 50 53 58 34 18 47 37 29 48 32 21 34 30 4 4 56 17 41 4 43 9 60 31 59 29 18 2 60 4 16 18 39 38 9 25 58 52 16 12 38 4
16 13 1 30 1 57 60 16 22 42 26 14 55 3 54 39 18 10 11 59 55 45 53 53 29 19 6 32 56 26 3 59 30 24 31 38 10 21 52 28 42 45 3 57 2 46 13 4 44 8
11 58 16 59 4 44 20 45 23 40 55 5 32 44 5 60 15 11 24 3 21 44 54 53 46 40 47 52 7 27 60 32 16 16 38 45 37 42 55 53 5 40 37 8 11 49 15 56 2 40
51 8 36 32 30 31 29 50 48 54 55 56 38 19 47 2 9 32 48 2 37 17 43 57 39 29 32 8 51 5 26 15 19 41 38 1 3 15 13 27 26 47 27 46 58 6 15 32 59 15
30 24 7 1 58 15 4 3 56 58 23 40 27 42 29 30 3 42 48 4 45 28 7 42 59 56 34 7 47 4 18 45 46 58 47 60 44 3 60 4 51 33 39 26 51 54 60 11 18 39
20 32 46 5 32 47 10 15 7 57 6 15 23 15 56 12 24 9 13 35 59 36 57 4 34 39 13 50 11 40 15 36 32 51 8 50 49 21 21 47 53 10 42 18 13 45 1 43 17 47
34 18 3 33 28 15 49 41 59 21 56 31 43 53 22 27 9 56 45 40 44 3 28 55 12 58 17 26 47 10 12 10 39 19 3 6 41 15 24 10 13 42 45 60 34 47 11 22 38 32
28 11 21 31 51 39 2 49 6 40 60 16 51 10 24 22 40 13 31 17 29 5 46 13 35 56 23 21 38 30 8 20 10 14 12 48 52 32 14 40 56 41 21 60 25 38 1 60 21 5
55 25 6 6 40 9 7 19 45 53 21 51 7 10 42 37 43 19 30 11 45 20 59 54 32 21 24 2 34 55 25 56 43 47 41 41 29 30 11 34 32 47 44 4 59 31 49 11 42 10
15 31 50 25 49 22 47 18 38 27 60 53 46 13 51 13 1 49 17 21 29 7 17 37 29 57 55 44 19 9 57 27 50 11 37 10 56 25 44 31 20 39 3 17 31 6 37 47 30 50
29 39 53 32 22 42 46 10 34 17 39 25 29 27 22 3 40 54 31 5 53 43 23 23 23 12 38 43 11 36 25 17 44 55 8 56 58 5 20 17 36 39 5 18 40 50 9 2 26 33
24 52 26 24 39 28 33 56 9 48 48 34 53 58 44 50 5 2 59 4 52 58 29 7 60 12 9 37 53 47 16 26 12 13 50 3 26 6 34 47 44 51 55 27 45 29 30 48 36 2
55 23 2 1 18 25 16 20 37 45 21 16 8 51 13 23 14 56 49 38 9 19 45 54 34 12 54 8 40 12 8 36 32 46 47 3 48 25 54 39 37 42 24 5 20 12 6 14 56 59
2 28 26 40 50 49 55 16 17 37 40 24 8 17 40 49 41 59 53 60 7 24 12 21 16 36 57 25 48 60 12 9 2 21 52 58 12 27 10 19 3 45 47 29 14 32 37 1 1 18
52 52 4 60 37 11 2 9 57 30 12 41 30 18 7 31 28 36 41 50 39 50 58 48 48 23 37 60 44 14 28 36 47 48 54 9 41 54 29 27 40 17 31 51 25 17 39 21 54 33
7 45 56 17 57 34 38 35 25 52 25 50 49 14 14 42 58 31 16 22 47 17 41 54 1 49 38 5 17 50 42 28 15 20 13 24 51 45 41 12 26 44 25 19 55 57 56 17 20 36
4 46 47 3 23 33 28 8 25 31 21 33 7 6 4 9 43 34 26 43 34 16 10 1 44 39 42 36 39 35 56 60 52 51 55 53 15 17 3 29 48 41 50 51 37 35 47 9 13 19
39 17 45 44 53 23 7 41 10 5 57 9 29 41 14 11 8 23 3 32 39 52 39 41 29 56 24 59 28 39 23 4 37 5 37 38 17 60 22 56 50 53 13 22 4 60 54 36 1 58
9 43 46 53 6 10 17 57 46 41 21 39 58 14 14 14 57 18 34 43 36 54 59 60 30 32 27 15 1 52 33 55 42 24 3 11 10 26 32 24 23 56 20 6 2 31 13 31 53 27
60 46 30 60 3 56 21 25 36 39 48 37 31 52 6 2 40 19 14 50 19 28 4 23 15 19 59 11 60 19 13 27 15 59 41 22 59 35 27 26 10 40 58 11 6 52 51 29 3 17
30 29 58 47 28 36 13 43 47 13 34 46 9 17 53 4 18 12 36 28 36 50 53 33 32 53 13 33 8 6 32 56 34 25 49 21 21 57 26 38 7 30 50 20 5 38 32 27 60 16
3 25 6 10 59 7 18 9 4 33 35 45 28 12 4 4 33 19 41 52 57 50 12 49 32 27 60 21 15 24 30 23 36 35 28 23 60 3 46 22 43 29 36 18 45 25 50 33 2 39
16 29 31 8 2 47 50 59 55 24 14 4 25 13 58 5 17 11 20 48 25 12 42 15 46 22 22 57 45 27 41 30 36 1 31 51 47 45 26 3 1 15 49 35 26 44 48 58 24 36
58 46 12 54 31 44 19 17 33 42 23 12 15 25 29 56 26 38 50 10 53 48 6 9 41 13 14 40 5 4 42 5 16 26 1 44 29 35 22 60 11 48 20 19 6 38 50 23 48 25
27 18 22 23 23 26 49 56 20 44 46 59 26 23 28 27 8 55 27 47 22 23 15 9 49 24 19 37 49 34 24 45 47 38 60 18 13 17 44 6 39 2 38 20 7 45 40 40 18 9
14 29 50 33 28 51 14 11 51 13 38 16 56 35 49 10 38 34 41 13 21 36 21 44 23 31 50 9 14 43 23 14 24 8 17 34 26 9 52 36 49 35 20 13 44 60 33 60 39 42
29 31 49 6 53 45 23 38 19 29 34 9 12 37 3 52 2 22 7 13 33 6 4 24 15 19 17 57 44 32 57 14 23 26 18 18 58 28 47 33 10 24 21 10 37 43 16 12 54 9
35 29 24 18 44 12 56 19 1 53 15 22 21 46 37 60 31 18 57 12 57 40 42 11 44 10 32 11 4 22 54 9 38 9 12 51 27 36 12 20 4 11 16 20 11 45 32 39 33 7
16 39 49 42 26 50 49 47 40 6 32 7 37 33 40 15 28 39 7 30 3 30 60 22 31 11 27 30 31 14 57 4 29 11 46 23 9 35 28 60 5 60 23 34 45 41 55 37 59 44
58 44 53 16 45 44 23 59 38 41 23 36 5 35 45 32 29 39 9 36 39 33 20 43 35 19 1 16 29 52 56 54 2 49 24 30 17 13 52 4 27 40 60 32 42 52 23 23 23 27
28 32 32 15 49 21 22 28 60 13 33 8 43 43 46 21 38 14 21 48 39 9 15 13 12 15 52 23 15 24 27 23 43 56 5 6 59 35 4 35 23 60 57 14 1 46 33 18 12 1
60 10 60 26 45 59 18 4 23 51 20 59 34 9 39 60 31 48 53 47 54 18 38 54 8 48 49 33 18 45 11 44 1 16 46 42 31 30 59 14 16 48 17 45 33 43 16 38 46 24
54 56 56 36 2 14 53 4 34 40 32 22 43 48 60 16 1 54 2 26 12 33 45 23 1 50 52 47 24 39 33 28 15 31 33 16 14 29 25 10 31 60 44 36 41 16 31 1 38 40
33 20 46 31 26 15 60 42 23 15 24 44 33 5 27 5 46 48 5 2 54 15 1 13 57 37 24 33 21 54 4 40 14 2 4 53 32 30 1 29 14 21 13 53 5 24 49 20 20 14
51 49 8 59 32 12 54 14 50 59 15 12 47 6 52 60 13 7 55 12 17 7 22 22 2 15 48 49 38 16 19 32 44 56 52 11 14 7 32 49 27 59 27 53 10 55 6 10 8 34
13 16 24 58 38 22 4 58 15 21 33 60 7 3 36 24 4 57 5 46 52 36 32 6 31 1 7 47 53 55 34 13 2 51 38 14 32 8 15 5 40 35 50 9 21 17 39 25 20 31
52 42 26 46 5 39 27 58 56 50 14 15 8 37 38 21 26 33 46 42 2 22 38 10 9 10 56 4 23 9 52 57 27 40 3 48 22 41 34 44 54 47 31 32 28 46 37 59 39 53
27 43 50 24 25 10 12 5 19 50 3 45 23 36 16 14 5 6 54 51 1 15 53 25 48 55 41 10 52 27 32 21 41 46 19 21 24 46 11 40 10 42 40 17 37 42 48 13 60 8
38 3 41 6 20 22 1 24 32 36 56 21 58 33 27 56 30 16 23 38 5 57 52 45 48 45 57 56 23 25 51 41 38 4 29 37 34 16 8 8 47 19 7 54 40 14 38 47 22 16
51 7 12 22 8 16 55 35 20 21 28 19 45 5 6 17 3 23 39 3 17 25 14 13 58 9 16 52 35 16 6 31 34 8 7 17 12 60 4 28 41 38 32 19 44 27 27 58 56 5
21 43 10 34 49 33 54 36 37 14 50 57 2 28 21 43 57 51 13 60 54 28 47 53 8 60 54 36 19 39 6 50 58 36 1 13 55 52 18 11 31 14 6 20 6 59 48 57 32 9
49 40 50 27 34 10 34 53 36 1 48 50 9 49 29 13 18 50 4 9 26 20 43 51 10 31 14 54 32 38 11 35 57 9 8 36 53 38 52 25 26 21 16 54 28 27 54 54 3 51
46 8 5 37 13 24 1 53 31 59 4 14 23 27 14 19 22 14 47 23 53 25 52 9 54 48 45 20 54 36 5 22 16 20 10 23 41 2 55 18 30 19 42 8 13 10 49 27 44 29
22 46 27 31 14 42 15 41 40 8 24 26 53 56 13 58 6 23 5 30 26 39 12 25 21 28 27 18 32 24 23 44 23 11 34 59 39 34 8 15 23 19 48 60 1 35 53 2 19 1
24 30 34 53 26 7 28 40 48 47 48 19 53 37 31 54 51 41 10 31 37 8 29 22 3 44 24 43 36 1 30 24 22 21 56 32 1 13 11 17 27 14 33 49 12 19 30 16 57 48
1 56 34 38 47 42 53 14 22 18 60 26 34 5 36 58 55 58 17 44 31 13 9 37 38 41 54 55 33 28 26 25 27 43 20 38 47 57 4 31 24 11 22 45 21 26 59 50 5 41
11 38 40 19 53 43 29 24 56 19 10 13 41 6 17 51 38 45 31 48 52 34 39 18 22 46 2 9 42 12 10 49 53 8 41 32 7 33 55 44 48 18 52 34 31 16 39 42 57 34
51 44 11 41 7 11 38 57 48 37 33 37 13 40 9 12 2 23 53 6 58 29 5 41 50 2 50 11 40 29 5 4 46 2 26 3 49 16 47 24 12 40 24 44 23 11 13 59 4 35
15 24 44 10 6 57 17 8 51 36 30 40 16 39 9 9 21 31 57 12 33 17 56 35 30 35 2 60 55 19 38 34 51 59 9 14 7 32 22 33 53 17 9 3 12 40 42 42 46 10
43 26 36 25 59 31 42 23 57 4 48 56 18 26 40 59 19 48 3 54 56 48 14 2 38 44 1 39 58 15 47 5 17 17 13 18 14 33 29 32 20 42 36 12 3 26 16 30 37 27
13 58 45 10 21 9 43 54 15 56 9 16 52 15 58 19 41 19 36 25 4 60 21 42 58 45 52 27 25 11 1 52 40 22 17 54 45 49 3 50 46 5 11 48 40 7 10 50 41 33
57 25 32 57 29 32 7 27 8 37 32 37 47 47 5 32 3 30 28 13 34 3 24 25 53 37 41 6 17 24 33 57 12 4 49 8 20 6 12 8 30 37 43 45 46 35 2 27 48 22
5 39 60 12 34 57 12 52 42 50 15 38 18 21 29 47 33 7 55 33 56 23 55 50 39 15 19 52 31 58 54 36 17 29 25 22 15 38 46 36 47 41 4 14 24 47 33 56 17 34
4 13 33 5 41 4 25 46 38 14 42 51 9 52 36 34 19 52 31 43 42 2 51 48 54 49 8 57 51 26 42 25 12 49 60 41 18 7 51 17 46 57 36 25 5 4 32 12 15 3
11 24 39 14 45 43 8 3 19 57 26 51 27 51 32 49 13 15 17 32 14 36 54 48 43 11 6 4 43 20 49 57 49 15 16 41 24 4 33 40 59 43 57 47 30 12 33 17 32 31
44 13 28 53 13 38 52 53 1 54 4 39 60 48 49 20 41 5 23 32 60 25 35 22 20 20 24 6 42 58 34 22 18 27 36 2 15 2 53 8 9 8 29 58 31 58 36 17 1 39
6 22 38 52 50 1 6 14 25 55 38 27 24 37 25 37 48 3 43 40 57 48 33 8 40 43 8 36 45 22 19 2 52 6 8 11 41 25 41 49 9 58 36 40 43 31 32 1 55 16
9 32 34 29 16 38 11 32 47 34 42 53 6 51 27 5 53 60 53 39 43 37 21 23 42 22 34 53 6 43 45 50 36 2 13 19 43 48 31 20 25 12 20 25 3 27 38 25 56 31
21 32 32 51 32 51 41 21 9 53 30 23 19 18 22 48 4 17 20 37 42 39 27 7 14 19 41 19 13 47 29 23 25 53 31 4 19 54 18 28 13 32 8 21 32 37 20 59 30 9
25 31 2 19 32 22 16 32 48 20 21 50 49 35 37 12 33 52 37 18 18 17 37 14 33 56 9 2 54 34 4 18 7 32 30 42 25 42 31 31 21 2 42 56 31 41 34 60 59 23
3 35 57 31 40 59 35 1 18 14 43 54 6 25 58 7 53 10 40 59 43 17 12 33 48 26 51 20 41 45 27 56 11 19 48 47 1 50 2 42 34 37 59 6 40 18 54 28 16 23
46 40 9 25 44 51 12 13 36 23 27 27 29 38 53 49 46 21 58 53 23 57 23 57 4 35 36 48 44 45 14 10 7 4 27 47 53 60 23 54 32 46 58 1 9 32 9 4 32 9
29 43 4 58 4 50 10 5 58 15 34 3 45 28 53 1 29 38 51 6 35 32 9 40 1 4 39 32 14 28 49 9 33 35 44 57 52 49 11 24 9 35 17 14 30 27 3 54 34 42
57 36 44 22 20 58 24 55 55 5 11 23 26 28 27 55 45 6 3 46 54 31 4 19 33 6 59 51 57 24 19 5 24 40 36 28 49 16 57 54 12 6 4 4 58 11 54 27 3 55
43 54 12 42 47 17 4 47 36 22 1 55 46 57 19 34 14 46 39 19 19 13 18 29 48 52 12 26 25 30 31 5 4 21 45 54 54 35 18 42 7 29 42 3 54 23 42 4 14 42
39 33 5 54 17 13 24 40 41 30 46 24 51 54 31 5 17 30 57 14 10 28 2 25 16 41 51 29 5 17 31 5 45 25 55 24 34 53 27 12 31 15 27 42 6 23 45 27 56 33
42 36 45 34 51 17 30 39 46 54 37 50 22 6 35 7 9 59 19 3 8 40 30 51 53 3 10 32 29 10 8 5 35 15 57 57 16 47 6 29 32 56 54 28 50 50 34 30 13 41
38 43 2 20 48 12 28 1 31 45 49 41 11 38 40 34 18 41 16 17 53 51 33 57 22 5 60 32 33 60 33 46 17 7 52 59 45 7 18 17 40 5 17 33 51 59 60 34 19 37
19 38 55 49 20 46 50 57 33 18 54 41 32 38 21 55 55 38 43 8 31 9 9 3 47 28 36 41 51 33 39 35 35 22 39 28 12 49 42 54 29 52 38 25 52 53 52 42 23 31
16 45 1 39 8 10 52 6 2 13 10 27 8 60 26 42 11 47 57 49 51 3 49 5 2 23 59 5 31 11 45 50 40 44 33 46 8 25 32 49 1 41 14 49 8 15 3 43 14 41
51 45 45 45 6 42 7 38 15 55 16 32 16 44 39 6 34 59 44 25 38 14 42 60 39 30 40 30 54 40 3 52 3 33 25 19 22 46 53 37 36 6 26 34 45 26 9 21 59 60
19 5 59 2 36 25 31 28 46 27 44 47 22 11 12 33 16 48 58 24 40 31 42 31 10 52 24 19 4 26 13 2 31 52 59 54 60 19 55 7 34 32 31 4 22 38 33 50 10 34
39 22 22 43 11 30 33 25 20 33 50 59 40 15 41 46 31 29 56 53 57 57 21 32 32 41 12 42 35 14 27 54 6 43 20 36 2 29 47 4 26 10 49 56 5 2 60 28 53 42
46 57 52 30 30 43 26 44 22 3 41 10 27 37 23 41 54 12 24 42 29 32 1 51 23 55 55 26 19 23 27 37 59 23 30 3 15 42 26 10 51 40 11 6 56 10 29 7 28 49
51 49 44 48 20 22 4 23 58 8 51 45 45 25 17 17 51 60 10 4 22 8 48 15 60 12 22 36 23 59 6 2 7 5 13 16 24 5 25 56 52 28 20 6 28 59 25 10 2 16
52 23 56 58 28 25 12 14 39 15 28 14 23 23 11 52 55 33 14 25 33 6 32 21 23 38 3 36 3 49 25 46 21 20 57 36 43 6 45 6 22 13 37 29 47 33 30 43 52 51
18 27 34 34 36 32 26 7 53 47 14 33 24 35 52 20 4 41 41 11 17 23 7 20 56 49 52 18 43 49 54 14 18 8 58 13 9 19 14 51 42 3 38 3 48 59 6 12 19 54
41 33 15 43 13 47 12 57 55 23 49 36 40 25 39 18 20 31 53 50 33 54 3 11 49 3 14 31 32 54 47 47 27 33 43 2 12 55 40 2 42 53 59 21 41 27 16 40 31 45
50 55 23 11 3 52 53 48 22 6 56 13 45 38 3 2 19 24 54 58 8 41 59 23 42 1 46 12 60 48 40 38 43 32 41 53 41 9 43 51 60 19 45 30 12 48 57 56 18 26
29 35 43 3 42 11 52 44 37 21 29 4 28 35 37 28 1 8 16 8 1 33 47 14 29 8 23 35 39 58 25 28 27 46 50 51 54 13 56 12 31 16 45 41 14 58 49 41 22 18
44 32 15 49 53 41 25 55 46 15 54 24 14 5 23 46 36 60 39 36 20 44 38 55 36 30 54 2 10 10 24 2 44 5 47 14 59 58 4 47 43 18 19 38 48 55 56 2 10 21
46 18 53 46 8 40 26 12 39 23 52 7 35 22 58 19 36 55 16 37 31 12 38 9 25 13 55 51 53 60 45 50 29 48 22 23 27 31 58 57 47 26 24 30 20 50 48 37 52 37
8 36 25 50 2 49 1 22 32 20 54 34 16 15 4 46 52 37 12 58 33 38 20 24 22 6 52 16 35 14 58 11 6 22 14 7 8 5 8 14 50 48 59 44 46 15 36 42 50 39
1 36 1 60 29 5 3 17 18 31 29 25 55 22 55 9 47 5 35 22 58 46 13 8 41 53 1 40 25 59 17 4 58 56 1 3 3 46 52 2 56 29 60 56 23 56 1 27 4 6
60 18 42 57 33 32 51 37 41 24 7 10 33 34 18 14 47 10 58 44 18 11 37 4 25 6 52 31 30 43 36 47 33 22 52 56 29 8 30 47 5 17 44 51 53 37 32 17 20 17
15 30 5 7 8 54 56 6 58 7 46 48 40 20 55 13 34 41 16 59 16 4 54 57 58 29 27 5 26 57 59 29 31 6 46 20 46 47 7 20 1 32 22 13 5 50 35 35 21 16
38 36 28 32 2 15 3 42 19 6 15 27 22 36 20 20 34 15 31 3 4 8 50 60 58 6 50 29 59 58 5 57 36 23 21 52 18 57 37 57 15 29 7 29 8 23 4 46 21 14
17 21 8 22 3 58 49 2 60 58 8 32 23 35 47 55 52 54 34 48 60 19 3 35 19 6 16 1 12 37 36 27 20 14 58 50 43 9 18 20 10 13 46 37 17 5 13 38 21 53
26 9 10 1 12 18 32 52 26 38 58 46 26 21 4 12 2 29 45 12 19 32 55 60 14 56 47 45 23 29 30 20 30 20 30 59 17 3 26 17 8 32 50 58 15 42 30 36 57 29
38 46 57 7 32 6 7 28 32 45 15 55 9 30 53 31 12 23 18 3 58 2 37 4 37 45 22 35 57 37 52 56 27 25 41 8 56 47 11 46 27 58 24 34 40 17 23 15 48 6
56 51 47 38 26 43 15 36 28 56 36 42 8 34 31 17 27 10 57 47 31 1 36 43 56 50 51 48 21 16 32 26 38 7 31 25 45 29 47 26 48 54 18 24 10 19 36 47 36 35
27 6 18 41 21 51 1 27 9 20 18 42 25 39 22 55 40 1 43 49 36 27 7 5 55 55 18 58 43 18 22 22 26 1 41 25 59 23 31 27 20 45 54 58 47 24 59 25 18 58
14 14 10 21 17 34 9 42 46 8 50 5 54 15 42 13 36 57 20 43 34 19 8 50 14 51 10 29 23 20 28 20 2 27 12 29 60 5 37 21 53 35 4 28 21 52 12 60 8 23
20 2 51 17 33 52 7 14 33 55 40 9 22 16 48 38 49 24 16 31 12 50 3 60 4 43 16 54 14 9 17 45 36 14 41 12 53 48 55 17 47 46 39 21 8 12 36 37 21 33
11 25 12 35 49 37 2 59 14 6 58 39 15 27 60 31 54 12 7 2 32 1 41 42 4 32 35 47 41 52 43 51 41 46 18 20 3 44 45 55 31 7 6 54 44 41 42 42 12 21
42 42 12 56 57 47 30 31 29 21 43 44 53 56 48 57 30 41 29 46 28 27 21 18 27 31 51 41 21 49 51 54 6 8 24 3 1 41 53 25 43 52 2 14 48 21 17 49 34 11
21 46 40 38 56 34 32 57 22 21 15 50 55 59 39 56 48 44 51 46 3 45 32 32 15 21 5 13 26 48 6 14 7 32 16 14 1 22 36 45 59 56 53 28 56 47 30 49 47 28
57 36 9 29 25 16 47 31 56 11 41 59 33 42 27 17 40 1 42 39 55 57 34 9 38 26 29 59 15 27 45 28 9 3 40 41 59 2 60 25 21 18 14 50 26 39 2 19 32 35
56 56 33 44 10 60 1 29 37 30 59 10 13 42 27 55 30 35 2 8 3 45 32 58 54 9 13 60 56 57 55 8 13 55 44 25 59 25 54 60 34 16 12 51 23 46 41 48 48 48
34 37 38 36 14 23 8 3 11 20 43 18 10 1 60 3 8 60 46 39 48 12 57 50 15 31 51 1 42 46 55 14 35 58 53 38 29 34 26 58 11 59 1 40 49 59 35 43 26 31
50 52 30 41 24 11 27 19 36 14 49 26 52 31 23 48 40 16 9 8 14 53 6 54 50 43 35 5 11 9 45 26 45 12 3 30 44 39 8 43 56 15 18 48 47 36 54 53 10 40
3 8 25 25 47 30 9 5 42 19 30 11 54 9 12 32 31 47 45 43 51 50 45 55 38 10 52 48 35 49 19 13 41 20 55 16 4 27 46 7 30 43 41 48 25 53 5 13 48 17
38 21 52 46 18 4 1 58 23 30 20 39 13 14 44 25 1 23 11 2 29 56 55 49 5 2 34 8 28 15 9 7 5 36 10 22 41 44 18 55 3 13 10 24 43 11 7 22 3 53
40 7 5 30 9 20 18 50 51 8 2 33 47 13 44 54 24 51 46 45 47 9 36 54 1 34 28 47 47 37 14 35 41 58 43 58 39 31 38 15 53 38 24 32 12 57 14 46 19 7
14 38 29 41 36 50 54 12 38 36 2 58 51 23 41 19 48 23 31 10 5 49 9 11 28 44 19 29 20 31 5 45 38 32 23 26 25 29 59 36 47 39 34 2 21 56 8 59 6 21
14 8 36 30 43 51 9 54 38 12 13 48 20 35 36 24 3 30 34 24 32 45 57 58 52 31 55 10 53 35 24 51 51 33 43 42 35 13 18 15 23 31 53 50 2 38 8 48 48 7
45 46 59 35 11 11 53 26 37 38 58 34 18 41 14 9 40 5 55 46 24 39 24 2 21 44 58 47 47 11 2 40 33 25 43 6 4 24 18 45 51 1 50 49 30 5 45 44 34 43
29 9 7 21 58 3 30 13 19 21 35 17 42 60 16 20 6 39 42 48 54 29 14 32 16 12 54 40 28 55 49 58 29 56 35 30 42 4 27 56 3 32 13 37 47 16 5 10 9 8
34 20 30 58 32 27 46 24 60 53 23 20 55 36 3 38 56 23 37 23 40 56 57 57 18 28 35 5 38 12 5 27 53 3 9 60 9 28 4 59 50 2 15 35 54 58 28 19 19 38
29 35 58 58 32 56 57 49 11 14 52 2 24 18 54 50 37 41 12 11 48 26 42 44 29 30 12 58 10 6 19 8 30 36 40 56 30 31 3 1 4 45 15 38 38 29 50 4 34 28
22 3 6 52 31 53 48 42 32 45 52 24 51 51 11 9 16 2 50 56 27 27 17 45 10 34 45 55 11 27 52 13 39 27 53 16 25 43 41 34 3 31 7 57 47 12 28 7 51 51
53 51 25 30 43 35 52 41 6 6 19 42 40 39 13 33 32 8 43 7 33 20 23 19 3 20 6 22 44 3 23 37 6 53 35 45 39 4 15 6 15 51 59 52 44 58 51 17 2 16
60 35 10 58 20 15 34 45 42 11 25 9 5 12 10 47 25 44 2 40 10 26 33 47 53 43 40 26 45 6 8 53 41 13 2 46 33 35 23 7 55 49 37 27 30 27 57 56 26 48
2 42 21 8 13 48 50 26 54 2 27 6 47 9 55 37 1 26 7 14 15 36 16 56 48 52 53 54 27 42 24 26 14 14 24 58 20 42 33 3 24 58 42 32 32 8 48 19 52 39
35 42 40 5 25 8 37 48 52 53 19 52 33 45 28 43 4 24 58 12 55 41 20 33 38 48 48 20 14 6 42 38 54 5 22 30 15 22 3 2 20 48 15 30 43 47 34 49 41 24
24 20 59 46 56 9 56 21 20 33 55 59 46 33 47 59 50 5 18 14 10 3 14 5 36 44 38 15 46 44 39 17 8 48 16 44 33 19 17 20 2 6 13 56 31 58 37 52 26 51
40 55 7 51 44 20 9 59 53 46 55 4 19 17 45 2 5 25 48 4 48 59 11 35 52 50 39 59 17 14 57 12 58 57 38 19 44 44 46 47 58 15 24 40 60 14 45 45 57 6
29 31 23 44 22 3 21 6 27 19 31 7 46 53 5 27 38 53 10 59 22 1 6 39 28 46 26 11 41 56 16 58 31 35 55 39 40 12 10 21 60 54 57 3 58 50 2 12 53 10
23 13 12 28 10 15 48 1 58 54 37 39 14 60 28 9 25 21 34 6 10 59 41 11 22 40 47 3 56 60 28 14 11 27 24 18 53 35 47 60 59 44 45 52 42 53 2 39 2 21
13 48 23 59 43 16 60 45 6 15 21 57 35 50 38 9 29 6 25 6 16 9 20 30 3 4 28 31 56 4 19 24 57 60 35 26 12 59 13 38 42 47 10 55 52 15 22 16 23 33
60 19 41 15 1 45 59 1 8 18 11 28 43 40 51 1 56 53 4 30 4 36 33 31 31 24 13 46 53 3 60 36 3 8 41 55 38 18 25 51 41 47 54 46 10 14 52 20 35 54
24 40 44 58 27 40 38 21 53 10 47 51 47 42 35 47 35 41 22 51 56 34 44 50 57 47 9 24 19 27 38 38 40 17 41 49 1 50 6 13 51 34 5 43 9 15 54 3 9 13
55 36 18 6 16 16 60 55 53 45 54 32 43 12 52 35 19 19 37 40 28 53 29 39 54 3 20 47 26 18 28 19 50 56 35 6 44 37 21 31 40 17 46 41 56 44 30 47 8 8
37 38 6 4 38 24 17 59 13 9 1 7 55 33 37 40 27 27 27 36 23 39 18 11 54 28 30 42 40 22 47 6 56 13 29 24 14 27 38 23 16 1 32 35 10 47 49 33 2 18
59 49 29 57 50 23 41 15 10 33 14 59 7 54 32 48 31 41 53 3 33 33 17 26 24 37 11 31 50 52 44 40 4 14 22 24 58 13 44 31 26 4 54 36 14 56 17 36 43 25
56 2 10 15 8 50 16 57 1 19 24 44 38 34 37 4 48 6 8 21 48 50 44 56 32 48 9 27 33 21 29 5 55 39 56 21 9 10 48 34 57 31 55 51 15 60 29 16 37 7
21 36 43 15 44 50 2 56 11 24 6 17 1 41 53 13 8 11 7 14 44 40 21 42 18 34 18 30 14 2 23 19 6 5 12 8 26 19 34 6 29 34 35 25 52 55 4 38 2 8
46 44 26 12 55 14 50 53 39 20 8 18 8 37 27 59 3 28 35 14 10 59 13 1 51 6 19 8 42 8 12 47 42 35 21 25 11 52 17 29 5 47 48 17 24 16 3 28 1 50
11 27 49 37 9 48 13 56 47 4 43 1 52 13 10 13 44 28 18 23 6 51 41 8 18 11 29 39 10 55 12 19 55 33 3 12 11 54 2 49 40 29 24 2 52 19 40 4 13 53
25 30 10 51 26 6 20 9 10 49 43 8 28 60 3 59 17 26 22 27 25 48 7 31 6 19 38 44 37 28 19 49 34 39 34 33 29 19 46 30 50 29 52 42 49 40 2 28 40 24
45 27 14 46 40 13 59 60 59 32 37 49 32 3 55 20 60 58 37 53 50 32 42 60 59 11 49 27 14 13 5 1 53 1 43 59 25 38 8 47 19 11 16 57 55 46 60 40 19 52
45 5 46 57 58 34 15 20 47 56 31 5 29 25 15 30 8 22 31 38 1 28 60 55 37 33 30 44 51 24 14 29 33 22 13 2 41 60 44 9 38 44 25 38 32 14 47 29 60 44
53 7 27 31 48 39 25 31 27 36 17 20 4 30 23 24 34 9 11 2 23 52 8 42 40 2 19 25 25 10 45 35 56 10 27 32 25 12 60 37 17 37 7 29 52 34 14 37 6 55
38 9 17 18 47 15 55 24 56 45 22 1 48 2 29 52 17 58 47 14 43 19 31 19 7 25 1 6 18 6 43 37 2 15 47 35 24 14 58 45 49 53 31 39 35 38 59 35 44 7
8 21 16 38 35 15 26 53 40 6 46 5 10 58 33 34 9 60 7 33 54 35 42 17 37 19 38 5 27 15 17 31 18 29 23 45 11 50 52 11 2 14 9 17 56 51 46 33 5 4
11 52 10 40 45 49 2 12 14 20 8 57 46 25 1 20 38 34 60 16 9 32 49 42 58 53 56 52 52 11 31 32 16 20 29 18 24 25 13 7 37 2 37 45 52 57 16 53 40 21
3 59 34 6 60 24 5 8 7 31 60 20 57 55 59 25 12 26 9 34 43 14 29 30 55 17 13 56 17 3 56 53 41 27 38 30 27 6 11 45 31 12 31 13 5 38 44 60 48 30
51 15 60 27 36 39 43 24 20 45 32 2 25 5 48 17 22 54 20 13 48 26 21 56 32 12 33 20 23 51 43 41 46 36 1 6 3 48 4 43 59 42 54 56 24 18 41 46 16 26
59 46 3 25 49 36 51 9 48 3 27 47 21 45 6 14 25 40 20 21 35 37 16 21 39 48 59 29 55 45 3 22 14 46 7 51 51 43 16 10 7 51 15 40 30 35 13 33 18 8
56 49 16 27 20 13 45 47 32 40 19 28 13 23 2 38 13 40 30 54 20 43 21 59 36 60 45 38 45 45 22 18 16 30 52 50 48 27 17 59 57 40 25 10 35 46 34 8 3 44
28 17 6 45 3 51 41 19 34 44 14 14 9 8 26 18 20 12 29 26 55 23 39 10 5 45 5 25 6 58 17 17 56 25 23 58 39 29 46 19 17 3 42 57 32 14 19 16 1 50
36 45 52 43 17 40 7 3 53 23 27 6 43 22 33 27 29 48 44 48 31 54 8 36 38 54 31 18 59 30 12 40 17 52 23 50 11 34 42 4 5 39 59 57 54 43 26 18 41 7
22 21 53 36 58 52 36 41 2 44 14 24 18 4 44 9 13 56 11 49 51 2 59 31 41 24 6 4 50 28 23 54 46 23 26 29 31 22 19 13 43 52 45 57 41 59 34 57 50 36
27 30 19 12 28 29 33 39 12 32 56 59 56 19 16 12 14 50 49 22 7 12 40 57 19 12 55 59 47 43 38 55 56 18 21 48 1 11 19 6 8 14 7 34 23 4 13 29 40 5
39 55 16 34 8 41 20 31 12 24 2 34 8 21 56 29 10 37 57 58 19 19 33 38 25 46 24 54 41 22 26 24 15 33 1 37 5 37 41 29 60 32 42 14 51 3 10 16 38 14
40 14 14 11 20 49 28 33 10 4 12 27 25 15 30 58 31 30 17 22 25 43 58 30 26 17 23 26 36 29 44 6 46 25 26 44 47 53 29 15 47 4 57 33 55 21 10 36 58 16
55 44 34 57 40 56 41 59 24 32 52 49 1 6 41 49 20 47 28 10 55 3 35 40 29 53 37 48 46 50 21 32 18 8 6 23 21 25 42 46 56 18 36 2 44 49 35 20 30 27
3 59 24 22 56 28 19 22 2 13 49 59 43 7 54 44 37 27 53 35 17 25 53 26 29 34 49 34 9 10 18 11 53 22 23 19 41 20 54 10 28 60 49 19 59 21 58 43 58 50
47 41 54 29 15 30 15 26 10 18 21 27 42 27 37 2 2 24 5 40 18 55 3 55 21 8 34 34 13 38 7 50 15 4 14 34 11 30 38 40 1 40 10 46 59 26 30 45 42 42
54 50 5 55 47 6 1 44 2 29 19 7 3 39 11 40 59 16 44 51 24 48 26 49 21 21 35 2 48 19 16 28 40 23 40 12 37 29 48 2 11 38 8 10 46 48 55 12 54 26
52 22 13 45 36 28 35 35 58 10 46 4 25 2 52 28 15 44 50 20 42 54 17 60 29 51 33 46 58 29 55 1 46 43 48 4 25 22 22 5 5 59 2 5 48 53 45 51 54 40
38 23 37 42 8 48 5 37 31 1 57 3 4 20 10 33 45 8 50 45 31 40 27 55 10 28 4 44 40 44 21 58 24 10 50 57 23 24 13 40 43 26 1 38 30 39 26 44 4 23
40 47 1 39 3 4 37 39 3 7 58 34 14 37 58 16 41 37 10 27 49 3 32 22 13 21 50 26 21 2 18 45 57 46 57 25 39 46 37 46 23 43 7 42 2 19 58 59 47 60
5 10 26 54 10 24 36 17 59 10 17 32 51 3 49 39 4 21 12 31 9 55 15 28 16 11 25 59 34 5 43 28 50 33 34 47 36 58 11 53 36 23 24 33 35 26 49 36 26 15
27 37 57 17 38 10 54 13 32 60 10 8 55 27 2 50 53 55 51 26 54 3 17 21 8 32 48 53 24 32 58 59 18 34 38 23 35 23 46 42 33 17 49 2 60 5 8 18 29 38
19 41 5 34 8 24 43 17 60 55 50 21 3 29 2 30 36 44 12 59 46 2 1 49 54 51 44 43 2 46 37 28 31 53 15 40 52 56 51 44 19 21 41 39 16 27 57 24 39 56
20 11 22 8 11 35 24 38 27 3 19 60 9 32 14 49 21 25 34 56 12 32 14 56 15 17 25 6 35 37 48 33 39 59 43 59 44 32 54 3 56 43 40 48 13 5 42 45 44 6
46 18 4 28 49 32 45 34 14 46 1 60 24 58 42 44 10 3 4 59 27 45 35 15 58 26 18 3 17 46 38 58 52 46 23 26 41 34 15 43 23 60 34 18 1 58 54 45 51 57
38 50 2 11 21 3 3 57 42 7 23 51 4 47 8 60 44 32 56 44 58 51 60 13 34 22 56 31 48 9 48 3 16 28 3 42 52 18 45 60 56 43 27 56 39 38 41 15 13 50
8 12 51 7 11 1 19 38 19 24 8 59 57 45 18 19 30 44 49 30 40 6 3 20 5 19 54 42 47 58 9 57 15 14 9 59 32 34 37 4 46 36 52 46 5 39 57 34 24 19
54 49 33 52 7 14 7 22 14 51 52 33 38 11 55 29 39 18 23 25 27 29 45 55 55 34 45 45 58 3 26 60 27 59 35 18 19 47 7 50 47 36 57 30 5 1 15 57 49 38
10 47 49 39 23 2 13 5 35 53 24 45 5 51 52 31 26 54 22 58 31 35 48 43 16 18 12 46 8 40 27 6 2 25 25 5 33 23 46 40 17 57 24 31 9 31 34 27 48 56
57 40 19 42 34 50 34 53 40 38 41 14 4 17 42 48 45 54 43 6 35 13 21 19 27 24 29 38 27 16 21 3 21 9 50 16 14 16 28 9 30 23 12 58 1 51 14 39 11 23
42 44 38 49 8 6 10 18 42 18 39 56 13 21 56 14 41 23 53 41 38 28 49 58 6 51 23 15 31 11 18 32 31 19 5 57 1 31 47 39 9 42 49 55 30 51 1 13 1 36
59 8 25 11 56 26 14 59 47 11 7 42 3 20 11 3 58 29 55 21 14 37 54 55 32 55 13 23 32 56 43 21 11 48 52 34 51 55 52 52 37 58 19 15 12 53 23 50 19 13
19 43 50 48 43 18 1 22 53 16 46 48 23 59 12 17 9 17 25 4 20 59 8 14 31 7 49 47 7 21 54 20 57 19 22 12 51 17 51 40 8 29 42 17 50 30 21 29 60 34
10 35 60 26 43 57 26 4 52 34 54 33 46 47 2 47 14 18 2 55 8 20 31 29 6 44 6 20 41 1 4 8 32 38 56 3 15 31 23 10 53 53 21 29 48 4 35 7 7 47
42 56 15 44 60 8 13 30 40 33 12 47 8 44 12 53 26 40 35 48 15 17 41 11 33 22 4 54 38 19 10 40 2 46 16 37 22 59 22 43 40 8 23 3 16 20 17 15 46 30
24 59 3 15 34 28 12 33 49 25 8 17 8 11 14 3 24 6 28 32 50 39 10 13 8 16 17 30 34 22 52 2 10 30 7 58 50 31 12 29 44 52 48 18 26 6 43 20 33 28
40 6 47 49 39 40 45 35 13 24 2 54 19 51 41 45 49 48 20 8 15 44 32 44 16 7 57 3 49 5 46 35 53 48 10 36 36 11 6 41 14 5 40 5 60 24 15 28 5 27
60 58 25 58 3 26 31 3 47 4 25 57 35 31 14 27 36 43 51 39 1 15 56 40 60 6 43 16 28 8 33 27 16 26 10 38 22 26 58 26 9 49 28 40 1 28 14 38 16 53
2 11 12 27 46 34 49 25 14 14 7 25 12 59 21 24 42 34 16 2 39 31 52 28 50 36 31 19 59 27 51 5 56 13 32 3 44 36 56 46 36 40 56 6 50 42 54 58 6 2
39 10 2 45 27 54 2 27 43 58 5 8 33 27 5 7 1 12 27 8 3 58 5 51 58 47 59 1 41 26 9 45 37 34 57 16 58 37 26 37 60 58 26 47 43 55 47 42 45 58
36 30 14 32 31 18 18 56 44 53 21 38 40 55 29 56 3 26 49 37 2 15 2 46 13 40 50 34 15 3 46 23 3 14 55 29 32 15 56 15 46 50 28 49 51 15 56 10 12 55
29 43 16 35 39 13 38 34 13 40 3 16 57 38 38 21 43 54 32 40 53 26 45 58 44 47 18 28 22 35 52 7 18 31 2 18 37 36 38 28 7 44 44 17 47 40 45 42 13 49
54 15 58 60 35 5 8 30 60 13 27 5 23 4 39 21 32 30 60 52 27 55 8 18 19 52 24 34 36 34 30 47 35 27 3 50 19 21 11 50 7 31 16 30 38 29 14 54 17 7
32 56 9 26 28 8 5 51 24 55 45 16 30 60 33 4 32 12 9 26 51 21 13 55 59 10 47 11 3 8 20 10 42 26 52 48 47 15 12 25 60 11 1 48 24 5 51 15 34 32
27 41 2 51 13 3 31 5 27 20 22 39 37 49 38 7 58 40 50 11 1 1 44 24 44 10 4 48 12 42 39 56 11 19 40 53 10 2 8 3 1 20 12 58 58 13 22 50 56 19
39 9 6 29 36 13 58 2 56 30 21 43 55 15 18 5 15 59 30 46 48 17 52 27 10 33 37 19 48 17 45 29 41 47 51 30 34 26 30 21 55 56 45 50 10 26 53 30 9 30
14 49 39 60 18 52 48 39 34 14 45 20 14 17 57 12 8 14 38 25 44 21 57 55 36 44 15 10 30 54 37 8 37 12 6 13 41 34 20 32 38 55 57 33 48 15 13 42 60 6
36 7 44 60 5 14 3 3 58 17 10 12 31 38 40 2 40 52 53 37 36 15 55 7 22 32 52 50 5 48 57 35 2 58 28 54 7 8 42 37 30 5 52 30 26 26 32 15 47 13
55 4 7 36 32 41 24 38 39 16 48 60 3 9 40 32 58 11 50 24 27 45 37 55 39 51 30 32 54 50 23 25 29 8 8 27 55 6 7 37 4 27 43 42 13 6 30 16 53 45
15 12 42 36 39 45 28 57 4 11 2 60 54 60 13 34 57 4 16 58 51 34 28 35 50 25 34 39 60 48 31 53 53 53 28 21 37 37 51 3 18 56 15 1 50 22 50 19 12 15
54 24 37 13 9 2 57 41 27 33 52 26 56 50 21 44 41 7 8 15 20 32 38 36 17 51 40 13 34 55 21 57 48 4 32 43 28 40 38 4 21 60 48 35 49 56 36 16 27 22
2 54 3 30 28 27 36 8 37 42 26 13 35 14 38 19 58 30 12 30 32 59 23 7 43 57 16 38 42 53 30 45 27 44 30 2 48 39 47 41 17 55 8 17 58 30 46 57 35 6
57 60 53 5 11 36 4 26 54 21 52 46 43 47 54 52 6 44 13 43 20 12 50 24 4 41 12 20 42 44 27 26 58 47 46 57 23 4 43 28 30 38 11 51 42 17 35 23 33 19
60 25 50 40 43 53 8 55 20 40 50 6 16 40 5 39 38 3 20 41 32 53 23 48 30 50 45 27 41 35 52 20 50 21 40 46 43 31 53 57 48 5 7 27 16 33 38 41 33 21
49 1 8 55 60 35 12 60 19 2 44 22 9 30 21 3 16 6 12 1 14 21 52 13 56 38 6 29 56 19 37 5 25 46 35 57 20 18 11 59 48 25 51 43 32 24 46 14 14 15
16 18 23 32 29 36 59 10 35 49 30 22 50 30 54 36 37 8 41 53 17 36 25 14 60 33 32 2 49 5 44 26 39 59 17 36 39 10 8 42 56 35 45 22 53 41 46 43 47 25
17 31 36 40 34 7 15 38 49 19 41 8 21 9 38 24 48 53 49 54 42 15 27 51 7 47 45 44 32 2 47 29 9 34 53 56 2 29 29 20 20 26 21 33 58 50 15 33 19 37
5 19 40 44 21 17 44 18 50 40 11 44 11 59 49 28 55 58 3 10 26 7 49 44 57 47 25 27 29 53 49 52 30 49 31 60 46 16 18 8 3 19 12 14 20 18 4 43 13 30
3 30 39 24 22 23 23 60 41 58 55 55 13 28 2 36 58 20 53 20 27 51 26 38 54 38 16 49 44 28 21 23 1 41 33 31 50 17 36 30 36 57 31 46 43 44 39 54 13 21
24 24 25 12 48 44 46 14 47 14 19 35 15 11 58 6 24 37 6 38 30 16 14 35 51 53 15 24 35 30 8 58 40 5 20 8 23 57 51 56 8 52 32 22 46 7 40 49 11 29
48 48 5 6 49 21 13 12 9 7 18 12 13 37 28 51 24 38 37 13 15 37 12 55 22 50 9 24 2 47 23 52 54 6 26 6 4 18 12 32 15 59 9 51 16 2 33 49 22 39
48 39 42 22 56 9 42 60 37 50 41 41 38 39 60 52 54 7 52 11 2 11 42 7 45 28 23 54 38 47 5 38 37 57 50 21 4 35 24 20 58 60 43 58 4 27 16 25 34 57
7 57 4 56 4 15 37 21 4 59 34 52 56 15 18 1 48 24 28 28 6 47 23 17 21 44 51 25 8 33 18 39 6 56 7 60 25 53 2 57 26 35 18 20 13 32 31 57 32 7
24 13 35 20 36 22 51 14 41 48 5 8 18 36 33 35 6 50 9 38 19 5 36 17 58 41 20 19 22 58 41 39 48 18 24 23 2 52 33 2 20 58 49 37 55 13 32 24 9 55
19 42 11 39 42 36 3 45 57 45 18 28 38 36 14 59 46 44 17 50 55 52 56 57 19 44 12 21 38 32 27 24 22 33 51 36 1 30 18 26 6 21 19 32 56 10 13 24 38 9
40 20 58 29 57 30 5 51 17 36 24 18 15 43 27 3 52 41 25 27 26 30 24 47 50 29 54 17 50 41 59 14 60 36 27 35 1 25 28 53 8 7 58 37 47 36 49 49 14 6
27 37 51 48 27 12 24 59 3 54 5 16 27 49 31 39 33 43 40 24 15 57 46 34 40 25 48 36 40 27 18 18 9 33 13 52 46 31 28 12 10 34 47 25 17 26 53 23 39 7
10 49 52 35 53 60 45 52 60 5 8 51 21 4 60 47 20 35 17 13 30 56 20 27 10 14 9 27 15 52 10 24 49 50 10 32 54 27 31 34 24 14 39 12 41 45 47 4 54 3
53 4 20 4 39 38 4 5 37 40 47 22 60 53 13 5 1 43 22 8 56 58 17 13 51 14 19 58 8 44 7 55 37 13 33 45 21 3 35 5 40 22 31 32 1 42 33 32 47 12
41 15 44 37 47 16 48 28 35 49 4 46 2 45 41 52 38 57 58 31 35 16 29 50 38 30 42 8 16 45 31 58 2 47 10 23 46 43 29 52 30 43 12 21 48 53 34 44 54 43
42 52 6 36 33 23 12 56 38 33 40 41 21 49 28 60 58 59 49 23 44 32 19 32 33 50 46 44 11 22 31 2 37 39 10 41 55 54 22 52 45 34 18 22 51 15 34 36 3 54
21 45 41 10 30 36 44 41 15 15 48 21 20 59 8 55 36 46 14 26 13 28 51 42 21 48 33 12 33 5 28 40 28 37 1 48 2 34 53 10 28 4 32 57 32 30 24 48 37 26
30 31 31 49 33 38 35 40 23 37 36 35 27 15 12 19 52 43 4 21 11 25 24 41 46 11 19 40 32 52 53 3 32 20 52 14 37 27 53 46 14 5 30 22 26 9 24 44 49 50
9 20 3 33 20 23 38 32 51 17 50 55 39 57 32 5 36 3 30 41 13 47 30 18 8 4 43 31 33 24 48 33 12 50 34 37 46 29 27 7 15 1 20 25 56 27 60 38 43 53
25 36 3 11 5 46 53 23 25 46 28 18 19 35 26 60 36 56 46 25 39 1 3 38 48 8 15 1 31 46 9 12 5 25 28 11 54 55 23 56 31 59 35 37 18 36 54 58 15 1
2 42 21 35 50 14 39 17 51 11 53 18 6 59 50 37 28 52 26 55 49 22 14 9 60 15 17 54 53 34 49 20 42 37 17 60 33 18 41 19 26 14 40 35 13 15 47 3 21 50
17 7 1 38 31 43 30 34 46 43 16 11 3 10 8 31 60 18 1 48 47 2 6 4 8 25 17 9 3 43 54 42 41 48 18 59 59 40 23 55 15 6 59 3 15 56 31 49 33 54
10 43 16 17 58 40 54 37 38 1 47 19 40 48 15 34 30 10 53 4 28 7 58 32 37 57 19 8 55 55 38 39 6 9 36 39 15 28 7 21 35 15 22 32 11 32 44 33 29 23
7 57 9 14 13 34 58 16 46 35 16 21 44 27 41 42 59 12 10 9 28 14 20 47 13 48 43 45 27 27 14 24 19 40 13 53 1 22 58 17 49 15 59 38 40 13 6 8 21 39
21 42 50 22 39 54 33 59 60 50 55 39 37 15 35 29 20 55 36 8 60 9 12 55 45 27 28 49 40 35 9 45 45 11 43 33 20 1 27 43 9 52 38 6 51 56 60 60 46 12
9 8 25 49 45 38 35 43 32 31 58 50 21 5 34 44 40 11 45 16 53 58 3 33 18 43 5 15 37 58 3 5 38 51 23 1 11 54 18 45 59 8 52 37 57 44 20 6 50 11
7 51 21 60 39 14 37 28 55 30 54 21 12 48 50 1 41 28 21 43 39 49 1 59 6 8 42 47 31 38 42 40 3 46 19 3 14 54 9 35 15 30 32 29 30 3 8 4 11 30
56 37 44 8 59 27 55 38 30 58 4 15 23 15 17 17 18 27 32 28 14 54 7 9 37 19 32 35 22 19 34 19 28 40 50 4 41 37 15 19 34 33 49 17 27 58 48 58 19 37
41 29 15 23 58 7 27 1 49 47 47 23 47 28 59 45 60 16 54 38 40 21 44 23 24 37 12 19 50 4 20 47 21 12 24 45 12 53 57 7 55 60 17 34 40 60 18 45 60 5
9 54 15 18 25 13 50 57 19 21 56 53 50 54 3 30 37 59 56 49 13 53 9 55 34 48 53 4 57 24 46 24 26 12 39 18 28 18 53 58 4 22 3 35 50 11 52 13 11 3
12 56 26 3 20 7 30 40 46 55 28 58 15 49 5 33 3 1 54 11 33 27 5 59 57 9 39 40 51 21 38 12 30 13 53 3 5 51 32 31 55 13 31 26 5 23 14 1 53 30
42 16 52 22 31 31 57 2 54 25 40 30 49 55 55 41 1 24 47 49 40 26 41 21 49 15 19 8 7 35 33 25 36 23 24 14 45 44 25 1 30 45 22 44 29 55 1 29 12 34
4 1 56 49 50 25 19 5 33 60 57 46 10 40 19 2 38 17 27 40 39 40 7 32 23 5 44 25 38 4 59 38 21 59 51 59 46 51 41 59 6 31 50 42 54 35 34 43 56 34
24 58 30 30 22 45 14 57 11 57 13 59 50 36 13 49 25 10 5 33 17 2 20 3 49 50 2 56 22 3 29 44 39 25 37 7 44 56 52 25 14 11 4 26 14 28 29 30 30 16
12 7 57 8 15 41 16 24 6 52 22 46 52 3 11 53 55 38 40 41 2 22 10 58 60 25 17 19 59 52 16 37 35 1 31 52 18 37 24 16 3 3 40 35 38 35 42 8 46 22
5 19 12 31 47 4 31 46 22 53 56 53 33 24 34 49 27 30 24 1 55 13 2 52 14 53 36 2 54 26 26 21 57 55 56 19 17 55 29 25 31 13 55 40 1 45 6 11 58 57
46 37 44 13 44 9 37 58 23 4 24 56 15 43 30 19 58 58 57 32 36 48 1 59 5 33 23 8 52 60 6 19 3 1 32 42 13 30 12 49 32 55 53 59 24 48 38 29 59 2
32 59 58 34 50 52 1 22 2 43 26 30 39 31 55 5 6 33 12 11 33 23 31 35 48 50 7 49 36 8 13 51 21 56 40 18 38 33 39 39 16 12 23 56 46 25 6 33 18 28
17 24 44 60 34 43 27 11 36 10 51 44 54 42 29 30 24 37 2 23 45 52 17 15 5 47 39 15 41 28 55 12 37 50 12 60 35 57 17 4 10 59 57 20 52 60 8 30 1 1
38 14 35 7 47 40 20 5 52 59 2 15 16 24 33 49 56 29 6 57 52 27 57 41 4 34 55 17 29 13 39 35 48 47 44 58 19 35 16 19 59 46 20 51 60 18 8 4 5 56
51 29 32 36 24 20 25 21 37 13 46 49 32 40 46 18 16 20 57 36 22 6 37 4 3 7 22 58 56 19 57 12 13 57 5 28 43 23 24 2 13 38 30 35 21 2 14 34 3 14
51 11 46 54 42 53 6 19 35 25 26 45 54 7 59 54 39 1 36 28 57 38 59 55 19 37 38 31 2 60 37 37 40 11 52 42 41 45 54 35 54 2 53 42 24 57 58 27 4 44
15 53 10 60 5 57 22 39 32 13 39 14 55 29 33 8 13 55 33 30 2 7 50 28 30 46 57 15 44 8 11 40 22 29 34 12 11 1 6 35 21 41 57 48 33 1 4 24 3 50
11 9 26 38 43 35 49 37 41 12 36 48 58 4 30 6 21 50 21 50 12 21 23 23 23 51 22 59 59 25 18 5 28 16 13 60 58 12 26 35 41 25 12 28 52 56 24 47 12 27
34 51 24 54 11 36 48 34 23 8 41 47 21 34 21 38 32 6 38 49 28 44 29 24 30 6 49 21 5 32 19 14 7 32 35 45 54 16 53 49 52 3 52 32 52 47 9 48 42 38
9 35 20 14 1 36 8 11 51 26 16 41 52 21 42 22 47 52 32 41 19 27 58 53 11 3 26 50 6 13 38 34 9 23 14 38 6 16 54 32 17 34 10 27 58 40 58 3 49 16
26 34 60 50 6 44 8 36 31 43 43 5 39 29 38 31 18 55 9 28 16 24 16 48 55 7 38 2 23 33 1 2 35 30 10 32 36 36 49 55 36 45 59 43 14 48 33 58 60 28
31 18 32 18 38 31 33 6 35 12 13 13 14 50 10 11 38 27 46 60 12 50 26 16 36 45 1 40 48 22 44 4 46 16 28 44 44 12 59 12 15 37 42 4 45 4 25 39 19 48
8 21 39 2 44 45 32 14 25 34 8 1 22 27 57 55 35 27 25 11 28 43 33 20 26 53 50 4 55 6 4 3 41 43 31 31 11 35 50 53 12 55 47 7 2 34 2 43 10 23
32 57 48 40 56 4 8 21 43 53 38 15 56 16 19 4 38 55 33 13 57 14 22 31 28 26 16 7 32 27 27 58 4 3 41 20 56 26 42 1 55 16 53 24 36 54 33 25 9 27
29 16 23 15 42 47 22 54 26 1 43 4 23 56 49 2 26 21 3 54 2 37 36 46 44 16 12 25 8 59 55 33 49 3 60 22 18 53 51 37 39 35 14 16 54 12 29 60 35 23
13 3 42 27 44 12 46 41 47 35 47 42 20 30 32 6 21 52 9 22 10 21 19 47 59 8 7 37 22 15 17 47 19 43 33 5 42 22 22 4 59 18 15 6 37 55 28 35 55 14
29 11 20 53 26 32 34 35 17 46 36 48 6 1 4 58 2 4 29 39 22 55 53 40 20 39 48 3 39 56 32 43 13 17 57 37 3 47 8 8 40 17 32 51 17 16 34 3 21 44
14 12 37 58 20 31 28 53 57 51 33 10 45 9 19 58 29 12 34 12 14 57 24 2 37 28 27 55 44 28 22 28 46 51 2 11 57 27 43 38 26 18 12 45 7 48 37 46 43 40
49 38 9 5 6 53 49 8 52 34 27 27 57 30 54 43 41 19 51 42 50 20 24 17 59 36 57 22 29 40 37 39 38 17 27 27 51 35 26 21 56 6 6 18 13 3 29 51 9 18
45 39 13 7 47 55 41 45 25 1 60 24 54 16 1 45 2 13 52 27 18 48 43 43 50 44 1 57 38 53 46 52 37 57 49 34 58 47 53 43 11 38 34 42 28 22 21 19 25 9
16 25 9 17 6 8 52 49 28 47 14 60 43 1 10 36 30 17 1 48 60 32 32 54 41 35 1 46 51 18 1 3 29 36 9 38 20 51 55 48 25 56 5 53 9 58 42 9 42 9
58 30 23 22 18 36 31 25 53 18 15 23 28 47 25 30 5 17 41 15 45 25 57 19 39 20 10 16 16 49 20 20 43 16 11 5 16 19 18 54 54 6 45 56 10 37 19 33 17 18
41 58 11 60 2 24 11 9 53 32 32 2 26 1 34 43 50 12 42 23 18 39 22 37 6 47 51 58 9 55 14 5 14 31 26 5 39 11 5 7 40 16 8 41 18 39 34 35 4 2
30 60 41 43 58 51 21 23 36 21 34 16 9 3 49 35 49 48 48 45 36 59 25 51 38 48 22 32 50 46 34 27 44 13 8 23 36 48 20 2 39 60 52 10 6 31 50 39 46 37
59 40 7 37 53 8 43 3 42 34 1 3 49 12 59 1 40 2 30 59 56 18 26 7 17 56 28 3 11 17 46 23 43 1 49 31 8 13 29 39 33 24 32 38 23 56 9 21 15 48
4 53 40 21 2 50 39 46 9 29 25 42 22 12 26 19 17 8 23 11 33 14 29 60 34 53 37 27 6 46 54 59 27 20 38 34 49 49 19 18 51 9 55 20 59 9 18 44 5 12
26 50 29 17 41 25 12 50 55 13 8 22 7 7 11 54 2 12 29 44 13 14 23 56 22 24 19 8 25 28 15 44 58 57 29 50 23 50 39 40 59 46 38 20 43 4 30 16 49 14
44 37 12 8 24 46 24 19 58 29 1 30 40 37 16 2 60 46 27 48 39 3 30 32 8 22 32 40 25 57 29 36 28 36 59 50 1 21 54 51 15 16 34 6 57 52 18 20 18 57
18 50 51 5 23 4 56 31 57 18 55 57 23 39 24 52 22 59 29 44 23 33 3 42 52 4 28 24 50 13 13 27 55 48 41 57 51 42 34 57 33 20 11 58 53 36 18 4 30 32
56 12 40 37 30 34 8 49 22 10 58 41 26 40 58 49 24 14 6 1 3 47 27 18 20 53 44 39 48 19 37 20 38 14 56 28 27 18 39 8 33 22 60 37 29 53 29 33 59 40
21 55 31 38 60 46 51 45 46 28 4 3 6 44 44 16 19 44 9 15 54 6 22 4 39 29 18 4 15 33 31 58 2 44 57 45 19 47 10 35 19 26 30 14 25 48 27 51 58 1
4 40 27 44 54 59 19 59 2 10 57 37 11 60 54 13 11 45 32 46 12 52 51 60 45 60 20 57 27 46 2 55 17 12 35 59 44 37 56 6 22 25 54 8 2 24 2 16 46 34
45 52 38 56 47 45 20 42 33 60 6 16 31 10 19 6 17 39 42 2 38 52 9 56 3 37 43 2 25 29 10 13 49 27 58 56 53 26 31 3 30 32 54 30 17 38 33 57 6 25
48 25 25 45 24 20 34 15 3 1 39 20 13 51 10 8 32 31 21 24 48 45 41 44 56 14 28 48 21 16 47 26 27 20 28 22 9 12 46 26 22 33 28 58 42 41 21 1 33 14
1 35 18 22 33 45 54 26 32 33 18 32 60 56 12 21 5 46 44 7 46 11 16 7 59 42 18 41 45 32 36 37 48 29 1 32 29 20 41 29 35 3 37 49 57 14 24 21 37 36
57 39 60 28 11 27 46 7 50 52 30 38 58 37 21 51 16 22 38 44 9 10 44 18 26 43 58 4 43 53 32 22 35 3 26 42 4 7 1 20 30 11 50 29 10 17 33 41 24 14
23 31 34 42 18 38 58 33 37 55 17 44 55 50 59 11 18 57 23 21 19 55 11 49 23 7 19 16 34 40 40 40 38 6 37 40 26 25 58 3 50 22 37 18 51 10 5 55 12 39
29 6 33 8 46 15 4 6 12 6 24 4 42 59 47 48 7 10 38 6 37 17 24 26 13 16 18 17 5 37 35 33 16 2 4 29 39 37 17 46 11 45 52 8 12 18 8 41 35 14
22 55 36 39 18 2 51 8 33 14 46 35 27 43 37 18 12 41 36 43 3 4 21 27 1 55 43 59 28 11 30 32 8 49 34 50 7 14 15 59 1 35 40 12 11 53 28 13 38 1
29 47 56 48 32 27 29 56 24 20 41 38 5 57 29 1 2 55 57 5 50 54 50 37 56 53 34 57 3 27 56 22 9 30 59 12 1 34 13 57 18 21 7 26 56 25 37 38 47 16
18 23 55 21 24 60 58 29 45 38 1 2 11 28 8 3 48 25 25 28 29 35 19 23 8 3 17 17 21 19 3 27 1 34 42 13 2 57 13 23 26 5 13 4 19 27 59 49 4 31
24 24 16 51 24 44 8 44 56 37 28 58 5 60 2 44 24 55 53 4 10 11 56 23 52 10 52 7 15 5 24 21 14 21 32 14 49 38 2 40 45 13 23 34 29 37 36 20 1 20
46 50 7 24 54 45 25 59 45 14 6 1 24 35 43 39 5 36 10 15 45 3 18 30 4 9 8 31 14 13 11 47 33 17 36 43 6 38 43 58 23 45 10 30 5 10 48 10 6 37
35 36 19 52 5 55 11 39 60 28 34 60 56 31 28 33 12 38 34 21 38 4 12 9 7 21 55 23 53 39 53 8 54 9 21 21 48 10 19 4 17 24 4 20 53 56 60 21 41 35
12 9 47 18 58 53 26 8 43 9 48 45 6 43 24 36 58 52 1 59 13 6 56 24 8 39 43 56 22 32 52 55 14 53 33 12 18 8 31 4 48 53 59 51 16 4 44 58 53 49
39 2 48 34 50 38 6 22 1 34 47 14 39 14 48 13 53 33 28 6 19 35 50 48 59 9 60 9 50 51 35 10 20 52 46 5 5 12 3 21 38 39 27 42 29 4 26 14 51 45
4 43 48 59 58 29 46 4 48 8 3 35 1 36 29 32 30 24 41 56 25 30 35 31 29 44 57 40 33 56 12 54 38 3 13 41 21 50 28 18 60 27 19 33 38 45 2 20 48 47
17 36 51 38 24 53 42 53 24 54 29 14 33 30 47 3 32 32 22 47 29 26 31 14 50 31 20 31 46 17 8 16 7 1 26 34 7 50 46 51 3 31 23 51 22 10 2 5 38 5
23 57 22 19 59 60 60 3 22 51 16 38 55 13 58 43 24 22 42 6 13 56 33 50 28 11 29 12 50 27 40 57 24 32 32 20 57 10 5 22 26 25 22 39 27 52 58 39 31 8
59 27 19 31 35 5 35 13 13 46 19 17 25 18 3 57 17 3 23 13 27 25 55 7 52 6 11 42 57 48 26 45 23 17 54 38 4 48 33 10 3 37 46 34 37 43 2 27 46 22
52 35 59 24 40 21 56 2 18 13 57 32 19 5 3 24 37 27 25 26 48 22 10 4 11 36 15 50 13 20 27 45 26 34 34 35 42 41 6 53 29 56 21 24 46 55 10 29 36 11
32 10 37 49 51 24 1 20 14 45 57 48 17 30 6 10 40 30 39 53 23 60 34 53 49 42 38 49 20 29 20 21 1 8 37 35 56 26 23 45 25 22 43 55 22 42 22 25 41 7
51 16 52 49 55 40 39 54 33 39 59 42 54 32 43 39 38 21 17 45 40 37 37 37 39 2 52 25 57 8 1 9 5 17 56 52 60 38 15 41 19 17 49 6 3 36 20 2 16 52
39 58 54 2 23 60 1 55 37 26 13 1 39 36 35 19 43 57 5 29 38 1 38 35 39 38 29 44 41 24 55 18 28 14 46 17 11 10 19 7 54 13 8 28 13 5 53 43 21 21
8 7 50 31 32 6 20 33 58 2 26 12 20 40 22 58 42 52 3 19 56 50 44 32 2 56 11 25 54 28 27 15 11 3 34 37 46 24 49 20 46 48 36 24 14 20 33 48 16 7
7 35 53 44 15 18 33 14 50 4 23 10 25 56 13 11 34 4 5 43 51 19 50 28 43 38 30 37 1 22 36 13 32 9 42 34 35 28 39 11 9 17 29 14 27 42 10 36 38 6
48 53 21 47 1 22 9 7 7 33 31 37 11 15 53 49 49 6 46 22 17 24 59 51 34 40 21 20 39 60 25 40 46 41 57 48 19 12 31 6 57 4 30 15 5 12 9 33 38 19
17 22 11 3 44 18 45 12 14 41 37 23 1 4 30 20 50 39 1 24 33 26 1 40 55 42 21 36 3 60 54 26 10 59 36 35 23 26 2 14 4 45 4 29 12 4 5 14 12 44
24 12 44 60 56 1 52 8 6 35 38 32 49 47 20 45 31 40 34 3 26 22 27 16 25 49 2 12 38 49 7 27 17 30 2 26 10 39 17 34 46 6 43 15 37 34 26 59 18 52
10 59 48 59 43 35 7 56 29 60 35 60 1 14 17 6 8 28 53 31 36 36 57 30 56 59 54 1 28 21 36 46 4 32 8 42 20 52 19 3 34 6 29 18 26 36 1 26 55 50
5 23 45 52 40 45 18 30 31 8 39 50 52 49 50 14 40 4 12 4 5 12 38 12 5 40 16 10 12 44 43 26 11 22 43 49 30 56 19 8 4 25 29 19 36 19 35 59 33 22
50 7 50 47 38 32 20 33 58 23 53 26 42 31 41 34 48 32 39 43 58 10 24 3 30 37 59 18 36 23 50 17 18 36 15 15 35 47 24 28 10 8 7 18 1 17 36 16 51 12
23 4 12 6 9 26 45 48 42 58 22 40 51 28 30 25 46 26 27 57 24 16 24 48 5 50 34 9 51 26 5 10 40 51 2 1 4 1 19 54 5 46 18 39 57 34 17 48 31 18
25 57 48 51 50 60 9 5 11 6 6 35 36 53 17 2 18 41 59 53 33 24 28 19 29 45 13 1 47 42 22 54 52 50 54 53 3 32 42 38 25 3 57 4 37 59 52 23 10 45
35 26 22 50 56 5 44 26 28 57 10 32 12 38 46 46 45 52 38 17 51 19 7 32 1 25 13 44 27 5 37 59 15 37 57 52 38 9 17 52 1 7 11 17 33 53 40 55 57 17
35 60 60 46 36 2 12 22 37 46 56 21 26 31 49 37 2 8 10 42 25 19 54 8 20 57 10 20 33 43 5 23 52 59 57 42 9 22 38 50 41 57 20 59 37 57 38 17 38 14
3 6 2 55 48 14 13 19 35 27 47 16 41 8 19 52 7 41 38 47 41 39 6 42 44 53 52 23 22 7 36 16 32 19 31 35 38 45 17 54 25 3 14 36 22 24 2 40 18 23
17 5 12 4 15 60 38 10 17 42 46 31 4 27 46 27 47 23 7 38 6 29 11 17 15 12 23 14 39 59 38 10 59 5 8 35 10 34 26 35 50 48 37 53 22 38 6 9 23 41
29 42 35 4 48 27 18 15 17 40 3 4 39 29 31 33 52 27 18 38 31 28 30 51 29 49 60 57 48 30 9 20 30 59 8 55 53 58 33 42 35 22 21 43 18 5 49 8 16 8
9 52 49 21 29 29 58 38 25 33 44 56 49 43 28 46 55 47 48 20 56 14 14 54 50 14 58 20 53 16 30 18 14 18 6 5 50 51 59 60 16 27 10 26 11 26 24 25 53 27
38 26 50 59 37 18 39 10 11 38 30 12 50 2 16 35 22 28 6 60 2 15 55 6 42 29 30 11 28 52 4 34 7 41 8 44 3 50 10 23 34 59 3 22 32 34 47 32 21 38
32 22 58 51 30 39 35 5 34 1 25 41 21 60 44 54 23 60 25 55 57 17 59 43 27 17 8 18 59 22 43 22 56 14 47 49 4 28 18 37 42 37 39 20 9 5 38 38 29 17
26 10 25 6 48 23 22 5 44 10 33 41 40 60 49 56 12 3 3 44 51 13 30 30 12 9 21 12 16 21 58 2 9 45 56 25 30 54 19 46 7 25 51 55 9 48 35 6 15 52
14 6 17 30 19 26 58 9 59 19 25 41 4 43 17 41 25 25 44 20 1 32 18 51 50 14 28 47 49 42 39 2 22 10 6 37 30 39 43 44 39 16 45 6 33 12 48 33 27 31
30 6 13 51 16 2 43 18 50 22 22 32 58 5 28 17 56 20 20 32 11 47 47 60 14 47 25 27 10 28 26 22 36 17 39 56 42 27 2 7 21 29 37 47 24 12 31 34 60 39
27 56 40 49 29 14 2 59 51 56 32 38 15 54 30 41 34 24 46 29 23 50 44 2 55 58 50 8 21 31 49 7 16 20 40 39 30 40 57 34 40 23 3 44 48 39 54 22 60 52
47 23 9 56 4 30 17 9 16 21 53 22 1 21 60 44 38 3 5 44 44 7 10 50 24 11 47 28 5 25 28 54 24 45 27 5 19 28 15 10 15 42 14 60 16 52 60 44 6 52
38 1 28 58 40 18 56 28 10 23 20 15 41 37 22 20 30 36 58 24 4 1 49 33 46 44 42 29 2 44 29 26 36 42 52 30 12 14 52 59 15 57 33 1 2 20 38 30 56 37
11 16 55 27 6 51 58 51 8 22 45 58 51 33 17 39 25 26 53 35 29 12 51 59 54 30 5 52 22 43 29 60 27 33 29 29 38 18 14 8 53 13 12 58 48 23 42 7 1 31
9 52 48 3 7 17 4 3 41 35 52 15 13 9 53 6 44 13 17 50 6 56 45 60 40 14 46 30 44 20 55 18 25 48 36 3 25 35 14 15 44 13 28 30 33 31 33 33 45 31
52 22 54 43 19 10 39 48 7 3 43 24 52 51 27 43 27 8 3 14 30 60 10 31 6 57 27 47 24 53 18 43 44 44 32 39 47 27 31 17 16 59 39 28 29 33 12 50 24 8
54 8 52 39 49 53 24 39 53 31 16 4 12 52 46 58 58 5 18 18 12 12 48 5 5 16 23 5 11 55 39 9 50 14 56 49 58 37 6 29 14 19 28 52 35 8 36 59 1 57
40 16 21 36 57 10 22 5 57 3 22 39 10 37 55 9 57 22 15 21 34 17 41 12 59 22 1 45 37 56 9 55 42 15 45 39 56 23 5 29 52 44 6 44 4 60 31 45 32 35
47 22 25 3 21 6 29 45 42 7 9 21 3 42 50 58 18 21 3 45 49 21 27 5 47 1 49 24 14 10 1 43 52 33 53 7 56 9 7 60 16 23 19 59 42 15 51 34 37 17
12 58 36 42 25 44 40 25 30 52 28 9 40 7 47 10 50 25 7 44 52 54 53 14 13 47 5 44 40 16 18 58 17 34 52 31 28 34 12 39 54 7 8 53 39 48 48 1 29 24
56 6 60 45 25 8 19 30 42 31 24 17 57 48 44 4 39 46 2 25 38 57 43 4 41 27 46 14 30 35 23 55 56 27 31 34 3 53 59 10 41 16 8 24 53 19 35 3 37 28
15 16 28 56 17 27 32 57 42 46 40 29 21 43 42 20 25 13 11 15 46 3 51 29 30 22 9 30 23 3 50 34 56 50 54 5 45 46 38 36 14 11 7 17 27 39 47 40 21 5
54 6 46 56 30 39 12 19 8 35 14 39 6 42 26 42 30 56 38 45 30 54 30 45 43 55 6 52 20 14 53 11 49 30 41 50 37 30 57 40 21 31 28 17 12 46 17 28 43 4
59 30 49 40 27 33 1 12 11 8 18 59 17 14 25 12 51 7 43 57 4 35 17 8 32 26 10 17 31 51 2 11 53 51 41 41 29 38 1 32 32 54 32 1 29 13 1 26 59 8
39 3 10 47 3 25 14 18 33 12 1 22 7 45 52 34 25 9 3 40 29 19 41 46 13 43 59 45 21 34 19 30 57 31 39 3 39 58 22 57 29 13 20 7 54 4 48 27 14 53
47 22 17 36 38 19 21 47 60 57 42 57 34 48 20 3 4 44 40 19 22 30 13 49 29 56 14 16 53 7 37 39 27 11 48 40 59 50 40 50 29 42 44 24 46 59 23 51 31 6
57 45 11 7 4 48 48 47 40 21 38 21 40 39 39 45 8 30 24 38 41 25 53 32 18 24 12 19 39 20 35 23 55 21 47 23 59 10 12 26 7 7 50 5 15 9 21 2 32 28
30 7 52 26 38 47 52 27 9 59 54 31 31 10 26 45 50 12 54 42 23 34 18 12 44 4 1 28 21 16 50 21 55 35 2 57 6 30 26 22 3 44 24 9 20 22 2 55 31 18
49 38 56 14 50 9 24 22 27 43 44 32 52 39 28 53 5 26 21 49 54 26 44 49 51 44 58 22 2 16 41 36 34 4 36 28 27 19 29 18 53 30 13 57 39 31 23 60 58 10
19 24 43 50 30 59 18 42 18 1 48 3 5 47 17 14 7 13 24 58 46 30 35 59 4 26 7 2 4 12 26 35 14 43 23 33 38 47 1 16 24 56 4 29 2 17 58 56 24 37
1 3 48 39 14 15 7 9 23 43 10 9 22 3 57 22 53 36 31 58 24 15 16 33 35 36 44 58 25 14 43 53 16 10 16 31 51 32 51 2 55 23 25 57 35 39 1 4 6 23
5 18 41 43 56 4 56 40 47 18 16 39 17 2 48 37 49 1 15 16 12 12 34 25 32 8 26 19 17 45 16 35 53 4 13 55 31 30 28 6 8 60 45 56 54 2 20 34 24 59
13 58 30 52 22 10 50 48 48 13 5 60 46 55 33 19 32 13 15 45 19 3 35 43 39 51 58 25 3 52 41 2 33 1 9 19 23 57 15 26 4 51 15 45 28 34 28 36 19 47
35 9 3 46 36 29 2 16 30 21 7 53 40 7 7 11 55 18 4 10 9 23 15 19 2 59 33 28 47 24 58 3 17 19 29 47 45 43 22 28 31 7 35 3 7 55 46 47 5 47
19 22 25 10 6 39 40 19 13 40 15 39 10 60 41 42 31 11 3 49 52 14 15 10 3 29 25 23 34 49 56 33 48 60 10 59 5 8 57 5 12 51 42 34 3 13 39 10 37 52
21 17 2 49 8 33 35 16 32 48 49 57 19 58 29 59 26 9 49 29 59 3 40 42 12 46 43 57 46 32 57 45 27 37 33 38 16 44 13 41 5 4 43 39 31 21 28 57 52 46
48 28 5 55 50 45 8 3 31 19 45 39 53 7 45 16 33 57 34 28 44 47 11 60 59 52 15 59 41 6 21 32 10 48 37 49 55 28 37 16 47 29 3 27 47 34 29 51 38 35
9 17 51 12 34 56 24 48 25 48 3 4 55 5 8 33 33 3 9 27 24 7 6 14 8 14 3 44 32 35 43 34 16 15 2 57 27 25 27 40 11 24 21 35 11 4 28 35 4 28
49 43 42 6 56 49 33 46 31 41 31 23 22 18 60 55 12 6 57 23 34 16 53 54 37 50 53 49 25 44 58 40 5 5 16 15 20 23 24 56 34 38 35 49 7 26 42 1 12 27
9 56 12 57 27 10 2 10 42 57 17 43 45 1 59 59 44 33 13 60 5 60 31 2 57 49 35 5 20 22 13 21 2 53 41 33 45 27 56 39 59 5 57 7 11 31 53 31 33 48
35 60 23 17 49 19 51 4 28 49 25 26 34 31 40 49 31 22 41 11 44 26 3 24 20 15 10 55 28 25 28 58 49 58 14 60 42 30 13 32 36 52 44 47 17 34 60 45 21 7
15 54 51 3 50 33 58 59 57 51 10 54 23 32 46 35 40 26 35 60 32 46 54 18 34 34 41 16 21 21 9 57 53 18 53 9 28 36 16 39 58 18 38 43 20 16 26 33 10 44
3 55 19 36 13 57 43 32 40 3 51 27 19 33 20 57 26 29 26 43 12 23 49 22 49 57 51 32 36 10 24 30 37 30 13 17 2 8 55 40 3 9 48 50 43 23 31 3 7 31
39 51 54 33 40 34 55 40 18 20 48 42 30 42 5 39 18 12 52 43 22 49 24 53 48 21 56 46 40 54 34 48 34 55 58 46 14 16 40 22 60 59 54 59 28 48 8 47 55 23
50 7 60 51 39 8 18 46 53 28 15 21 5 43 25 25 47 25 49 48 13 30 4 41 43 58 60 8 2 52 32 47 57 28 56 55 59 6 11 26 35 7 33 29 9 32 17 18 56 49
24 55 53 35 43 53 13 31 10 36 4 11 29 27 46 4 6 27 28 18 32 2 19 56 37 16 23 2 29 10 14 58 46 6 14 53 43 16 27 16 12 15 4 16 50 16 59 53 28 23
31 9 16 15 1 46 34 21 17 55 2 20 14 12 9 23 45 43 58 1 2 22 50 47 42 28 33 4 47 50 3 55 60 8 23 49 2 57 24 45 31 17 18 58 27 49 18 10 42 49
20 35 6 37 27 31 2 51 49 7 19 51 50 52 44 54 31 47 34 29 2 12 30 49 35 34 41 10 56 34 42 54 6 1 54 42 33 51 45 15 30 57 45 40 27 27 56 28 34 57
45 38 54 49 6 21 41 52 18 28 50 22 46 42 5 18 5 32 8 33 42 48 56 5 18 13 41 42 2 48 8 55 15 11 7 7 44 1 33 25 51 13 54 13 49 40 38 50 9 20
21 23 3 23 45 23 2 34 33 35 14 32 31 25 34 57 8 27 46 38 5 56 53 4 44 1 36 15 49 13 50 31 39 29 22 3 41 4 20 5 48 52 45 25 58 55 48 1 21 56
22 35 17 7 39 52 15 14 32 18 59 47 1 12 1 50 14 5 55 25 30 47 18 25 48 21 25 37 36 54 45 11 51 14 36 32 37 8 7 54 55 30 43 28 40 19 13 43 34 15
7 12 24 34 19 24 35 19 40 22 29 54 8 5 39 18 26 49 49 39 20 30 46 56 10 22 14 43 3 43 15 7 43 21 57 1 50 3 3 38 50 40 17 18 57 51 51 5 56 9
16 13 42 31 45 15 59 17 8 30 46 36 5 37 44 3 44 10 54 33 5 52 19 51 4 15 29 18 53 43 23 59 33 19 49 43 44 48 53 44 49 32 34 30 10 41 37 50 59 31
60 53 19 6 50 28 59 19 58 22 52 7 21 21 17 45 45 26 2 55 48 55 30 6 20 5 4 42 28 20 58 38 42 17 51 11 27 16 32 3 35 33 49 1 16 22 14 17 21 14
41 7 58 26 36 13 54 56 34 53 19 2 6 7 9 33 23 17 15 25 57 16 1 38 32 1 17 40 39 44 40 37 6 4 15 57 4 5 19 7 4 36 37 46 28 29 13 43 38 14
7 17 40 10 15 57 2 3 43 15 30 50 36 30 31 35 14 15 57 30 23 55 18 23 24 53 7 47 12 7 56 31 30 7 56 16 16 52 22 32 19 18 14 13 28 40 6 3 38 8
8 55 40 21 34 25 47 28 55 30 24 8 28 33 37 4 51 6 48 41 3 2 5 24 45 49 14 13 15 15 14 16 9 1 41 30 8 24 26 44 9 55 50 58 48 48 23 11 7 38
38 46 35 44 19 15 3 38 1 15 39 24 41 13 58 25 37 8 48 14 19 22 45 18 11 34 50 1 14 18 29 11 33 57 43 40 55 31 10 54 36 52 6 18 25 36 30 54 7 30
1 60 57 5 45 41 57 44 35 32 3 55 2 44 14 26 58 60 30 2 11 2 53 35 25 4 1 49 49 38 41 24 11 51 1 48 60 24 51 57 26 12 36 50 53 14 25 44 51 55
38 35 11 28 45 58 35 26 23 60 57 1 53 34 41 18 9 36 7 2 45 31 28 4 35 15 31 48 10 14 12 1 17 8 57 12 22 22 47 1 35 13 52 40 50 8 44 38 54 20
44 28 43 17 31 29 59 57 48 29 47 18 15 53 46 48 46 9 53 22 20 57 46 47 50 40 47 48 22 58 34 51 4 35 16 32 1 33 8 36 46 7 32 25 30 17 35 15 56 5
6 56 58 47 46 43 36 59 35 22 57 39 54 46 56 60 53 12 55 25 33 11 51 3 44 49 34 5 56 12 14 59 7 15 9 34 32 3 33 6 10 58 35 26 46 3 58 53 31 38
38 7 39 29 27 38 50 6 42 2 29 4 16 25 49 18 28 7 24 42 55 39 43 2 52 3 1 42 49 33 50 34 37 32 26 10 46 53 10 6 20 7 2 40 2 1 38 15 25 27
28 60 9 38 23 23 36 34 19 55 3 60 9 49 19 56 26 39 58 42 22 2 45 20 17 42 51 8 3 33 1 22 52 3 13 51 13 56 29 7 8 20 2 33 54 25 6 17 60 54
42 42 7 1 26 50 17 56 2 8 17 17 25 1 1 55 7 48 2 28 36 23 34 24 47 38 33 26 48 45 6 22 16 14 10 8 1 52 31 47 7 56 51 21 59 6 37 25 31 24
55 45 31 36 51 17 40 25 31 14 38 16 4 16 5 35 54 50 58 37 6 60 52 47 20 22 10 25 1 34 7 12 48 35 60 36 9 36 50 60 49 28 31 9 33 38 49 2 50 43
48 16 57 56 12 12 14 16 8 26 54 48 50 47 44 18 58 55 46 36 48 14 33 26 58 53 7 33 6 6 15 9 25 47 20 29 53 40 42 7 30 47 41 57 40 33 36 11 50 37
4 24 9 52 19 38 47 35 35 15 58 34 27 25 23 43 42 45 36 39 48 25 32 14 31 21 21 37 59 53 18 48 34 5 59 46 8 54 47 21 31 60 12 37 56 21 15 32 24 51
27 4 54 51 6 55 37 50 39 15 6 35 22 6 13 27 20 32 6 60 24 3 37 43 38 12 56 31 22 41 42 12 5 58 19 40 22 17 24 47 18 13 26 5 20 24 39 32 36 6
23 33 4 14 11 17 30 35 13 14 32 9 47 38 48 43 19 9 57 24 27 37 58 1 59 42 48 38 1 14 2 10 29 21 58 52 41 34 17 28 59 33 21 12 11 44 16 3 19 14
50 59 6 39 9 17 47 42 17 55 33 3 23 16 25 42 28 29 47 5 59 11 60 39 22 47 20 23 46 44 10 35 12 20 54 6 58 37 11 7 52 55 14 35 6 17 28 21 58 34
12 37 32 33 8 11 30 22 9 5 18 24 42 57 38 11 16 5 19 58 51 4 23 44 15 51 13 17 59 26 36 59 47 35 39 30 52 17 35 45 49 54 34 58 51 13 5 19 9 51
42 31 12 53 48 18 43 19 32 13 58 41 9 36 47 22 35 49 57 22 30 57 45 51 52 44 58 39 10 30 17 29 18 8 55 47 59 37 29 31 30 49 17 21 26 29 43 43 44 2
8 39 11 49 2 41 16 6 35 54 9 56 4 2 57 2 44 10 5 13 13 38 38 39 37 2 37 47 8 21 42 36 13 56 9 53 8 8 51 23 48 4 17 23 3 48 59 30 25 35
33 29 46 9 36 54 9 33 15 13 31 50 53 16 19 5 4 7 30 18 59 20 31 39 29 10 30 45 11 12 56 53 4 15 17 47 46 6 15 18 9 42 59 33 53 41 40 40 18 9
52 12 43 1 26 4 49 5 55 50 35 25 10 37 3 33 7 48 31 46 25 37 6 52 8 54 27 46 39 8 35 1 12 44 60 4 40 1 4 34 34 48 41 45 37 19 16 8 34 36
47 7 43 13 54 26 45 36 46 56 18 7 51 12 56 12 17 39 36 49 60 52 39 36 56 6 34 35 1 43 1 17 23 16 19 58 5 34 58 8 18 53 27 41 58 45 34 2 32 48
6 11 8 14 56 24 41 24 12 31 56 12 11 19 33 19 4 48 21 28 35 2 47 36 24 41 25 57 44 39 40 34 49 42 23 52 12 15 24 21 32 22 12 16 3 13 45 19 16 33
11 23 58 44 12 16 33 56 42 33 17 41 10 58 60 4 60 57 44 31 3 28 27 40 27 57 45 36 28 25 58 44 47 43 8 6 47 54 20 51 59 1 3 58 1 37 28 5 46 4
50 37 43 40 60 57 43 33 4 11 27 5 36 7 35 24 53 38 9 15 28 49 17 20 3 12 12 29 50 20 31 53 47 27 37 41 8 49 51 19 42 3 9 29 2 28 59 28 55 33
14 40 38 2 54 51 55 47 8 59 27 13 44 12 19 28 15 57 17 18 47 53 15 2 14 28 21 36 23 35 34 14 26 51 2 37 19 24 22 1 41 31 47 7 49 3 32 48 60 4
60 33 23 56 33 56 59 10 13 51 47 35 19 18 60 28 36 37 3 58 1 26 32 39 20 19 34 28 53 58 11 59 25 46 40 11 23 24 5 26 46 28 8 40 46 8 4 49 43 14
7 4 18 51 40 24 31 49 24 20 36 51 29 34 39 55 43 23 35 19 28 49 24 15 16 9 42 15 32 4 23 51 53 12 49 26 16 4 33 29 35 48 48 30 12 34 17 47 44 1
58 34 22 48 22 21 19 24 52 34 36 46 12 28 44 7 25 12 29 53 29 33 45 32 55 49 27 60 19 41 42 9 26 23 41 38 6 48 27 43 7 34 39 34 46 27 38 42 21 11
16 17 23 8 39 8 34 31 55 1 43 42 34 31 42 14 5 8 15 27 5 33 43 47 18 49 48 15 45 51 12 30 45 60 60 56 5 6 43 37 6 12 32 2 37 57 23 11 27 28
53 12 21 15 29 55 47 54 27 13 15 1 18 25 30 31 60 5 46 15 47 17 60 38 13 4 58 15 51 50 38 43 28 52 47 25 18 8 31 46 23 12 6 51 22 22 28 51 21 20
49 56 29 46 22 54 7 30 30 52 30 19 1 10 34 44 17 38 35 47 59 2 45 3 58 60 7 11 57 23 26 42 48 32 38 14 42 27 27 8 11 58 31 34 31 44 49 35 50 20
51 8 16 16 54 20 39 55 4 55 42 25 25 45 53 3 36 11 56 22 54 27 37 24 49 59 26 29 32 34 43 44 30 37 17 6 26 39 14 59 5 49 35 3 42 17 33 26 5 21
18 57 43 50 31 1 40 5 22 10 8 15 42 55 53 4 17 52 9 6 2 3 41 38 18 59 55 5 46 34 46 28 31 16 8 54 34 12 58 50 15 17 60 23 12 18 25 30 38 16
57 9 50 6 36 17 15 8 24 23 50 32 34 10 2 50 5 31 40 52 45 43 55 24 40 54 4 46 52 18 38 48 7 33 1 23 35 41 42 31 43 59 54 50 24 38 18 60 17 58
60 6 58 16 44 17 19 42 37 46 46 8 35 33 7 34 51 32 14 53 59 50 44 21 45 56 57 31 34 42 48 17 16 32 31 55 41 18 50 21 46 35 40 6 51 12 45 3 45 21
36 49 30 17 6 42 43 40 59 25 21 35 58 59 42 9 55 35 8 29 5 50 41 31 52 41 10 12 20 2 5 17 52 15 13 22 31 50 45 29 11 20 23 27 8 29 1 28 35 3
12 57 44 32 4 25 25 43 42 35 21 3 58 12 25 31 31 56 17 40 6 50 29 49 53 11 26 57 47 60 5 40 16 5 49 6 38 18 49 4 56 10 32 19 37 55 6 27 21 50
20 52 30 26 54 13 6 2 11 35 16 35 55 23 18 21 58 2 9 53 43 48 12 8 28 42 26 29 33 45 39 46 25 9 42 37 57 16 44 10 22 37 55 8 51 51 28 20 26 9
51 11 26 36 18 8 58 2 10 38 20 19 52 44 7 54 29 18 14 49 22 23 12 37 45 49 43 16 7 18 45 53 31 60 24 56 29 29 34 55 31 31 6 4 55 26 35 16 54 24
18 12 35 57 52 14 12 44 55 12 50 58 55 33 47 1 44 10 28 17 47 54 46 58 22 52 29 23 4 6 13 55 33 31 17 35 3 32 7 55 19 55 7 38 22 51 37 23 17 45
13 56 37 22 39 36 46 32 41 40 17 56 17 17 56 23 54 53 20 14 30 4 51 24 19 14 5 34 23 27 9 13 47 30 6 34 47 11 22 8 46 31 46 60 35 52 10 50 9 30
14 16 46 32 16 4 13 6 51 58 3 2 33 36 22 59 6 28 29 59 36 29 58 24 38 49 23 10 25 58 40 14 6 26 22 54 44 22 13 53 14 15 19 14 29 31 27 46 46 49
43 57 39 60 25 22 1 20 58 20 15 28 36 56 37 20 51 16 25 50 54 11 33 27 48 50 25 4 17 52 4 25 15 55 9 4 47 55 39 45 22 29 5 14 1 46 45 33 50 29
13 13 21 51 27 36 58 51 27 13 4 28 47 29 56 31 56 28 48 12 46 4 2 30 49 27 23 48 36 5 37 59 50 9 46 41 26 19 4 23 21 17 22 48 40 45 33 16 19 27
27 5 12 27 56 1 3 16 22 37 22 18 46 55 41 2 21 21 60 46 20 59 4 10 35 57 54 54 36 60 27 21 54 3 59 57 43 53 18 46 3 57 46 12 40 10 23 50 38 53
46 9 9 55 20 10 11 45 59 19 29 30 38 10 53 60 29 17 14 44 58 27 45 51 18 24 34 6 40 54 53 9 17 18 9 5 31 21 8 6 7 20 12 39 57 29 45 23 45 59
50 32 60 45 28 20 42 31 33 53 24 34 59 34 21 4 38 51 4 11 58 30 29 33 7 3 56 45 23 28 35 38 27 10 43 5 23 25 10 39 55 52 30 37 1 4 49 47 38 43
50 42 48 42 51 21 22 13 29 1 27 27 49 1 56 34 6 47 41 19 7 41 33 41 7 4 44 57 60 8 4 6 21 11 10 2 32 38 6 48 26 2 40 59 29 29 22 47 11 7
23 53 4 50 34 52 35 4 5 50 40 33 17 57 60 32 59 33 57 39 9 20 38 42 28 49 59 58 52 27 45 32 50 32 60 5 7 11 28 40 25 34 22 58 6 3 43 16 19 59
25 11 31 15 24 21 39 7 35 7 10 20 49 7 34 1 44 10 21 48 9 5 5 46 47 10 29 45 30 54 42 29 10 52 54 43 4 39 22 12 11 9 44 50 40 31 33 37 16 7
11 12 48 47 42 20 47 11 5 41 13 9 44 53 53 40 51 58 14 31 45 30 33 27 7 18 12 15 8 29 59 32 36 25 15 52 51 45 28 3 57 53 46 21 12 26 37 26 25 12
18 15 36 32 17 30 53 32 9 58 15 45 21 36 1 3 4 26 18 54 21 40 26 24 1 5 44 22 49 47 44 3 11 22 20 33 42 7 60 28 58 32 54 44 40 3 9 52 10 32
53 23 5 28 3 33 55 10 7 9 19 9 2 36 42 4 29 28 7 10 43 7 56 12 60 20 4 7 13 15 48 38 44 33 45 19 40 39 7 4 40 32 29 55 1 8 10 39 12 40
16 9 42 48 53 13 26 48 10 26 57 48 5 51 36 42 57 21 34 5 18 57 9 8 31 3 9 48 15 13 37 42 9 40 37 14 14 10 31 25 12 34 49 54 47 35 16 11 19 21
45 17 24 20 34 43 25 20 10 25 9 36 26 30 60 51 51 29 35 1 36 8 15 52 28 46 55 7 57 43 34 42 1 8 45 35 21 33 14 36 46 35 8 30 35 33 58 10 56 32
44 11 51 36 34 34 9 46 42 25 58 2 45 26 4 33 41 23 39 47 47 35 37 47 59 56 33 22 16 32 52 56 54 60 51 40 52 2 36 49 37 14 18 12 1 56 52 28 15 29
54 33 55 22 16 45 4 9 13 29 37 48 4 10 48 41 54 31 44 48 35 22 34 34 19 18 26 32 31 48 38 33 16 51 42 20 12 53 19 33 48 36 2 18 30 32 58 34 40 60
23 38 59 37 35 18 54 49 27 28 60 5 7 60 48 14 51 55 29 35 52 60 31 26 60 1 21 45 11 33 54 56 11 21 59 40 59 16 43 22 54 56 30 48 2 58 34 58 37 5
19 47 48 49 22 22 41 30 48 31 8 36 48 41 31 47 36 30 17 28 8 10 29 3 14 36 24 6 33 33 1 32 19 51 15 38 6 28 2 42 24 32 34 7 18 7 51 50 4 37
40 50 44 49 28 21 23 9 21 24 11 7 30 55 11 51 1 32 45 1 5 54 18 6 9 34 2 1 44 20 13 10 25 40 17 48 30 17 15 18 36 19 34 38 13 55 59 52 58 3
45 10 22 18 34 19 5 40 57 35 43 52 33 53 25 31 2 24 27 37 16 18 22 41 39 34 50 9 34 54 16 17 31 34 15 23 35 43 39 37 28 48 51 23 49 2 27 20 2 39
18 42 59 27 14 32 51 4 28 35 11 50 16 6 32 12 54 15 2 5 43 15 50 55 54 42 16 33 32 14 59 16 31 48 29 15 8 20 17 16 19 52 19 52 44 19 50 19 28 22
50 31 37 39 18 10 42 9 18 32 20 16 37 31 35 6 57 54 36 41 47 2 32 31 42 41 58 56 47 2 10 11 25 14 29 47 40 13 37 26 7 51 9 19 44 48 57 2 45 5
39 23 50 54 24 60 38 41 46 30 25 38 36 1 52 34 27 60 38 25 45 49 2 2 29 12 30 22 59 40 16 26 24 18 25 38 42 32 5 29 16 28 18 20 24 49 45 44 45 31
14 22 18 58 36 27 8 51 34 2 56 20 27 34 50 33 10 52 1 36 11 7 3 42 60 40 52 21 27 4 19 14 37 30 45 21 10 8 10 36 40 43 57 1 53 18 53 31 34 55
11 59 25 48 19 22 18 3 28 50 9 41 53 30 33 51 58 41 19 46 37 13 53 40 54 28 29 11 19 15 22 44 13 51 46 53 9 41 30 55 37 53 11 50 5 56 13 51 14 41
20 42 52 20 14 39 30 60 24 14 40 58 51 26 30 4 15 20 59 55 5 27 47 22 16 35 4 27 35 15 27 31 55 14 50 8 20 43 15 38 43 26 33 45 4 44 9 19 52 55
56 25 8 51 36 39 16 21 49 28 33 10 34 60 11 36 47 5 43 31 33 14 8 6 45 36 30 38 11 57 57 33 59 24 56 56 55 47 60 20 13 8 8 21 20 1 9 44 2 14
35 9 24 60 39 15 21 60 17 55 29 34 19 15 46 10 35 50 3 59 22 43 57 32 43 11 2 26 47 58 46 46 22 20 23 24 32 13 28 3 36 7 2 46 54 18 31 46 12 21
52 56 31 40 8 11 24 45 25 9 6 18 23 4 48 14 39 12 38 59 12 40 32 55 33 27 13 5 48 16 40 12 57 38 27 33 53 55 53 16 12 1 60 57 14 1 6 49 15 53
2 15 45 15 7 54 49 52 18 35 30 2 37 31 42 12 38 21 42 28 16 30 37 56 11 50 7 59 16 49 30 48 52 45 26 32 44 17 42 30 30 60 40 39 20 23 54 44 24 55
55 5 1 34 4 8 45 25 43 25 30 17 21 29 20 36 3 19 8 31 52 52 26 27 27 24 38 32 43 17 18 47 18 43 17 1 3 57 46 4 43 34 53 19 14 3 48 46 51 1
54 46 1 38 26 22 43 15 18 58 12 17 30 35 47 54 12 58 17 28 56 41 36 50 38 59 34 38 13 20 45 24 42 18 39 39 33 30 19 23 1 48 2 22 2 15 20 43 41 58
54 31 42 42 5 9 31 39 1 40 30 52 11 27 30 56 27 57 19 59 5 54 44 5 26 36 9 2 48 10 11 3 36 16 55 43 41 47 40 33 56 24 3 49 3 8 25 25 7 24
52 7 12 42 58 18 51 43 28 33 41 24 40 35 45 52 40 43 21 15 2 26 11 22 60 5 16 53 40 58 17 45 26 20 31 12 43 22 56 53 4 25 17 47 16 23 22 54 6 45
57 44 40 46 30 31 21 21 24 57 44 44 26 34 25 58 20 22 17 16 13 17 21 48 14 27 23 24 55 45 21 58 42 39 32 5 12 48 14 36 6 29 19 54 49 31 26 1 52 52
48 1 10 9 32 16 36 19 41 60 40 27 18 9 24 23 9 34 45 32 49 21 34 32 28 13 60 4 35 50 48 40 31 53 50 41 5 24 13 40 26 43 35 21 47 46 31 15 21 32
16 42 25 35 3 13 1 7 53 59 28 26 22 16 57 22 29 1 54 16 39 57 38 33 20 52 11 14 60 23 10 12 48 18 40 43 44 9 29 20 25 11 18 47 49 22 34 55 40 33
34 48 9 1 58 56 54 17 32 4 12 22 23 47 24 28 5 3 46 38 58 53 12 1 20 48 42 60 34 48 29 42 50 19 32 12 33 54 59 48 55 49 15 47 54 1 8 44 26 57
9 27 9 53 13 12 5 55 48 28 33 3 47 2 13 37 48 16 47 5 23 59 51 41 56 12 45 44 53 51 32 2 17 15 3 5 46 28 32 27 5 23 43 20 26 47 57 30 41 31
45 14 17 56 41 41 23 14 58 15 43 58 17 60 47 48 55 32 31 12 40 9 48 4 59 17 18 15 2 10 46 53 45 17 16 27 55 14 25 57 34 39 7 11 34 44 57 28 10 25
39 30 18 55 17 17 56 60 59 10 17 42 13 26 3 53 41 55 42 26 60 21 40 44 15 49 37 39 19 35 47 12 4 39 43 20 25 32 54 25 24 43 32 33 16 16 57 24 31 33
4 50 42 33 9 56 39 25 34 18 36 46 34 51 18 45 46 31 27 55 54 46 42 29 15 53 51 27 49 46 16 19 11 47 36 15 57 57 40 6 25 57 36 60 49 27 16 55 16 53
60 39 21 43 40 24 19 60 50 12 12 53 7 4 49 50 8 34 58 1 4 2 46 31 12 24 29 26 2 35 2 14 56 21 42 23 20 8 7 57 3 8 23 51 52 17 36 27 32 23
40 46 60 34 6 28 26 60 28 12 9 10 37 15 50 47 60 54 19 13 34 36 6 40 8 11 36 18 27 46 57 23 58 54 45 53 1 55 13 10 20 51 44 44 14 19 18 22 6 22
29 41 40 10 12 56 13 1 60 13 58 21 5 59 48 40 8 26 39 18 37 30 54 24 33 18 26 23 13 38 38 36 28 49 43 42 50 3 18 13 13 39 8 56 40 15 13 20 24 58
17 24 16 20 15 58 29 12 34 34 17 55 22 11 30 5 55 12 37 36 54 24 38 18 14 43 21 28 49 13 29 18 24 20 11 5 23 31 10 26 1 28 5 50 28 16 10 43 58 41
18 60 57 40 26 2 5 26 2 41 31 24 57 57 9 19 49 28 51 54 45 52 1 27 57 21 4 24 18 58 27 8 19 15 19 30 23 27 13 37 36 30 24 3 28 19 30 55 11 38
50 51 41 20 58 19 36 23 42 53 2 19 14 50 21 57 36 10 60 54 46 5 55 9 2 14 47 38 37 52 28 52 26 12 28 47 31 1 13 2 33 21 4 19 5 46 29 20 56 24
24 16 33 14 33 20 59 45 50 4 1 8 5 6 24 30 32 22 1 27 49 28 40 18 15 31 22 51 55 18 40 8 36 40 41 3 35 22 10 50 56 11 22 31 36 20 13 31 18 1
49 7 47 1 52 52 23 60 8 17 56 36 42 55 8 56 57 48 14 58 17 21 22 18 23 11 51 46 53 18 50 23 27 41 32 56 36 31 25 41 26 7 58 60 12 54 40 39 58 38
59 8 2 42 43 48 39 19 24 45 24 12 45 54 35 4 37 18 57 1 36 29 41 8 60 19 47 22 14 18 6 27 58 36 41 31 52 36 1 51 20 32 11 16 45 31 12 23 33 43
25 28 59 46 19 14 18 19 51 29 10 44 9 24 7 14 54 24 15 58 17 24 26 49 8 36 60 11 14 40 39 36 43 49 50 29 21 25 49 33 23 19 40 46 6 18 1 21 50 40
28 47 58 30 17 2 33 9 19 5 45 9 4 36 23 1 25 31 51 30 27 11 12 54 3 1 27 9 60 42 23 49 2 30 40 30 23 43 38 3 17 48 32 28 3 12 23 31 52 31
28 9 47 12 6 17 6 36 10 13 11 7 47 44 14 53 26 40 38 30 14 40 51 30 14 22 35 38 45 47 35 31 37 2 57 19 14 3 59 32 46 23 28 12 7 31 4 24 20 25
58 9 12 38 37 28 45 57 4 20 53 38 58 41 58 12 50 16 55 36 41 12 52 24 59 43 3 49 46 12 3 44 9 30 59 43 15 26 41 7 22 60 27 23 51 37 4 28 24 12
43 48 15 10 25 17 9 47 36 55 9 12 17 19 49 36 49 24 14 11 47 35 52 5 55 3 37 54 27 4 49 9 5 8 13 37 60 20 10 21 7 25 31 13 16 50 19 50 9 54
43 44 18 51 20 17 26 23 60 31 44 55 45 27 57 32 45 7 37 54 10 52 25 2 3 13 5 7 25 48 45 50 36 29 17 17 8 44 19 35 41 18 27 23 39 48 26 6 35 12
52 35 4 12 47 52 28 50 9 17 17 43 32 50 45 40 48 35 42 51 33 28 6 22 25 12 35 4 21 8 28 46 28 31 28 45 33 45 39 1 9 54 16 47 49 60 10 14 23 42
10 22 25 55 3 57 1 14 12 19 1 6 41 11 17 40 51 45 47 47 54 25 31 40 59 28 40 22 13 5 46 22 35 40 21 15 34 22 48 48 24 40 23 9 28 37 1 15 53 50
49 58 7 57 38 53 60 46 19 5 49 45 1 28 49 31 37 52 43 21 60 51 4 7 17 16 36 20 49 36 4 15 25 24 36 1 3 52 25 51 33 15 58 18 52 1 25 21 38 58
23 6 45 3 15 51 24 55 47 21 21 19 48 13 9 12 30 33 34 40 43 25 60 26 51 29 3 45 19 46 5 37 39 30 34 14 52 1 19 22 39 24 6 55 12 35 38 42 59 30
50 9 42 20 16 37 58 25 48 25 4 11 20 25 15 51 26 11 45 25 25 16 50 52 42 49 53 37 1 38 56 13 47 42 47 41 51 6 29 43 43 54 5 12 8 10 51 57 35 18
36 52 37 57 33 36 8 33 37 52 55 20 25 25 33 21 50 31 5 60 30 42 55 34 48 38 59 4 52 21 50 10 27 38 13 48 60 47 20 23 19 12 57 6 49 29 13 17 23 9
36 20 46 47 26 37 32 14 50 5 45 3 20 57 11 39 26 40 13 30 49 39 17 5 36 42 7 13 25 33 43 3 28 60 8 49 21 42 40 3 21 49 8 43 50 1 39 49 11 36
59 38 16 5 41 49 36 59 57 33 56 49 25 28 14 14 38 42 57 2 19 53 47 34 33 33 51 54 60 48 16 10 44 58 45 42 39 43 2 16 8 53 31 19 39 45 25 2 31 50
35 53 8 1 13 55 60 29 46 4 17 13 13 13 26 33 38 3 17 40 50 57 6 4 23 21 42 7 1 34 45 5 38 52 52 28 56 58 21 27 58 2 42 37 12 9 3 45 15 34
36 21 18 27 5 38 3 25 56 7 53 11 52 15 50 6 14 53 29 8 34 10 29 54 40 16 9 36 14 21 13 15 56 58 23 51 18 34 45 1 59 30 38 48 59 25 25 28 50 4
26 59 5 4 56 35 3 36 23 9 47 17 60 43 36 36 19 50 49 56 40 39 53 38 45 31 48 24 18 5 6 35 46 19 7 25 2 5 51 3 43 24 20 59 55 59 19 20 35 46
24 8 39 21 13 26 35 8 56 57 11 6 50 39 37 20 13 47 18 25 54 14 34 47 8 19 19 33 53 6 5 7 1 59 13 52 2 56 20 38 34 14 12 9 30 57 49 34 55 16
50 32 25 55 11 1 48 32 2 24 14 51 32 28 58 10 40 51 17 34 5 1 45 29 49 49 40 18 11 52 21 1 34 42 36 30 38 52 19 15 57 36 33 40 30 31 12 2 28 25
21 27 24 5 31 44 25 20 19 59 43 28 43 30 21 35 41 33 60 45 22 59 14 49 51 56 3 46 46 12 45 29 18 30 20 41 29 50 29 25 23 38 4 30 21 47 36 20 14 23
54 20 9 51 8 3 50 41 19 38 22 2 33 21 46 39 2 8 40 8 59 25 8 40 33 54 42 26 7 60 34 55 59 2 23 27 34 42 6 24 23 6 37 52 24 28 40 44 6 50
54 32 35 45 25 59 12 53 42 18 54 57 9 11 21 22 49 32 1 22 43 48 4 46 47 47 56 60 28 2 40 50 48 38 25 14 54 22 48 39 23 60 44 45 21 17 9 53 11 56
18 47 50 60 23 17 17 37 28 4 24 47 44 51 16 48 59 34 23 36 19 29 32 35 46 31 6 17 13 11 49 20 12 49 42 29 39 43 17 51 43 45 46 6 54 1 58 24 17 44
17 48 51 32 58 24 52 54 53 51 15 53 15 12 20 60 10 27 53 30 39 24 25 21 51 42 37 52 4 13 50 58 25 31 18 18 38 38 10 26 4 24 30 41 58 33 45 37 8 7
53 36 41 21 36 47 33 55 8 51 24 36 23 30 51 17 58 31 56 10 15 53 24 49 43 8 52 33 26 26 7 21 39 19 6 19 17 31 34 36 23 16 37 36 10 11 46 24 4 37
44 21 21 34 15 35 3 47 50 42 55 47 27 28 3 50 57 24 40 19 21 58 19 16 15 50 32 49 26 14 12 52 39 13 33 31 34 51 19 60 6 52 13 40 11 17 15 29 20 7
39 25 2 60 42 32 40 27 39 6 3 16 43 1 20 8 45 51 34 39 37 41 19 2 18 22 60 27 27 8 49 46 22 35 56 25 35 43 56 42 58 42 44 32 47 44 57 8 44 1
19 43 17 51 4 20 4 17 45 19 39 21 40 8 40 53 48 11 46 37 40 43 30 31 9 59 6 22 11 25 38 6 60 5 43 8 44 50 28 24 54 10 3 36 34 12 26 5 38 18
36 10 42 1 41 50 30 38 40 43 10 54 48 24 57 13 24 31 31 41 24 47 22 58 3 11 10 35 32 39 47 8 36 10 36 31 60 24 36 60 30 47 59 51 50 8 49 60 24 47
47 21 19 15 32 30 47 6 22 15 49 14 46 9 17 20 46 54 4 18 23 12 1 59 57 35 59 46 15 23 59 41 8 45 37 60 28 19 47 9 11 34 52 50 47 52 25 41 9 11
59 20 39 47 56 2 56 14 44 30 34 38 29 6 10 33 7 31 49 24 51 33 4 59 56 29 7 4 9 11 53 23 34 49 51 1 49 1 40 44 13 55 23 35 43 6 53 42 52 8
10 9 60 15 34 2 20 52 10 5 39 28 26 32 47 38 32 17 6 25 38 40 43 19 50 33 16 51 19 57 20 4 34 15 56 34 8 11 54 5 30 51 24 41 7 59 22 12 37 40
28 21 2 34 13 10 21 8 47 2 36 27 3 44 43 22 4 39 53 52 56 60 28 2 3 20 56 35 56 16 26 52 59 19 43 19 5 54 14 9 15 34 58 36 50 57 12 59 46 56
26 50 17 5 50 5 55 24 16 57 43 15 41 41 57 2 29 27 53 43 46 35 8 37 55 25 4 6 20 38 8 56 3 3 40 31 49 41 59 39 18 27 57 24 51 21 52 21 53 19
25 47 54 41 39 35 5 46 25 45 54 27 8 57 30 50 52 37 17 2 17 36 21 49 52 23 6 18 50 55 47 49 7 12 24 20 5 39 12 36 42 52 27 52 46 53 37 45 37 14
18 36 44 29 11 52 32 57 4 57 52 2 42 60 30 18 8 15 5 40 2 2 3 39 14 25 28 29 12 47 20 44 35 41 35 49 12 5 49 11 14 47 32 5 38 2 58 33 56 41
6 55 11 12 14 58 16 59 32 15 36 22 13 19 45 54 44 2 56 40 51 58 30 10 1 29 30 17 29 9 24 16 3 15 3 44 48 6 30 31 56 52 26 15 49 40 15 44 11 42
10 16 7 20 14 7 33 43 6 51 52 54 1 45 49 57 27 60 11 16 3 25 36 33 27 53 33 29 8 13 55 16 22 25 51 26 34 29 25 60 55 45 27 31 5 29 18 5 51 22
18 29 3 42 13 24 12 42 3 30 58 43 6 56 9 58 52 9 24 22 32 54 4 31 5 44 24 38 2 49 7 58 10 51 31 27 54 46 8 1 6 26 43 46 56 6 54 51 60 49
6 23 24 4 60 34 2 60 54 41 42 25 45 17 53 14 43 8 29 52 26 46 15 25 7 46 50 45 18 34 22 39 39 47 17 21 54 51 32 5 51 45 46 34 25 53 2 31 24 56
49 1 26 37 57 27 24 1 49 29 26 35 19 31 12 52 55 38 49 48 54 30 14 18 42 35 2 14 59 52 10 53 18 43 43 59 14 27 46 59 28 1 9 49 2 24 14 46 58 10
9 18 60 38 12 42 45 34 5 34 6 47 57 16 4 37 19 14 33 8 44 59 6 5 42 38 55 31 3 25 39 9 6 49 26 43 58 4 37 60 58 46 16 42 57 16 45 52 19 40
48 9 42 34 33 7 37 4 11 46 8 5 22 12 34 13 38 49 2 51 10 34 2 33 28 36 48 42 18 49 50 18 24 11 36 31 59 1 54 40 5 18 48 37 49 23 22 43 21 29
53 48 11 40 60 12 56 10 57 10 18 59 33 46 40 12 15 21 7 9 28 45 38 56 6 46 18 28 43 11 38 38 19 50 18 23 43 14 38 45 31 18 30 55 12 6 53 51 14 4
31 23 21 41 45 19 47 55 4 48 35 42 49 21 8 16 20 54 37 58 13 40 7 15 34 31 37 36 49 59 55 27 6 41 21 43 3 8 32 48 13 23 11 8 52 55 1 10 44 46
10 11 58 54 56 27 23 55 31 2 9 50 21 60 24 49 33 43 51 41 11 10 8 43 13 13 28 58 22 25 15 7 54 2 13 9 27 42 45 57 31 41 49 37 16 36 41 49 4 33
2 60 48 6 3 35 44 56 56 45 22 33 19 33 21 2 50 56 43 51 42 33 40 1 56 60 52 49 10 38 4 23 32 25 2 55 55 5 23 7 7 25 26 2 15 26 24 33 18 15
36 31 19 48 30 15 8 15 14 25 26 27 48 7 26 11 2 49 13 41 54 32 36 36 1 31 27 39 19 14 29 23 9 50 4 48 26 22 22 3 10 44 51 32 59 3 48 26 49 11
